1	0	2
2	1	7
3	0	3
4	0	8
5	2	3
6	1	4
7	1	4
8	1	4
9	1	7
10	0	3
11	1	4
12	1	4
13	0	9
14	0	3
15	1	9
16	2	5
17	1	3
18	2	6
19	1	3
20	1	1
21	0	7
22	3	3
23	1	4
24	1	4
25	0	2
26	1	7
27	1	3
28	2	11
29	0	2
30	0	3
31	1	2
32	1	5
33	0	9
34	1	2
35	0	6
36	0	4
37	1	2
38	1	7
39	2	8
40	2	4
41	0	2
42	0	2
43	2	2
44	0	1
45	1	7
46	0	8
47	0	6
48	0	3
49	2	3
50	0	5
51	2	4
52	1	8
53	0	4
54	0	2
55	2	1
56	0	6
57	0	4
58	0	3
59	3	1
60	0	2
61	2	1
62	0	7
63	1	4
64	0	3
65	1	3
66	3	3
67	1	3
68	1	6
69	2	7
70	2	4
71	3	6
72	4	0
73	1	7
74	1	3
75	3	4
76	1	3
77	2	5
78	1	1
79	1	8
80	1	2
81	0	2
82	0	9
83	1	4
84	0	2
85	1	4
86	3	5
87	3	5
88	2	5
89	0	6
90	3	2
91	1	5
92	0	7
93	0	4
94	0	7
95	0	4
96	0	3
97	0	5
98	1	7
99	2	6
100	0	7
101	2	7
102	1	3
103	0	2
104	1	3
105	1	6
106	0	7
107	1	9
108	3	7
109	0	5
110	2	7
111	1	6
112	1	2
113	0	8
114	0	5
115	1	7
116	2	0
117	1	3
118	2	5
119	1	5
120	0	7
121	2	7
122	1	5
123	1	2
124	0	5
125	2	2
126	2	5
127	1	4
128	2	5
129	1	7
130	1	9
131	1	5
132	8	2
133	4	3
134	4	5
135	0	3
136	1	4
137	2	8
138	1	6
139	0	8
140	1	4
141	0	6
142	4	1
143	0	5
144	3	4
145	2	5
146	0	1
147	2	7
148	1	3
149	2	5
150	1	6
151	0	2
152	1	5
153	2	3
154	0	5
155	1	2
156	0	2
157	0	1
158	0	4
159	0	4
160	0	4
161	1	3
162	1	3
163	0	3
164	0	2
165	1	4
166	0	2
167	1	6
168	2	4
169	1	5
170	1	8
171	1	6
172	1	2
173	0	2
174	0	4
175	1	3
176	2	7
177	2	4
178	0	7
179	1	2
180	0	1
181	1	6
182	1	2
183	0	1
184	0	7
185	0	8
186	3	6
187	1	4
188	1	5
189	0	1
190	1	5
191	2	3
192	0	2
193	2	7
194	0	3
195	1	3
196	0	3
197	0	10
198	0	3
199	1	1
200	1	2
201	0	5
202	1	1
203	2	5
204	0	10
205	0	3
206	0	4
207	3	1
208	0	5
209	0	5
210	0	4
211	0	2
212	1	1
213	2	6
214	1	5
215	0	6
216	1	4
217	0	5
218	0	5
219	2	3
221	0	6
222	0	5
223	1	3
224	0	5
225	4	2
226	0	6
227	0	5
228	1	6
229	2	2
230	0	6
231	1	0
232	1	3
233	2	0
234	5	3
235	1	6
236	4	3
237	0	3
238	1	5
239	4	2
240	1	1
241	0	4
242	1	6
243	0	3
244	0	5
245	0	2
246	2	4
247	1	9
248	2	7
249	0	8
250	0	4
251	0	5
252	1	2
253	2	9
254	0	4
255	0	4
256	1	10
257	2	0
258	2	9
259	1	5
260	1	4
261	2	1
262	5	5
263	0	3
264	0	1
265	1	4
266	1	9
267	0	3
268	1	7
269	0	4
270	1	8
271	1	5
272	5	1
273	0	3
274	1	6
275	2	5
276	0	9
277	0	4
278	1	0
279	1	1
280	0	4
281	1	0
282	0	4
283	2	3
284	0	2
285	1	4
286	0	4
287	1	5
288	1	1
289	1	7
290	0	4
291	1	6
292	1	4
293	0	7
294	1	4
295	0	7
296	1	7
297	1	5
298	0	4
299	0	2
300	0	2
301	0	7
302	0	5
303	0	6
304	1	7
305	0	9
306	2	3
307	2	6
308	0	6
309	1	1
310	2	8
311	1	9
312	0	5
313	1	5
314	1	3
315	0	3
316	1	4
317	0	4
318	0	8
319	4	1
320	0	5
321	2	4
322	2	3
323	0	9
324	0	3
325	2	5
326	0	1
327	0	2
328	3	5
329	1	3
330	0	9
331	2	5
332	0	2
333	0	5
334	4	4
335	1	3
336	3	9
337	0	4
338	1	3
339	0	1
340	0	6
341	1	2
342	1	8
343	0	5
344	1	9
345	1	4
346	1	2
347	0	1
348	0	4
349	1	7
350	2	2
351	2	5
352	1	3
353	0	4
354	1	4
355	0	7
356	1	2
357	1	5
358	0	3
359	3	8
360	2	5
361	0	8
362	1	2
363	1	2
364	2	0
365	1	6
366	2	10
367	0	5
368	2	3
369	2	7
370	2	2
371	0	6
372	1	2
373	0	3
374	0	4
375	1	5
376	0	4
377	1	2
378	0	2
379	2	2
380	0	5
381	1	4
382	0	5
383	1	6
384	0	4
385	1	3
386	1	3
387	0	4
388	0	2
389	1	2
390	5	4
391	2	7
392	1	6
393	1	3
394	2	5
395	1	2
396	1	8
397	1	8
398	0	4
399	2	1
400	0	2
401	4	2
402	1	5
403	2	3
404	1	4
405	1	6
406	1	3
407	2	6
408	1	6
409	2	4
410	2	7
411	1	7
412	1	3
413	2	6
414	3	4
415	4	1
416	2	3
417	1	6
418	0	9
419	1	1
420	1	5
421	0	8
422	1	5
423	0	3
424	0	6
425	0	3
426	0	3
427	0	7
428	0	5
429	1	3
430	1	4
431	2	4
432	1	7
433	0	2
434	2	2
435	0	4
436	3	2
437	0	3
438	2	2
439	1	2
440	5	2
441	3	7
442	0	6
443	0	3
444	0	4
445	2	2
446	0	3
447	0	2
448	3	6
449	0	3
450	0	4
451	0	3
452	1	5
453	0	5
454	0	7
455	3	2
456	1	3
457	2	7
458	1	6
459	1	5
460	0	4
461	0	5
462	1	3
463	0	7
465	1	4
466	1	4
467	1	3
468	0	4
469	1	2
470	0	3
471	0	5
472	1	3
473	2	4
474	1	5
475	1	1
476	2	6
477	4	4
478	2	3
479	3	2
480	1	4
481	0	6
482	0	3
483	0	4
484	0	4
485	1	4
486	0	5
487	5	3
488	0	7
489	0	4
490	1	1
491	0	7
492	0	4
493	0	6
494	1	5
495	0	2
496	1	5
497	2	5
498	1	3
499	1	5
500	1	7
501	2	5
502	3	2
503	0	9
504	3	10
505	1	4
506	0	7
507	2	3
508	0	6
509	1	7
510	3	6
511	0	9
512	1	2
513	2	4
514	3	3
515	0	6
516	0	1
517	2	6
518	0	1
519	0	4
520	0	8
521	1	11
522	0	10
523	1	7
524	1	11
525	3	5
526	0	6
527	0	5
528	1	3
529	1	2
530	0	6
531	0	3
532	1	3
533	0	7
534	0	6
535	0	4
536	0	7
537	1	6
538	1	2
539	0	6
540	0	6
541	0	6
542	3	5
543	1	4
544	2	7
545	0	7
546	0	2
547	1	6
548	2	7
549	2	2
550	2	6
551	0	3
552	0	4
553	1	10
554	2	8
555	2	3
556	1	2
557	1	7
558	0	4
559	2	7
560	0	2
561	0	6
562	0	2
563	1	8
564	2	9
565	1	4
566	1	7
567	1	3
568	3	1
569	2	5
570	4	1
571	2	2
572	2	3
573	4	2
574	0	6
575	1	6
576	0	4
577	1	5
578	2	4
579	3	6
580	1	3
581	0	5
582	0	10
583	1	3
584	4	1
585	0	2
586	0	4
587	1	0
588	1	4
589	0	4
590	3	0
591	1	4
592	3	5
593	0	7
594	0	4
595	0	1
596	0	4
597	0	3
598	0	3
599	0	3
600	1	2
601	0	3
602	2	1
603	0	6
604	2	5
605	1	3
606	1	3
607	0	10
608	1	8
609	1	3
610	0	5
611	1	5
612	0	7
613	0	3
614	0	3
615	0	13
616	2	6
617	1	9
618	0	2
619	2	8
620	2	7
621	1	4
622	1	5
623	0	8
624	2	5
625	0	5
626	0	3
627	1	2
628	1	7
629	1	4
630	0	7
631	0	4
632	0	4
633	0	5
634	0	1
635	2	3
636	0	6
637	0	3
638	1	8
639	0	6
640	2	3
641	0	6
642	1	5
643	1	5
644	1	3
645	1	5
647	0	4
648	0	5
649	1	3
650	1	4
651	1	5
652	1	6
653	0	8
654	2	1
655	1	4
656	5	10
657	0	4
658	0	3
659	2	2
660	0	4
661	2	3
662	0	1
663	0	7
664	0	4
665	1	3
666	3	4
667	1	4
668	2	6
669	0	3
670	1	5
671	1	7
672	1	2
673	0	3
674	0	8
675	0	5
676	0	3
677	0	9
678	0	1
679	1	6
680	0	9
681	1	2
682	0	2
683	1	4
684	0	5
685	1	4
686	0	6
687	1	6
688	1	1
689	0	3
690	3	5
691	2	8
692	0	4
693	0	8
694	2	4
695	0	8
696	1	4
697	0	2
698	0	4
699	3	4
700	0	7
701	0	1
702	0	6
703	1	3
704	2	2
705	0	2
706	1	6
707	0	3
708	1	5
709	0	6
710	1	4
711	0	5
713	4	10
714	1	1
715	0	4
716	0	3
717	1	4
718	0	5
719	0	3
720	0	2
721	1	3
722	0	5
723	3	3
724	1	1
725	2	5
726	0	6
727	2	2
728	1	4
729	2	6
730	0	2
731	1	5
732	0	5
733	1	7
734	0	3
735	0	7
736	2	5
737	0	4
738	0	5
739	1	6
740	1	9
741	2	2
742	1	7
743	1	4
744	0	3
746	0	2
747	1	4
748	2	6
749	3	6
750	1	3
751	1	4
752	1	5
753	0	4
754	1	4
755	1	2
756	1	5
757	2	4
758	0	2
759	1	6
760	1	1
761	1	3
762	0	9
763	0	3
764	1	5
765	0	5
766	1	2
767	0	8
768	2	3
769	1	5
770	0	6
771	2	3
772	1	4
773	0	5
774	0	6
775	0	3
776	2	3
777	0	7
778	0	5
779	1	3
780	2	3
781	0	5
782	1	4
783	1	2
784	0	6
785	1	5
786	0	3
787	0	6
788	0	4
789	2	3
790	1	3
791	0	4
792	0	7
793	3	4
794	2	6
795	0	3
796	0	5
797	1	2
798	1	3
799	2	1
800	1	3
801	0	1
802	0	7
803	2	3
804	4	6
805	4	3
806	0	4
807	2	2
808	0	6
809	1	4
811	0	4
812	3	4
813	1	10
814	0	1
815	1	5
816	0	1
817	0	7
818	3	6
819	1	9
820	0	5
821	0	4
822	0	4
823	0	2
824	0	5
825	0	7
826	6	3
827	3	8
828	1	6
829	1	6
830	0	3
831	2	4
832	1	4
833	0	4
834	0	4
835	0	5
836	0	5
837	0	9
838	0	10
839	0	4
840	0	7
841	0	5
842	0	4
843	1	3
844	2	4
845	0	7
846	0	3
847	1	3
848	1	1
849	0	3
850	1	5
851	0	4
852	0	3
853	0	2
854	1	6
855	0	2
856	3	2
857	2	8
858	1	2
859	2	5
860	2	3
861	1	5
862	5	2
863	0	5
864	0	5
865	2	7
866	0	7
867	0	5
868	2	2
869	0	3
870	0	10
871	1	0
872	0	5
873	1	2
874	0	5
875	0	2
876	0	4
877	0	4
879	2	3
880	1	3
881	0	2
882	1	3
883	0	4
884	0	4
885	1	3
886	2	8
887	1	7
888	1	3
889	0	2
890	1	3
892	2	1
893	0	5
894	0	1
895	0	4
896	0	7
897	0	3
898	0	5
899	1	1
900	0	5
901	0	4
902	0	4
903	0	7
904	0	3
905	0	3
906	0	5
907	3	4
908	5	5
909	0	5
910	0	5
911	0	3
912	2	4
913	0	4
914	0	6
915	1	4
916	0	4
917	1	5
918	1	4
919	0	8
920	0	3
921	0	5
922	2	8
923	0	5
924	4	9
925	2	7
926	2	4
927	2	3
928	2	5
929	4	12
930	0	2
931	2	2
932	0	2
933	1	5
934	2	3
935	1	3
936	2	4
937	1	6
938	0	2
939	0	4
940	2	7
941	1	9
942	3	7
943	1	5
944	0	5
945	0	7
946	0	5
947	0	5
948	1	3
949	0	3
950	0	6
951	1	8
952	2	6
953	0	10
954	2	2
955	1	5
956	0	2
957	0	7
958	2	7
959	0	7
960	1	5
961	0	6
962	0	5
963	0	1
964	0	3
965	0	4
966	1	2
967	2	5
968	5	5
969	1	3
970	0	4
971	0	5
972	2	7
973	1	7
974	1	2
975	0	1
976	0	1
977	0	1
978	0	3
979	2	2
980	0	3
981	0	3
982	2	2
983	0	4
984	2	7
985	3	5
986	1	5
987	2	6
988	1	2
989	1	3
990	2	3
991	0	4
992	0	5
993	0	6
994	1	4
995	0	4
996	1	5
997	0	2
998	1	2
999	1	3
1000	0	6
1001	0	2
1002	0	6
1003	3	2
1004	0	7
1005	1	5
1006	1	5
1007	0	5
1008	0	3
1009	1	3
1010	0	4
1011	1	2
1012	0	9
1013	1	3
1014	1	5
1015	1	3
1016	0	5
1017	1	3
1018	0	2
1019	1	7
1020	1	4
1021	4	4
1022	1	5
1023	1	4
1024	0	5
1025	0	1
1026	0	8
1027	3	5
1028	2	6
1029	0	3
1030	0	5
1031	0	6
1032	1	1
1033	1	4
1034	1	4
1035	0	4
1036	1	3
1037	1	4
1038	0	1
1039	2	5
1040	0	6
1041	2	4
1042	0	2
1043	1	5
1044	1	3
1045	1	4
1046	1	4
1047	0	4
1048	0	4
1049	1	2
1050	0	1
1051	1	4
1052	0	4
1053	0	2
1054	1	3
1055	0	7
1056	2	3
1057	1	5
1058	0	4
1059	2	5
1060	1	4
1061	1	3
1062	1	8
1063	0	4
1064	2	6
1065	0	8
1066	0	5
1067	2	3
1068	1	7
1069	0	10
1070	0	3
1071	0	1
1072	2	7
1073	0	3
1074	0	2
1075	0	3
1076	1	7
1077	0	2
1078	3	5
1079	0	3
1080	1	6
1081	1	7
1082	0	5
1083	1	5
1084	0	3
1085	0	5
1086	1	5
1087	0	6
1088	0	6
1089	0	5
1090	0	5
1091	2	5
1092	1	3
1093	0	1
1094	1	4
1095	3	7
1096	1	3
1097	0	5
1098	0	4
1099	0	7
1100	0	2
1101	1	2
1102	2	2
1103	0	4
1104	1	4
1105	2	3
1106	0	1
1107	0	5
1108	0	6
1109	1	6
1110	1	4
1111	2	3
1112	0	4
1113	0	5
1114	2	4
1115	2	4
1116	2	5
1117	1	0
1118	0	1
1119	1	4
1120	1	1
1121	0	2
1123	0	2
1124	0	4
1125	1	5
1126	0	4
1127	1	2
1128	0	4
1129	1	5
1130	0	7
1131	1	10
1132	1	1
1133	0	3
1134	2	6
1135	0	3
1137	1	4
1138	2	8
1139	0	3
1140	0	4
1141	0	7
1142	0	2
1143	0	4
1144	1	5
1145	0	2
1146	2	2
1147	3	2
1148	1	2
1149	1	5
1150	0	6
1151	0	3
1152	0	3
1153	0	4
1154	0	5
1155	0	3
1156	0	6
1157	2	7
1158	4	4
1159	1	2
1160	1	1
1161	0	5
1162	1	4
1163	0	4
1164	0	4
1165	0	3
1166	1	4
1167	0	3
1168	0	2
1169	0	2
1170	0	4
1171	0	8
1172	1	3
1173	1	5
1174	0	4
1175	1	4
1176	0	3
1177	0	4
1178	3	7
1179	0	3
1180	0	13
1181	0	2
1182	1	2
1183	0	4
1184	0	5
1185	1	5
1186	0	5
1187	3	5
1188	0	5
1189	1	5
1190	1	5
1191	0	6
1192	3	2
1193	1	10
1194	1	4
1195	2	9
1196	0	3
1197	0	1
1198	0	4
1200	1	6
1201	0	10
1202	2	5
1203	0	3
1204	0	5
1205	1	7
1206	0	7
1207	1	6
1208	0	9
1209	2	5
1210	1	4
1211	1	7
1212	3	3
1213	0	4
1214	2	9
1215	2	6
1216	0	4
1217	0	4
1218	0	5
1219	0	4
1220	0	3
1221	0	1
1222	0	5
1223	0	5
1224	1	5
1225	2	4
1226	1	5
1227	0	12
1228	0	5
1229	1	1
1230	0	5
1231	3	4
1232	0	3
1233	0	6
1234	0	4
1235	2	6
1236	0	8
1237	0	2
1238	0	6
1239	1	3
1240	2	5
1241	0	2
1242	1	5
1243	1	5
1244	2	3
1245	2	4
1246	1	7
1247	0	2
1248	0	8
1249	1	2
1250	0	5
1251	1	5
1252	1	0
1253	1	6
1254	2	1
1255	1	3
1256	0	2
1257	2	2
1258	1	5
1259	1	2
1260	1	8
1261	2	5
1262	1	5
1263	0	6
1264	3	3
1265	3	6
1266	1	6
1267	1	2
1268	2	4
1269	0	1
1270	0	6
1271	0	4
1272	0	2
1273	0	7
1274	0	4
1275	1	5
1276	0	5
1277	0	5
1278	3	1
1279	0	6
1280	0	9
1281	2	2
1282	1	6
1283	0	9
1284	0	4
1285	0	7
1286	0	2
1287	0	7
1288	1	4
1289	0	2
1290	0	3
1291	0	2
1292	2	3
1293	2	2
1294	2	4
1295	2	3
1296	4	2
1297	5	4
1298	2	4
1299	1	7
1300	0	3
1301	0	3
1302	2	4
1303	1	3
1304	2	1
1305	0	4
1306	1	0
1307	1	5
1308	1	5
1309	3	3
1310	0	2
1311	1	5
1312	1	3
1313	0	4
1314	2	6
1315	1	7
1316	1	7
1317	1	3
1318	1	8
1319	0	5
1320	0	5
1321	0	2
1322	0	2
1323	0	5
1324	0	5
1325	0	5
1326	0	5
1327	0	2
1328	0	7
1329	1	6
1330	1	5
1331	2	6
1332	1	5
1333	0	6
1334	1	5
1335	1	6
1336	0	10
1337	1	3
1338	1	4
1339	1	0
1340	1	3
1341	1	5
1342	0	1
1343	0	2
1344	0	2
1345	0	4
1346	0	6
1347	3	2
1348	0	6
1349	2	1
1350	0	8
1351	1	5
1352	1	1
1353	0	6
1354	1	4
1355	0	3
1356	0	3
1357	1	4
1358	1	4
1359	0	1
1360	0	6
1361	1	6
1362	1	2
1363	1	3
1364	0	5
1365	0	1
1366	0	5
1367	1	1
1368	4	3
1369	1	0
1370	1	7
1371	2	1
1372	0	3
1373	0	3
1374	0	3
1375	1	2
1376	0	6
1377	1	4
1378	1	4
1379	0	3
1380	0	2
1381	1	4
1382	0	3
1383	1	2
1384	0	5
1385	2	5
1386	0	4
1387	0	1
1388	0	7
1389	0	1
1390	1	4
1391	1	3
1392	0	2
1393	1	7
1394	0	3
1395	1	3
1396	1	5
1397	0	4
1398	0	5
1399	0	8
1400	1	1
1401	0	1
1402	0	2
1403	1	4
1404	0	5
1405	0	6
1406	0	2
1407	3	4
1408	0	6
1409	1	7
1410	1	9
1411	0	3
1412	0	3
1413	1	4
1414	2	1
1415	0	3
1416	2	7
1417	0	7
1418	0	5
1419	1	0
1420	0	6
1421	0	5
1422	1	6
1423	0	5
1424	1	3
1425	1	7
1426	1	4
1427	0	1
1428	0	8
1429	1	3
1430	1	5
1431	0	3
1432	1	0
1433	2	3
1434	1	12
1435	2	4
1436	3	3
1437	1	1
1438	0	4
1439	4	1
1440	1	2
1441	1	0
1442	4	3
1443	1	1
1444	3	6
1445	3	5
1446	1	4
1447	0	4
1448	0	1
1449	0	3
1450	0	5
1451	1	4
1452	1	3
1453	0	3
1454	2	3
1455	1	5
1456	0	6
1457	0	2
1458	1	2
1459	1	3
1460	0	5
1461	0	4
1462	0	6
1463	1	5
1464	2	7
1465	1	2
1466	1	8
1467	1	2
1468	0	5
1469	1	7
1470	0	5
1471	0	6
1472	2	2
1473	1	1
1474	1	4
1475	1	5
1476	0	5
1477	0	9
1478	1	5
1479	2	3
1480	0	5
1481	0	1
1482	0	2
1483	2	6
1484	0	6
1485	2	4
1486	0	5
1487	2	3
1488	3	3
1489	2	3
1490	2	2
1491	4	3
1492	1	5
1493	2	3
1494	0	2
1495	1	1
1496	0	9
1497	0	1
1498	4	3
1499	2	4
1500	1	5
1501	0	3
1502	0	4
1503	1	3
1504	0	2
1505	3	6
1506	0	2
1507	2	0
1508	1	1
1509	0	5
1510	1	3
1511	1	3
1512	1	4
1513	0	6
1514	2	3
1515	0	5
1516	1	2
1517	0	4
1518	0	2
1519	1	5
1520	0	4
1521	0	9
1522	0	4
1523	2	7
1524	0	8
1525	0	3
1526	0	5
1527	0	5
1528	0	5
1529	1	4
1530	0	2
1531	0	4
1532	1	4
1533	0	6
1534	1	8
1535	0	2
1536	0	9
1537	0	2
1538	0	6
1539	1	2
1540	0	8
1541	1	3
1542	0	6
1543	0	5
1544	1	1
1545	0	5
1546	0	3
1547	5	3
1548	0	4
1549	0	3
1550	1	6
1551	0	5
1552	0	5
1553	0	8
1554	2	5
1555	1	2
1556	0	5
1557	0	2
1558	0	6
1559	1	9
1560	1	0
1561	1	0
1562	1	2
1563	0	7
1565	2	1
1566	0	5
1568	1	3
1569	0	1
1570	0	4
1571	1	4
1572	0	5
1573	0	5
1574	1	2
1575	1	3
1576	0	5
1577	2	4
1578	0	4
1579	1	5
1580	2	1
1581	0	5
1582	2	5
1583	1	3
1584	1	2
1585	0	6
1586	0	9
1587	3	3
1588	3	5
1589	0	2
1590	0	2
1591	1	7
1592	0	3
1593	0	4
1594	1	3
1595	1	4
1596	1	4
1597	0	9
1598	1	4
1599	0	2
1600	1	4
1601	3	1
1602	0	2
1603	1	6
1604	0	7
1605	1	4
1606	0	6
1608	1	4
1609	0	7
1610	1	3
1611	2	2
1612	0	3
1614	0	1
1615	1	3
1616	1	10
1617	0	6
1618	2	3
1619	2	8
1620	1	7
1621	1	7
1622	3	6
1623	2	5
1624	2	3
1625	2	3
1626	0	6
1627	0	7
1628	2	4
1629	2	6
1630	0	6
1631	0	6
1632	4	7
1633	1	4
1634	0	7
1635	1	1
1636	0	5
1637	1	6
1638	3	1
1639	1	12
1640	0	4
1641	0	7
1642	0	5
1643	1	4
1644	2	5
1646	0	9
1647	2	3
1648	1	4
1649	1	3
1650	0	5
1651	1	5
1652	0	3
1653	3	2
1654	1	2
1655	1	4
1656	0	7
1657	2	4
1658	1	4
1659	0	2
1660	1	3
1661	3	1
1662	0	1
1663	0	3
1664	1	7
1665	3	7
1666	0	2
1667	1	4
1668	1	5
1669	0	1
1670	3	5
1671	1	2
1672	2	5
1673	0	8
1674	1	0
1675	0	5
1676	0	3
1677	0	6
1678	0	3
1679	0	5
1680	0	4
1681	2	4
1682	1	4
1683	0	7
1684	2	1
1685	0	4
1686	0	2
1687	1	3
1688	1	4
1689	2	6
1690	0	6
1691	1	4
1692	1	1
1693	1	4
1694	0	1
1695	0	5
1696	1	5
1697	2	5
1698	1	3
1699	1	2
1700	1	4
1701	1	3
1702	1	4
1703	3	5
1704	1	6
1705	1	3
1706	2	2
1707	0	4
1708	0	4
1709	0	1
1710	2	2
1711	2	2
1712	1	3
1713	2	4
1714	0	1
1715	0	6
1716	0	4
1717	2	2
1718	0	4
1719	0	3
1720	0	3
1721	0	7
1722	1	3
1723	1	5
1724	1	6
1725	1	7
1726	4	5
1727	0	5
1728	3	7
1729	0	2
1730	0	6
1731	0	1
1732	2	4
1733	0	3
1734	0	4
1735	1	6
1736	1	2
1737	0	1
1738	1	0
1739	1	2
1740	0	5
1741	1	3
1742	0	4
1743	1	3
1744	0	3
1745	0	4
1746	0	4
1747	2	1
1748	1	6
1749	0	5
1751	2	6
1752	0	6
1753	1	5
1754	0	4
1755	1	5
1757	0	2
1758	0	3
1759	1	6
1761	1	4
1762	0	4
1763	0	7
1764	0	9
1765	1	6
1766	1	8
1767	0	1
1768	0	3
1769	0	2
1770	1	6
1771	0	2
1772	0	4
1773	0	6
1774	0	4
1775	0	7
1776	1	5
1777	1	1
1778	2	4
1779	1	3
1780	0	1
1781	0	4
1782	2	4
1783	0	1
1784	1	1
1785	0	6
1786	0	4
1787	2	4
1788	0	3
1789	0	2
1790	2	2
1791	0	3
1792	0	2
1793	0	4
1794	0	3
1795	0	5
1796	0	1
1797	1	3
1798	3	7
1799	0	2
1800	0	3
1801	1	4
1802	1	3
1803	0	3
1804	1	3
1805	1	1
1806	1	3
1807	1	0
1808	0	2
1809	1	4
1810	1	0
1811	0	3
1812	1	2
1814	0	6
1816	0	2
1817	0	4
1818	0	2
1819	0	4
1820	0	3
1821	0	7
1822	0	6
1823	1	6
1824	0	4
1825	0	2
1826	0	1
1827	1	4
1828	0	3
1829	1	2
1830	0	1
1831	0	4
1832	0	2
1833	1	5
1836	1	8
1837	0	5
1838	0	7
1839	1	2
1840	0	4
1841	1	3
1842	1	2
1843	2	1
1844	1	4
1845	0	4
1846	0	6
1847	0	5
1848	0	5
1849	1	3
1850	0	3
1851	1	8
1852	0	4
1853	0	9
1854	1	5
1855	0	3
1856	1	5
1857	0	6
1858	2	9
1859	1	5
1860	1	5
1861	0	10
1862	0	6
1863	1	6
1864	0	3
1865	1	8
1866	1	3
1867	0	2
1868	0	8
1869	1	2
1870	0	5
1871	1	9
1872	0	3
1873	2	6
1874	1	8
1875	2	7
1876	0	9
1877	1	4
1878	2	2
1879	1	9
1880	1	7
1881	2	4
1882	0	7
1883	0	5
1884	2	4
1885	0	5
1886	1	6
1887	1	10
1888	1	6
1889	1	5
1890	0	5
1891	3	2
1892	1	6
1893	1	0
1894	4	3
1895	0	6
1896	0	3
1897	0	1
1898	1	4
1899	0	5
1900	0	6
1901	1	9
1902	0	2
1903	0	8
1904	0	6
1905	0	5
1906	0	7
1907	0	5
1908	0	4
1909	1	4
1910	2	2
1911	1	3
1912	0	3
1913	0	4
1914	0	4
1915	2	5
1916	1	4
1917	0	3
1918	0	2
1919	3	2
1920	0	2
1921	0	5
1922	0	5
1923	2	6
1924	1	3
1925	0	3
1926	2	2
1927	1	6
1928	0	4
1929	1	3
1930	1	4
1931	0	5
1932	1	6
1933	0	3
1934	1	4
1935	0	4
1936	1	2
1937	0	5
1938	0	1
1939	0	5
1940	1	8
1941	4	3
1942	1	3
1943	2	4
1944	5	1
1945	3	4
1946	0	4
1947	1	4
1948	0	6
1949	0	3
1950	0	2
1951	2	4
1952	1	3
1953	0	4
1954	0	6
1955	2	9
1956	0	1
1957	0	6
1958	1	5
1959	2	8
1960	1	6
1961	1	3
1962	0	6
1963	0	4
1964	1	3
1965	1	4
1966	0	4
1967	1	3
1968	2	1
1969	2	4
1970	4	4
1971	3	5
1972	3	3
1973	2	0
1974	1	4
1975	0	7
1976	1	7
1977	1	13
1978	2	3
1979	0	7
1980	2	1
1981	4	5
1982	0	2
1983	0	4
1984	1	5
1985	0	2
1986	0	3
1987	0	4
1988	1	7
1989	0	4
1990	2	4
1991	0	4
1992	0	4
1993	0	9
1994	0	5
1995	2	5
1996	1	3
1997	0	4
1998	1	2
1999	2	7
2000	1	2
2001	0	8
2002	1	7
2003	0	4
2004	0	4
2005	0	5
2006	0	5
2007	0	2
2008	0	3
2009	0	3
2010	0	5
2011	1	7
2013	2	7
2014	1	8
2015	0	7
2016	0	2
2017	0	3
2018	1	7
2019	0	5
2020	0	12
2021	0	4
2022	1	6
2023	2	8
2024	6	6
2025	1	4
2026	2	3
2027	0	3
2028	4	3
2029	0	1
2030	0	4
2031	1	4
2032	0	2
2033	0	2
2034	3	2
2035	1	3
2036	1	4
2037	0	6
2038	0	5
2039	0	3
2040	0	4
2041	0	3
2042	0	3
2043	1	2
2044	1	3
2045	1	2
2046	1	5
2047	0	5
2048	0	6
2049	0	2
2050	0	4
2051	0	2
2052	0	5
2053	1	6
2054	1	2
2055	0	6
2056	0	1
2057	0	7
2058	3	2
2059	0	5
2060	0	3
2061	0	3
2062	0	3
2063	0	2
2064	2	2
2065	0	6
2066	1	3
2067	0	5
2068	0	4
2069	0	2
2070	0	2
2071	0	2
2072	0	4
2073	0	1
2074	0	8
2075	1	4
2076	0	3
2077	2	5
2078	0	3
2079	1	3
2080	1	2
2081	2	2
2082	0	2
2083	0	2
2084	0	5
2085	0	2
2086	1	2
2087	1	7
2088	3	4
2090	0	4
2091	4	2
2092	0	5
2093	0	2
2094	0	6
2095	1	4
2096	0	2
2097	0	3
2098	1	4
2099	0	5
2100	1	3
2101	2	4
2102	0	6
2103	1	3
2104	0	3
2105	0	3
2106	5	6
2107	0	2
2108	0	2
2109	0	10
2110	0	1
2111	0	2
2112	0	3
2113	0	5
2114	0	1
2115	0	4
2116	0	4
2117	1	3
2118	0	2
2119	0	5
2120	2	5
2121	1	4
2122	2	0
2123	0	3
2124	0	1
2125	0	3
2126	0	4
2127	0	4
2128	2	6
2129	1	5
2130	0	4
2131	0	2
2132	0	4
2133	0	3
2134	0	3
2135	1	1
2136	0	1
2137	1	2
2138	0	3
2139	0	4
2140	2	2
2141	0	5
2142	1	3
2143	1	1
2144	1	4
2145	0	1
2146	0	6
2147	1	3
2148	1	5
2149	0	6
2150	0	3
2151	1	9
2152	2	2
2153	0	4
2154	0	6
2155	0	1
2156	0	3
2157	1	2
2158	0	7
2159	0	3
2160	1	5
2161	0	3
2162	1	2
2163	1	7
2164	1	6
2165	0	2
2166	0	8
2167	0	4
2168	2	4
2169	0	7
2171	1	6
2172	0	2
2173	0	4
2174	2	3
2175	2	3
2176	1	4
2177	1	1
2178	0	4
2179	1	6
2180	1	5
2181	1	5
2182	0	7
2183	2	3
2184	1	2
2185	0	5
2186	0	3
2187	0	3
2188	0	7
2189	0	4
2190	0	7
2191	0	3
2192	0	3
2193	0	5
2194	0	4
2195	0	4
2196	0	8
2197	0	6
2198	0	1
2199	0	6
2200	1	6
2201	1	5
2202	0	4
2203	3	3
2204	2	3
2205	2	4
2206	1	7
2207	0	3
2208	1	5
2209	6	7
2210	0	3
2211	0	3
2212	0	1
2213	3	2
2214	0	4
2215	2	6
2216	0	3
2217	1	4
2218	0	4
2219	0	11
2220	0	7
2221	0	9
2222	2	5
2223	0	5
2224	0	7
2225	1	4
2226	2	5
2227	3	5
2228	3	5
2229	1	9
2230	0	4
2231	0	5
2232	2	7
2233	1	7
2234	0	10
2235	0	5
2236	0	5
2237	1	9
2238	0	2
2239	0	8
2240	1	5
2241	1	1
2242	0	8
2243	2	4
2244	1	5
2245	4	7
2246	1	4
2247	0	3
2248	2	6
2249	1	4
2250	0	4
2251	1	9
2252	1	3
2253	1	3
2254	1	5
2255	0	4
2256	1	8
2257	1	8
2258	2	2
2259	1	4
2261	0	2
2262	0	2
2263	0	7
2264	0	7
2265	1	8
2266	1	3
2267	0	4
2268	0	5
2269	1	2
2270	1	3
2271	0	3
2272	3	5
2273	2	5
2274	0	6
2275	2	2
2276	3	3
2277	2	3
2278	0	7
2279	0	7
2280	1	3
2281	0	8
2282	7	2
2283	3	0
2284	0	2
2285	0	3
2286	1	5
2287	0	5
2288	0	3
2289	1	5
2290	0	2
2291	0	3
2292	0	5
2293	0	3
2294	0	5
2295	0	5
2296	4	5
2297	1	2
2298	1	4
2299	1	2
2300	1	2
2301	0	7
2302	0	5
2303	0	4
2304	2	8
2305	0	4
2306	3	5
2307	0	6
2308	1	7
2309	0	3
2310	3	7
2311	1	4
2312	1	2
2313	0	5
2314	1	6
2315	0	2
2316	0	7
2317	0	2
2318	3	7
2319	2	3
2320	0	3
2321	0	4
2322	0	4
2323	0	5
2324	0	2
2325	0	5
2326	0	7
2327	0	4
2328	2	2
2329	0	3
2330	0	10
2331	0	4
2332	2	4
2333	0	5
2334	1	7
2335	0	4
2336	1	2
2337	1	2
2338	1	4
2339	0	2
2340	0	3
2341	2	10
2342	2	2
2343	1	7
2344	2	7
2345	3	8
2346	3	5
2347	1	3
2348	1	5
2349	2	8
2350	0	4
2351	0	6
2352	2	7
2353	0	5
2354	1	4
2355	0	7
2356	0	3
2357	2	1
2358	1	2
2359	0	3
2360	0	2
2361	0	2
2362	2	2
2363	0	4
2364	0	1
2365	2	8
2366	2	1
2367	0	2
2368	0	9
2369	1	10
2370	1	4
2371	0	3
2372	0	3
2373	0	4
2374	0	5
2375	0	6
2376	1	7
2377	1	7
2378	0	5
2379	2	5
2380	0	8
2381	1	5
2382	0	7
2383	0	5
2384	0	2
2385	0	4
2386	0	4
2387	0	2
2388	0	6
2389	3	1
2390	2	2
2391	4	5
2392	2	4
2393	3	4
2394	0	3
2395	0	8
2396	0	5
2397	0	3
2398	1	1
2399	2	5
2400	4	9
2401	0	4
2402	1	4
2403	1	1
2404	3	5
2405	0	5
2406	0	7
2407	0	5
2408	0	7
2409	0	2
2410	1	7
2411	1	2
2412	2	3
2413	1	3
2414	2	5
2415	0	2
2416	2	5
2417	4	5
2418	3	4
2419	4	0
2420	1	4
2421	0	3
2422	1	2
2423	0	5
2424	0	6
2425	0	4
2426	1	3
2427	0	5
2428	0	3
2429	2	4
2430	1	3
2431	1	10
2432	1	2
2433	0	6
2434	0	3
2435	0	8
2436	0	5
2437	1	2
2438	1	2
2439	0	6
2440	1	4
2441	2	5
2442	5	2
2443	1	2
2444	0	6
2445	1	0
2446	0	1
2447	3	7
2448	1	4
2449	1	6
2450	0	2
2451	1	6
2452	0	6
2453	1	2
2454	1	3
2455	1	2
2456	0	4
2457	0	4
2458	0	1
2459	0	1
2460	0	7
2461	1	5
2462	1	5
2463	1	5
2464	0	3
2465	2	6
2466	2	1
2467	2	3
2468	1	5
2469	0	8
2470	0	5
2471	0	3
2472	0	6
2473	1	2
2474	0	3
2475	1	3
2476	1	2
2477	1	5
2478	0	3
2479	1	1
2480	0	6
2481	0	8
2482	1	4
2483	0	5
2484	0	7
2485	1	4
2486	0	1
2487	0	1
2488	0	4
2489	0	4
2490	1	4
2491	0	4
2492	0	3
2493	3	1
2494	4	7
2495	1	2
2496	1	5
2497	3	11
2498	2	3
2499	2	0
2500	0	2
2501	3	9
2502	0	4
2503	0	5
2504	0	3
2505	2	2
2506	0	3
2507	0	1
2508	0	7
2509	0	2
2510	1	7
2511	0	5
2512	1	2
2513	1	5
2514	1	6
2515	0	2
2516	1	2
2517	3	4
2518	1	2
2519	2	3
2520	1	6
2521	1	1
2522	0	5
2523	0	2
2524	2	5
2525	0	1
2527	1	5
2528	2	1
2529	1	2
2530	1	4
2531	0	1
2532	0	4
2533	2	4
2534	2	3
2535	1	2
2536	1	5
2537	3	6
2538	0	2
2539	0	3
2540	4	1
2541	1	1
2542	0	4
2543	2	6
2544	3	4
2545	2	3
2546	0	1
2547	4	8
2548	2	2
2549	0	3
2550	1	5
2551	1	3
2552	1	6
2553	0	4
2554	1	2
2555	0	3
2556	3	3
2557	0	4
2558	0	4
2559	0	2
2560	0	4
2561	0	5
2562	1	2
2563	0	3
2564	1	3
2565	1	4
2566	2	5
2567	0	2
2568	1	3
2569	1	3
2570	1	7
2571	2	4
2572	0	4
2573	1	6
2574	0	4
2575	1	3
2576	2	5
2577	0	3
2578	1	4
2579	1	7
2580	2	4
2581	0	6
2582	1	4
2583	0	1
2584	0	3
2585	0	3
2586	0	2
2587	1	6
2588	1	4
2589	2	8
2590	0	3
2591	1	3
2592	0	5
2593	1	3
2594	2	6
2595	0	3
2596	1	4
2597	0	2
2598	0	1
2599	0	7
2600	0	3
2601	0	3
2602	0	4
2603	0	7
2604	0	4
2605	3	2
2606	1	4
2607	0	2
2608	1	2
2609	1	2
2610	0	3
2611	1	7
2612	1	2
2613	1	3
2614	0	7
2615	1	2
2616	2	5
2617	0	5
2618	1	1
2619	0	1
2620	1	3
2621	1	2
2622	2	6
2623	0	4
2624	2	2
2625	0	5
2626	1	5
2628	0	3
2629	1	2
2630	1	6
2631	1	4
2632	3	4
2633	0	4
2634	4	4
2635	1	4
2636	0	4
2637	1	8
2638	0	4
2639	4	3
2640	0	1
2641	1	5
2642	1	7
2644	0	5
2645	0	1
2646	1	6
2647	0	4
2648	0	3
2649	0	5
2650	1	2
2651	0	6
2652	0	4
2653	0	3
2654	0	4
2655	1	2
2656	1	2
2657	0	3
2658	0	4
2659	0	8
2660	1	0
2661	0	7
2662	1	1
2663	0	1
2664	3	2
2665	0	5
2666	0	5
2667	1	3
2668	0	5
2669	0	2
2670	0	5
2671	2	8
2672	1	5
2673	0	6
2674	0	4
2675	1	8
2676	1	4
2677	0	2
2678	1	4
2679	2	2
2680	1	7
2681	0	2
2682	0	7
2683	1	3
2684	1	4
2685	0	5
2686	1	6
2687	1	1
2688	3	6
2689	0	2
2690	1	3
2691	0	4
2692	1	3
2693	1	4
2694	1	3
2695	4	6
2696	1	4
2697	2	5
2698	0	3
2699	0	4
2700	3	8
2701	2	6
2702	1	5
2703	0	7
2704	0	6
2705	1	2
2706	0	7
2707	1	4
2708	1	6
2709	1	6
2710	1	6
2711	0	2
2712	0	5
2713	0	2
2714	1	4
2715	0	4
2716	0	3
2717	0	6
2718	0	5
2719	3	4
2720	1	3
2721	0	4
2722	0	2
2723	0	2
2724	0	6
2725	1	6
2726	1	3
2727	0	4
2728	0	6
2729	0	2
2730	0	3
2731	0	1
2732	1	8
2733	0	3
2734	1	4
2735	0	5
2736	0	5
2737	0	1
2738	0	5
2739	0	7
2740	1	4
2741	0	1
2742	2	3
2743	2	4
2744	2	5
2745	0	3
2746	3	12
2747	0	4
2748	1	2
2749	0	4
2750	1	1
2752	1	3
2753	1	3
2754	0	3
2755	0	4
2756	1	2
2757	1	4
2758	0	3
2759	0	4
2760	0	7
2761	2	6
2762	0	2
2763	0	3
2764	0	7
2765	1	3
2766	1	2
2767	1	2
2768	1	5
2769	0	2
2770	2	6
2771	0	3
2772	0	2
2773	2	1
2774	0	6
2775	0	4
2776	0	5
2777	0	2
2778	0	4
2779	1	6
2780	0	1
2781	1	1
2782	0	5
2783	3	4
2784	0	3
2785	0	5
2786	0	4
2787	0	3
2788	1	8
2789	1	5
2790	0	5
2791	1	4
2792	2	6
2793	1	2
2794	0	4
2795	2	1
2796	0	2
2797	1	3
2798	1	4
2799	0	5
2800	1	3
2801	1	7
2802	0	2
2803	1	4
2804	1	6
2805	3	5
2806	1	5
2807	0	1
2808	0	4
2809	1	3
2810	2	2
2811	0	1
2812	0	3
2813	0	4
2814	0	3
2815	0	4
2816	0	6
2817	2	2
2818	1	2
2819	2	3
2820	1	5
2821	2	5
2822	3	4
2823	3	2
2824	1	2
2825	2	2
2826	0	5
2827	2	1
2828	1	4
2829	1	6
2830	1	4
2831	1	9
2832	1	2
2833	0	2
2834	0	4
2835	0	7
2836	0	3
2837	2	4
2838	0	8
2839	0	3
2840	0	2
2841	2	3
2842	0	3
2843	0	7
2844	0	6
2845	1	4
2846	2	3
2847	1	4
2848	1	2
2849	0	4
2850	0	5
2851	1	5
2852	0	2
2853	3	4
2854	2	3
2855	0	3
2856	4	5
2857	0	1
2858	1	0
2859	1	4
2860	1	3
2861	1	2
2862	1	7
2863	0	1
2864	1	3
2865	0	2
2866	1	4
2867	0	3
2868	2	7
2869	4	3
2870	2	1
2871	1	0
2872	2	2
2873	0	5
2874	1	2
2875	1	4
2876	1	7
2877	0	6
2878	1	5
2879	2	5
2880	3	5
2881	1	5
2882	0	3
2883	0	3
2884	0	3
2885	1	5
2886	0	7
2887	0	4
2888	2	7
2889	3	6
2890	0	6
2891	0	3
2892	1	4
2893	1	5
2894	2	4
2895	0	1
2896	2	4
2897	0	2
2898	1	4
2899	0	1
2900	0	6
2901	0	5
2902	0	5
2903	0	3
2904	0	1
2905	0	2
2906	0	3
2907	1	7
2908	2	5
2909	1	4
2910	0	6
2911	1	1
2913	1	7
2914	0	5
2915	1	4
2916	2	6
2917	1	3
2918	0	1
2919	0	6
2920	1	3
2921	0	4
2922	0	1
2923	0	3
2924	0	3
2925	0	6
2926	2	1
2927	1	3
2928	0	11
2929	2	7
2930	0	5
2931	1	5
2932	1	6
2933	1	5
2934	0	2
2935	0	7
2936	0	7
2937	3	7
2938	0	11
2939	0	4
2940	1	4
2941	3	3
2942	0	3
2943	0	5
2944	1	6
2945	0	4
2946	0	5
2947	0	2
2948	0	2
2949	1	3
2950	2	3
2951	0	4
2952	0	4
2953	0	5
2954	1	7
2955	0	3
2956	0	4
2957	1	4
2958	0	10
2959	1	8
2960	2	1
2961	0	4
2962	0	4
2963	0	4
2964	0	3
2965	0	1
2966	0	3
2967	0	4
2968	0	2
2969	2	1
2970	1	6
2971	0	5
2972	1	2
2973	0	5
2974	0	5
2975	0	1
2976	0	3
2977	1	5
2978	0	6
2979	1	1
2980	0	4
2981	1	0
2982	1	6
2983	1	3
2984	3	6
2985	2	6
2986	0	5
2987	1	7
2988	2	6
2989	1	7
2990	0	5
2991	1	1
2992	0	3
2993	0	1
2994	0	1
2995	0	9
2996	0	6
2997	1	6
2998	1	3
2999	3	6
3000	2	1
3001	0	4
3002	1	1
3003	0	3
3004	0	1
3005	1	6
3006	0	5
3007	2	0
3008	0	2
3009	0	5
3010	1	3
3011	1	1
3012	1	0
3013	0	6
3014	1	2
3015	0	4
3016	0	4
3017	0	3
3018	1	5
3019	1	7
3020	1	7
3021	0	1
3022	1	4
3023	1	3
3024	0	7
3025	0	2
3026	0	5
3027	0	2
3028	0	5
3029	2	5
3030	0	2
3031	0	3
3032	0	3
3033	1	3
3034	0	3
3035	1	3
3036	0	5
3037	0	10
3038	0	5
3039	1	1
3040	0	4
3041	0	6
3042	0	3
3043	1	4
3044	0	4
3045	0	6
3046	2	5
3047	0	10
3048	0	6
3049	0	7
3050	0	5
3051	0	5
3052	0	5
3053	0	4
3054	0	14
3055	0	5
3056	2	5
3057	0	4
3058	1	7
3059	0	11
3060	0	2
3061	3	4
3062	3	0
3063	0	3
3064	0	2
3065	1	1
3066	1	3
3067	0	2
3068	4	2
3069	1	1
3070	0	4
3071	0	5
3072	1	7
3073	3	2
3074	1	8
3075	0	4
3076	0	1
3077	0	4
3078	0	3
3079	0	2
3080	1	3
3081	1	6
3082	1	4
3083	0	1
3084	0	9
3085	0	1
3086	1	4
3087	0	5
3088	1	7
3089	1	2
3090	1	7
3091	0	4
3092	0	6
3093	0	2
3094	0	4
3095	0	3
3096	1	6
3097	0	4
3098	1	4
3099	0	3
3100	1	4
3101	0	2
3102	1	5
3103	2	5
3104	3	2
3105	1	4
3107	0	2
3108	0	8
3109	1	2
3110	0	4
3111	1	2
3112	0	7
3113	2	6
3114	2	2
3115	1	2
3116	0	3
3117	3	2
3118	1	6
3119	3	4
3120	0	4
3121	0	9
3122	0	3
3123	0	4
3124	0	4
3125	2	4
3126	0	5
3127	0	6
3128	0	5
3129	1	3
3130	0	4
3131	0	5
3132	0	4
3133	0	2
3134	2	6
3135	0	2
3136	0	6
3137	1	7
3138	1	3
3139	1	5
3140	1	4
3141	0	2
3142	1	4
3143	1	3
3144	0	5
3145	0	2
3146	2	2
3147	2	6
3148	2	2
3150	0	6
3151	1	6
3152	1	2
3153	0	5
3154	1	4
3155	0	2
3156	0	5
3157	0	3
3158	0	5
3159	0	3
3160	0	3
3161	1	3
3162	0	7
3163	0	7
3164	0	4
3165	1	5
3166	1	4
3167	0	6
3168	2	1
3169	1	5
3170	0	3
3171	0	3
3172	0	3
3174	0	1
3175	0	3
3176	0	5
3177	0	2
3178	1	2
3179	0	7
3181	1	6
3182	1	4
3183	1	2
3184	1	3
3185	1	1
3186	0	2
3187	0	3
3188	1	2
3189	2	3
3190	0	1
3191	0	4
3192	0	4
3193	0	7
3194	2	3
3195	1	4
3196	0	6
3197	1	4
3198	1	3
3199	1	3
3200	0	5
3201	0	7
3202	3	3
3203	1	4
3204	1	1
3205	1	3
3206	1	5
3207	1	2
3208	1	9
3209	1	4
3210	0	4
3211	1	7
3212	2	1
3213	0	6
3214	0	5
3215	3	3
3216	2	3
3217	0	1
3218	1	6
3219	0	4
3220	1	2
3221	0	6
3222	1	9
3223	1	4
3224	1	4
3225	0	2
3226	0	14
3227	1	3
3228	2	5
3229	0	8
3230	1	5
3231	1	4
3232	1	6
3233	0	5
3234	2	4
3235	1	4
3236	1	2
3237	1	8
3238	0	8
3239	1	3
3240	2	7
3241	1	0
3242	2	5
3243	2	5
3244	0	6
3245	2	4
3246	0	6
3247	0	3
3248	2	8
3249	1	6
3251	0	2
3252	1	5
3253	1	1
3254	0	5
3255	2	3
3256	0	7
3257	0	3
3258	2	2
3259	1	1
3260	0	4
3261	1	2
3263	0	5
3264	1	3
3265	0	6
3266	1	4
3267	0	4
3268	1	2
3269	2	4
3270	2	1
3271	0	3
3272	0	3
3273	0	3
3274	0	2
3275	0	6
3276	0	5
3277	0	1
3278	0	4
3279	1	6
3280	0	2
3281	1	1
3282	2	6
3283	0	5
3284	0	3
3285	1	8
3286	0	4
3287	1	2
3288	1	5
3289	1	4
3290	1	0
3291	1	1
3292	0	4
3293	1	5
3294	1	7
3295	0	6
3297	1	6
3298	0	6
3299	0	3
3300	1	2
3301	2	5
3302	0	2
3303	1	0
3304	0	1
3305	0	3
3306	2	2
3307	1	1
3308	2	4
3309	0	2
3310	0	6
3311	3	3
3312	1	5
3313	2	5
3314	0	4
3315	0	4
3316	0	3
3317	0	6
3318	0	4
3319	1	6
3320	2	5
3321	2	7
3322	2	4
3323	0	5
3324	0	5
3325	0	7
3326	1	3
3327	0	4
3328	1	7
3329	1	3
3330	1	2
3331	0	5
3332	0	9
3333	2	6
3334	2	3
3335	0	5
3336	2	6
3337	1	4
3338	1	2
3339	1	3
3340	1	3
3341	2	3
3342	1	1
3343	0	3
3344	2	4
3345	0	2
3346	1	1
3347	0	5
3348	2	4
3349	0	7
3350	1	2
3351	0	8
3352	1	2
3353	0	7
3354	1	2
3355	2	4
3356	0	7
3357	2	5
3358	0	4
3359	0	7
3360	0	7
3361	0	3
3362	0	3
3363	1	2
3364	0	2
3365	0	4
3366	0	1
3367	1	2
3368	4	3
3369	0	1
3370	0	4
3371	0	6
3372	1	4
3373	1	2
3374	0	7
3375	0	4
3376	2	5
3377	0	3
3378	0	3
3379	0	3
3380	0	2
3381	1	3
3382	3	4
3383	2	4
3384	3	3
3385	3	1
3386	5	3
3387	4	1
3388	1	3
3389	1	7
3390	0	4
3391	0	2
3392	4	2
3393	3	2
3394	0	5
3395	2	1
3396	2	2
3397	2	2
3398	3	4
3399	0	3
3400	0	3
3401	1	4
3402	0	4
3403	2	2
3404	1	3
3405	0	3
3406	1	4
3408	0	7
3409	2	6
3410	1	1
3411	1	4
3412	1	5
3413	1	8
3414	1	6
3415	1	6
3416	0	3
3417	0	7
3418	0	1
3419	1	3
3420	0	4
3421	1	2
3422	1	2
3423	3	3
3424	0	4
3425	1	4
3426	0	4
3427	0	5
3428	2	4
3429	0	3
3430	1	6
3431	1	3
3432	2	3
3433	4	0
3434	5	2
3435	4	5
3436	0	3
3438	0	6
3439	4	0
3440	0	1
3441	1	4
3442	1	5
3443	0	4
3444	0	3
3445	0	3
3446	2	2
3447	0	2
3448	2	4
3449	3	0
3450	1	6
3451	0	6
3452	0	4
3453	1	1
3454	1	2
3455	0	4
3456	1	4
3457	0	5
3458	1	1
3459	0	3
3460	0	3
3461	1	6
3462	2	2
3463	1	4
3464	1	7
3465	1	3
3466	2	2
3467	0	2
3468	0	3
3469	0	1
3470	0	3
3471	1	2
3472	2	5
3474	0	6
3475	1	7
3476	0	3
3477	1	2
3478	1	2
3479	0	6
3480	0	4
3481	0	4
3482	0	8
3483	1	5
3484	0	3
3485	0	4
3486	0	5
3487	1	2
3488	0	5
3489	1	2
3490	0	6
3491	0	7
3492	0	2
3493	0	2
3494	0	6
3495	0	2
3496	1	1
3497	1	7
3498	0	8
3499	2	1
3500	0	3
3501	1	5
3502	1	7
3503	1	4
3504	0	3
3505	0	1
3506	0	4
3507	0	1
3508	0	3
3509	0	2
3510	0	1
3511	5	2
3512	1	2
3513	1	3
3514	2	4
3515	1	7
3516	3	4
3517	1	5
3518	2	2
3519	0	2
3520	0	3
3521	1	3
3522	0	3
3523	1	2
3524	0	6
3525	0	7
3526	1	3
3527	2	4
3528	0	5
3529	1	6
3530	0	4
3531	0	4
3532	1	1
3533	1	1
3534	0	4
3535	0	4
3536	2	2
3537	0	5
3538	0	4
3539	1	3
3540	0	1
3541	1	3
3543	0	2
3544	0	4
3545	1	4
3546	0	5
3547	0	3
3548	1	7
3549	0	6
3550	1	4
3551	1	3
3552	0	5
3553	0	4
3554	0	3
3555	1	3
3556	0	3
3557	1	6
3558	1	1
3559	0	1
3560	1	4
3561	0	1
3562	1	4
3563	1	2
3564	1	4
3565	0	6
3566	1	3
3567	0	4
3568	0	4
3569	1	4
3570	1	4
3571	0	5
3572	0	1
3573	0	1
3574	0	5
3575	1	5
3576	0	2
3577	0	5
3578	0	2
3579	1	5
3580	3	4
3581	1	4
3582	1	3
3583	0	7
3584	0	4
3585	1	2
3586	1	5
3587	1	1
3588	0	4
3589	0	4
3590	0	5
3591	1	6
3592	1	5
3593	2	2
3594	1	6
3595	0	1
3596	0	5
3597	1	2
3598	0	5
3599	2	1
3600	0	4
3601	2	3
3602	6	5
3603	1	6
3604	1	6
3605	1	3
3606	0	3
3607	0	6
3608	0	3
3609	0	2
3610	1	9
3611	1	4
3612	7	3
3613	2	3
3614	0	3
3615	3	2
3616	0	4
3617	0	2
3618	0	3
3619	0	5
3620	1	3
3621	0	4
3622	0	4
3623	0	4
3624	1	4
3625	0	6
3626	0	4
3627	1	1
3628	1	2
3629	0	4
3630	0	6
3631	1	4
3632	0	6
3633	0	2
3634	0	4
3635	0	7
3636	1	6
3637	1	6
3638	2	2
3639	3	1
3640	1	3
3641	1	6
3642	1	4
3643	0	1
3644	0	5
3645	1	2
3646	0	9
3647	0	4
3648	1	5
3649	0	1
3650	0	5
3651	0	2
3652	0	4
3653	1	2
3654	0	4
3655	0	6
3656	0	9
3657	1	7
3658	0	4
3659	1	2
3660	1	2
3661	1	7
3662	0	5
3663	0	1
3664	0	6
3665	0	1
3666	0	6
3667	0	3
3668	1	5
3669	0	5
3670	0	3
3671	4	6
3672	1	4
3673	1	5
3674	0	2
3675	0	2
3676	1	5
3677	0	3
3678	1	6
3679	2	1
3680	1	1
3681	0	5
3682	1	5
3683	0	2
3684	4	4
3685	1	5
3686	1	7
3687	0	6
3688	0	5
3689	0	4
3690	1	4
3691	1	3
3692	0	3
3693	1	6
3694	0	4
3696	0	3
3697	0	2
3698	2	6
3699	1	2
3700	0	2
3701	0	9
3702	2	4
3703	2	3
3704	0	2
3705	0	6
3706	1	6
3707	3	6
3708	2	2
3709	1	0
3710	1	6
3711	4	1
3712	1	4
3713	0	3
3714	2	5
3715	1	8
3716	2	3
3717	1	6
3718	1	6
3719	0	3
3720	1	4
3721	0	2
3722	0	2
3723	1	5
3724	6	6
3725	2	2
3726	0	4
3727	1	2
3728	3	4
3729	0	8
3730	2	6
3731	0	3
3732	1	5
3733	1	4
3734	0	2
3735	0	2
3736	2	1
3737	4	4
3738	2	2
3739	0	3
3740	0	2
3741	3	4
3742	1	5
3743	1	3
3744	1	4
3745	1	3
3746	1	2
3747	0	3
3748	1	2
3749	0	4
3750	0	7
3751	0	6
3752	1	4
3753	0	1
3754	1	2
3755	3	4
3756	0	2
3757	1	4
3758	1	2
3759	0	1
3760	2	4
3761	2	3
3762	1	3
3763	1	3
3764	0	1
3765	2	7
3766	0	3
3767	1	9
3768	0	4
3769	0	2
3770	0	4
3771	2	7
3772	1	2
3773	1	2
3774	0	5
3775	0	3
3776	0	2
3777	0	3
3778	0	5
3779	0	5
3780	0	6
3781	2	6
3782	0	2
3783	1	2
3784	1	6
3785	2	4
3786	1	7
3787	0	3
3788	1	3
3789	1	3
3790	0	2
3791	1	1
3792	0	2
3793	0	5
3794	1	6
3795	1	5
3796	1	5
3797	3	7
3798	2	4
3799	1	3
3800	2	5
3801	0	3
3802	0	3
3803	1	3
3804	2	7
3805	0	7
3806	0	4
3807	2	3
3808	1	2
3809	2	3
3810	0	5
3811	0	6
3812	0	2
3813	0	3
3814	0	1
3815	0	7
3816	1	3
3817	0	3
3818	0	2
3819	0	3
3820	0	1
3821	1	4
3823	0	4
3824	3	3
3825	1	2
3826	0	9
3827	0	5
3828	0	4
3829	0	7
3830	1	1
3831	2	2
3832	1	5
3833	0	2
3834	0	7
3835	0	8
3836	0	5
3837	3	6
3838	0	5
3839	1	5
3840	0	4
3841	0	2
3842	0	6
3843	0	3
3844	1	4
3845	1	4
3846	1	2
3847	2	3
3848	2	4
3849	0	7
3850	1	4
3851	0	3
3852	0	4
3853	1	1
3854	1	3
3855	2	4
3856	3	2
3857	0	5
3858	1	1
3859	0	3
3860	1	7
3861	4	6
3862	0	1
3863	0	2
3864	1	7
3865	0	3
3866	0	8
3867	1	3
3868	1	0
3869	2	2
3870	2	5
3871	0	4
3872	0	3
3873	1	0
3874	0	6
3875	0	3
3876	2	11
3877	0	4
3878	0	2
3879	2	5
3880	0	6
3881	1	2
3882	0	3
3883	0	3
3884	0	2
3886	0	4
3887	1	3
3888	0	3
3889	0	4
3890	0	4
3891	0	3
3892	2	3
3893	2	5
3894	0	7
3895	0	5
3896	0	4
3897	0	8
3898	1	2
3899	0	2
3900	0	9
3901	1	7
3902	0	2
3903	1	3
3904	0	3
3905	1	8
3906	0	6
3907	0	3
3908	0	8
3909	0	3
3910	1	3
3911	1	8
3912	0	3
3913	1	4
3914	1	4
3915	0	5
3916	2	1
3917	1	5
3918	2	4
3919	0	7
3920	0	4
3921	0	5
3922	1	2
3923	4	4
3924	0	4
3925	2	8
3926	1	6
3927	0	4
3928	0	3
3929	0	5
3930	2	3
3931	0	7
3932	2	7
3933	3	7
3934	0	10
3935	1	8
3936	0	2
3937	0	3
3938	1	5
3939	3	3
3940	2	5
3941	0	5
3942	1	5
3943	2	8
3944	0	2
3945	1	11
3946	0	2
3947	0	1
3948	1	1
3949	0	1
3950	1	8
3952	0	4
3953	0	4
3954	4	3
3955	2	5
3956	1	4
3957	0	3
3958	1	4
3959	4	4
3960	0	7
3961	1	4
3962	1	11
3963	2	6
3964	2	3
3965	0	5
3966	1	5
3967	1	7
3968	0	7
3969	2	4
3970	0	4
3971	0	3
3972	4	6
3973	0	2
3974	0	4
3975	0	3
3976	0	4
3977	1	2
3978	0	4
3979	2	8
3980	1	2
3981	1	4
3982	0	3
3983	2	4
3984	1	4
3985	2	7
3986	0	1
3987	0	2
3989	0	5
3990	3	3
3991	2	3
3992	2	0
3993	1	4
3994	0	4
3995	0	3
3996	1	3
3997	0	5
3998	1	4
3999	0	4
4000	0	4
4001	0	4
4002	1	1
4003	1	4
4004	0	6
4005	0	8
4006	0	6
4007	0	3
4008	2	1
4009	1	6
4010	1	5
4011	1	7
4012	4	5
4013	2	6
4014	0	7
4015	0	3
4016	0	6
4017	2	2
4018	0	7
4019	0	3
4020	0	3
4021	1	3
4022	1	8
4023	1	4
4024	1	8
4025	1	2
4026	1	4
4027	1	4
4028	1	3
4029	1	7
4030	0	1
4031	0	4
4032	0	2
4033	3	6
4034	1	5
4035	2	4
4036	0	5
4037	1	5
4038	2	5
4039	1	5
4040	2	6
4041	0	4
4042	1	4
4043	2	6
4044	4	4
4045	1	4
4046	0	1
4047	0	3
4048	0	4
4049	1	8
4050	0	2
4051	0	3
4052	1	6
4053	0	3
4054	0	7
4055	1	1
4056	3	3
4057	0	4
4058	0	2
4059	1	3
4060	3	2
4061	1	6
4062	1	6
4063	0	3
4064	2	2
4065	0	5
4066	0	5
4067	0	3
4068	0	4
4069	1	7
4070	0	3
4071	1	3
4072	1	6
4073	1	4
4074	0	7
4075	1	2
4076	3	6
4077	4	6
4078	0	5
4079	1	2
4080	0	5
4081	1	2
4082	0	3
4083	0	3
4084	0	4
4085	1	3
4086	1	3
4087	0	3
4088	0	5
4089	0	3
4090	0	5
4091	0	8
4092	0	3
4093	1	6
4094	0	8
4095	3	2
4096	2	5
4097	0	3
4098	0	4
4099	0	6
4100	0	6
4101	0	4
4102	0	4
4103	1	2
4104	0	2
4105	1	4
4106	2	5
4107	2	1
4108	0	4
4109	0	3
4110	1	8
4111	0	4
4112	0	3
4113	0	1
4114	1	2
4115	1	4
4116	1	4
4117	1	4
4118	1	8
4119	1	1
4120	1	9
4121	1	4
4122	2	4
4123	0	4
4124	1	3
4125	1	4
4126	1	7
4127	0	1
4128	1	2
4129	1	5
4130	2	5
4131	0	2
4132	0	8
4133	0	1
4134	0	4
4135	0	1
4136	0	1
4137	0	2
4138	1	8
4139	0	2
4140	0	2
4141	1	5
4142	0	6
4143	0	5
4144	1	2
4145	0	5
4146	1	5
4147	0	1
4148	0	5
4149	2	7
4150	1	5
4151	1	1
4152	0	6
4153	1	1
4154	0	9
4155	0	5
4156	0	5
4157	1	7
4158	0	4
4159	0	4
4160	1	1
4161	0	7
4162	2	4
4163	0	1
4164	1	5
4165	3	3
4166	1	7
4167	2	2
4168	2	3
4169	1	3
4170	0	3
4171	0	6
4172	0	4
4173	0	4
4174	0	7
4175	0	3
4176	0	7
4177	1	5
4178	1	5
4179	0	5
4180	0	5
4181	0	5
4182	0	2
4183	0	2
4184	1	7
4185	0	4
4186	0	9
4187	0	2
4188	0	3
4189	1	3
4190	0	5
4191	0	12
4192	0	4
4193	0	9
4194	0	5
4195	0	3
4196	2	11
4197	1	5
4198	2	2
4199	0	3
4200	3	2
4201	3	2
4202	3	4
4203	0	4
4204	0	7
4205	2	7
4206	2	2
4207	0	2
4208	0	2
4209	2	5
4210	2	7
4211	0	11
4212	2	4
4213	2	2
4214	0	3
4215	1	1
4216	2	3
4217	1	6
4218	0	4
4219	3	5
4220	1	4
4221	0	6
4222	0	2
4223	0	3
4224	0	5
4225	0	5
4226	1	3
4227	1	3
4228	1	7
4229	1	2
4230	1	3
4231	0	4
4232	0	5
4234	0	2
4235	1	5
4236	0	5
4237	0	5
4238	0	2
4239	0	2
4240	2	5
4241	0	8
4242	2	7
4243	2	2
4244	0	7
4245	2	1
4246	0	3
4247	0	6
4248	0	3
4249	0	6
4250	1	3
4251	0	3
4252	2	3
4253	0	4
4254	1	3
4255	1	4
4256	0	4
4257	0	10
4258	2	4
4259	0	6
4260	1	3
4261	4	7
4262	0	4
4263	1	8
4264	0	1
4265	0	6
4266	0	1
4267	0	6
4268	1	1
4269	1	2
4270	1	5
4271	0	4
4272	1	13
4273	0	8
4274	1	4
4275	1	3
4276	0	4
4277	1	4
4278	0	1
4279	0	7
4280	3	4
4281	0	7
4282	1	6
4283	0	5
4284	0	7
4285	1	4
4286	1	3
4287	0	2
4288	1	6
4289	1	3
4290	1	6
4291	0	5
4292	0	3
4293	0	4
4294	0	2
4295	1	3
4296	0	5
4297	1	6
4298	2	2
4299	2	5
4300	1	4
4301	1	6
4302	0	4
4303	0	3
4304	2	6
4305	0	4
4306	2	3
4307	1	8
4308	1	8
4309	1	3
4310	2	5
4311	2	3
4312	3	3
4313	0	2
4314	3	5
4315	1	4
4316	1	3
4317	1	5
4318	0	1
4319	1	4
4320	1	5
4321	0	4
4322	1	1
4323	1	4
4324	0	5
4325	0	3
4326	3	3
4327	1	5
4328	2	5
4329	2	3
4330	0	6
4331	0	3
4332	1	3
4333	0	5
4334	1	9
4335	1	4
4336	1	6
4337	1	7
4338	1	1
4339	0	8
4340	0	4
4341	0	5
4342	1	3
4343	3	3
4344	2	10
4345	0	5
4346	0	2
4347	0	2
4348	0	5
4349	0	6
4350	0	8
4351	0	7
4352	0	8
4353	0	6
4354	1	4
4355	1	1
4356	2	8
4357	0	4
4358	0	5
4359	1	1
4360	2	9
4361	0	1
4362	0	3
4363	0	1
4364	1	7
4365	0	4
4366	0	2
4367	1	1
4368	1	1
4369	0	2
4370	2	4
4371	0	3
4372	0	3
4373	1	8
4374	3	3
4375	2	3
4376	0	3
4377	0	8
4378	1	3
4381	0	4
4382	2	5
4383	0	5
4384	0	4
4385	4	4
4386	1	3
4387	1	4
4388	0	5
4389	1	2
4390	0	8
4391	1	4
4392	1	5
4393	0	4
4394	4	3
4395	1	1
4396	1	5
4397	0	5
4398	0	4
4399	1	6
4400	0	2
4401	1	3
4402	0	5
4403	1	4
4404	1	5
4405	0	2
4406	4	1
4407	0	1
4408	0	6
4409	2	6
4410	0	6
4411	0	1
4412	2	1
4413	0	4
4414	1	6
4415	0	3
4416	0	4
4417	0	2
4418	0	3
4419	3	5
4420	3	5
4421	0	6
4422	1	4
4423	0	4
4424	2	3
4425	0	6
4426	4	6
4427	1	5
4428	0	4
4429	0	4
4430	0	3
4431	0	5
4432	3	2
4433	0	4
4434	0	7
4435	1	2
4436	0	5
4437	1	4
4438	3	3
4439	1	4
4440	0	4
4441	0	2
4442	0	3
4443	1	5
4444	2	1
4445	0	4
4446	2	8
4447	1	11
4448	1	13
4449	0	9
4450	1	3
4451	0	3
4452	0	3
4453	2	7
4454	1	6
4455	2	1
4456	1	14
4457	0	1
4458	0	2
4459	2	2
4460	0	1
4461	2	4
4462	0	3
4463	0	8
4464	0	5
4465	0	3
4466	0	5
4467	0	2
4468	0	5
4469	0	2
4470	0	4
4471	1	5
4472	1	3
4473	3	4
4474	0	4
4475	0	9
4476	1	6
4477	1	2
4478	4	4
4479	0	2
4480	0	6
4481	1	4
4482	0	4
4483	1	6
4484	2	3
4485	0	4
4486	3	3
4487	1	3
4488	2	3
4489	1	1
4490	1	9
4491	0	5
4492	0	4
4493	1	6
4494	1	2
4495	2	3
4496	1	3
4497	1	5
4498	2	9
4499	1	4
4500	0	2
4501	1	7
4502	0	3
4503	0	5
4504	0	2
4505	0	8
4506	0	8
4507	0	8
4508	2	3
4509	1	4
4510	0	4
4511	2	5
4512	1	3
4513	2	5
4514	5	2
4515	1	5
4516	1	8
4517	1	7
4518	0	3
4519	0	3
4520	1	4
4521	3	6
4522	0	6
4523	2	7
4524	3	4
4525	2	5
4526	0	2
4527	1	10
4528	1	8
4529	0	1
4530	1	0
4531	1	8
4532	0	4
4533	0	5
4534	2	3
4535	2	6
4536	0	1
4537	2	7
4538	0	6
4539	0	4
4540	2	6
4541	1	4
4542	0	5
4543	1	2
4544	1	11
4545	0	6
4546	0	3
4547	0	3
4548	0	2
4549	0	4
4550	0	5
4551	0	3
4552	1	6
4553	1	4
4554	1	4
4555	0	4
4556	0	7
4557	0	1
4558	1	6
4559	0	2
4560	0	4
4561	0	8
4562	0	4
4563	0	10
4564	0	8
4565	2	2
4566	0	7
4567	0	6
4568	0	4
4569	1	3
4570	0	8
4571	2	6
4572	0	2
4573	0	1
4574	1	0
4575	0	4
4576	0	2
4577	0	4
4578	1	9
4579	3	2
4580	2	3
4581	1	3
4583	2	2
4584	1	2
4586	0	2
4587	0	5
4588	0	1
4589	3	6
4590	1	7
4591	2	5
4592	0	2
4593	0	3
4594	2	3
4595	1	5
4596	0	3
4597	0	2
4598	0	8
4599	0	3
4600	0	4
4601	0	4
4602	0	3
4603	0	4
4604	1	5
4606	0	2
4607	1	3
4608	1	2
4609	0	7
4610	0	1
4611	0	8
4612	0	5
4613	1	3
4614	0	8
4615	1	4
4616	1	4
4617	0	4
4618	0	6
4619	0	2
4620	1	6
4621	0	6
4622	1	1
4623	3	2
4624	0	6
4625	1	7
4626	3	5
4627	1	7
4628	0	4
4629	0	4
4630	1	4
4631	3	4
4632	1	3
4633	2	3
4634	0	3
4635	0	1
4636	0	5
4637	2	4
4638	0	5
4639	0	3
4640	0	7
4641	2	6
4642	1	12
4643	0	7
4644	2	3
4645	0	3
4646	1	0
4647	0	1
4648	2	4
4649	0	4
4650	0	2
4651	1	1
4652	1	4
4653	4	7
4654	1	4
4655	1	4
4656	1	3
4657	3	2
4658	0	3
4659	1	1
4660	2	2
4661	3	2
4662	0	4
4663	0	5
4664	1	5
4665	0	4
4666	0	4
4667	1	4
4668	0	4
4669	0	7
4670	0	3
4671	0	2
4672	0	4
4673	0	1
4674	1	4
4676	2	2
4677	0	5
4678	0	4
4679	2	3
4680	2	7
4681	1	2
4682	0	10
4683	0	7
4684	1	5
4685	0	6
4686	0	3
4687	1	5
4688	1	7
4689	1	7
4690	1	3
4691	1	5
4692	0	3
4693	2	2
4694	0	4
4695	1	9
4696	0	2
4697	1	6
4698	1	2
4699	0	1
4700	0	6
4701	3	8
4702	0	4
4703	2	3
4704	0	5
4705	1	3
4706	1	5
4707	0	5
4708	1	7
4709	0	3
4710	1	2
4711	0	1
4712	2	4
4713	2	5
4714	0	4
4715	0	2
4716	1	4
4717	0	6
4718	0	4
4719	1	4
4720	0	7
4721	0	2
4722	0	2
4723	2	3
4724	0	7
4725	2	7
4726	2	2
4727	1	3
4728	3	2
4729	3	3
4730	1	5
4731	1	7
4732	2	7
4733	1	4
4734	3	7
4735	4	5
4736	2	6
4737	1	4
4738	1	7
4739	1	5
4740	0	2
4741	1	8
4742	2	4
4743	0	1
4744	1	10
4745	0	1
4746	2	7
4747	0	4
4748	0	1
4749	2	3
4750	0	6
4751	0	5
4752	2	7
4753	1	1
4754	3	7
4755	0	3
4756	1	4
4757	1	6
4758	0	4
4759	0	6
4760	0	3
4761	1	3
4762	0	3
4763	1	2
4764	0	4
4765	0	3
4766	1	6
4767	4	1
4768	1	2
4769	2	2
4770	0	4
4771	0	4
4772	0	2
4773	1	4
4774	2	6
4775	0	7
4776	1	5
4777	1	3
4778	0	7
4779	0	1
4780	0	6
4781	0	5
4782	0	6
4783	1	2
4784	0	6
4785	1	5
4786	0	4
4787	0	4
4788	1	1
4789	0	3
4790	2	5
4791	2	3
4792	1	5
4793	2	8
4794	0	6
4795	1	4
4796	7	3
4797	3	4
4798	2	6
4799	1	4
4800	0	2
4801	3	7
4802	3	6
4803	1	5
4804	1	8
4805	1	5
4806	5	1
4807	4	3
4808	5	4
4809	3	6
4810	0	1
4811	1	4
4812	0	7
4813	0	1
4814	1	6
4815	0	2
4816	0	2
4817	0	2
4818	1	2
4819	1	1
4820	4	3
4821	1	5
4822	0	7
4823	1	5
4824	0	4
4825	2	3
4826	2	9
4827	3	4
4828	3	2
4829	3	6
4830	1	0
4831	2	3
4832	1	4
4833	6	3
4834	4	1
4835	2	5
4836	1	4
4837	2	6
4838	0	5
4839	1	3
4840	1	6
4841	0	3
4842	2	6
4843	3	3
4844	0	2
4845	0	8
4846	1	1
4847	1	5
4848	1	9
4849	0	4
4850	1	3
4851	1	7
4852	3	5
4853	4	3
4854	1	1
4855	0	6
4856	0	4
4857	1	2
4858	0	3
4859	0	1
4860	0	3
4861	0	3
4862	0	2
4863	0	4
4864	0	3
4865	0	5
4866	0	6
4867	3	10
4868	1	4
4869	0	3
4870	2	7
4871	1	5
4872	1	6
4873	1	4
4874	0	7
4875	1	4
4876	0	4
4877	0	2
4878	0	5
4879	1	6
4880	1	4
4881	3	6
4882	2	3
4883	1	7
4884	1	3
4885	0	12
4886	2	3
4887	0	11
4888	2	10
4889	1	5
4890	1	6
4891	1	3
4892	0	4
4893	1	9
4894	0	7
4895	1	4
4896	1	5
4897	1	5
4898	0	3
4899	0	4
4900	0	4
4901	0	6
4902	0	8
4903	0	1
4904	0	5
4905	0	1
4906	0	5
4907	4	6
4908	1	3
4909	1	5
4910	0	5
4911	2	5
4912	2	4
4913	1	1
4914	1	4
4915	0	5
4916	1	1
4917	3	4
4918	3	2
4919	2	3
4920	2	3
4921	1	8
4922	2	4
4923	0	1
4924	1	4
4925	3	1
4926	0	4
4927	0	5
4928	0	5
4929	0	3
4930	2	3
4931	1	8
4932	0	4
4933	0	2
4934	1	2
4935	0	2
4936	0	2
4937	0	2
4938	2	4
4939	0	2
4940	0	1
4941	1	3
4942	1	3
4943	0	3
4944	0	3
4945	0	6
4946	0	1
4947	0	2
4948	1	4
4949	0	1
4950	1	4
4951	0	8
4952	0	3
4953	4	5
4954	0	4
4955	0	5
4956	1	4
4957	3	2
4958	0	5
4959	0	3
4960	1	10
4961	3	2
4962	5	5
4963	0	7
4964	0	5
4965	1	1
4966	1	3
4967	0	8
4968	0	5
4969	2	4
4970	0	5
4971	0	5
4972	1	3
4973	0	5
4974	0	6
4975	0	3
4976	1	2
4977	1	1
4978	1	6
4979	0	4
4980	0	5
4981	1	9
4982	1	2
4983	1	2
4984	0	2
4985	1	2
4986	0	6
4987	0	4
4988	3	4
4989	0	4
4990	1	2
4991	0	5
4992	0	2
4993	2	3
4994	1	2
4995	1	4
4996	0	4
4997	0	4
4998	3	5
4999	0	7
5000	0	5
5001	0	5
5002	0	8
5003	1	10
5004	4	2
5005	1	3
5006	0	4
5007	0	8
5008	1	9
5009	0	3
5010	0	3
5011	0	7
5012	0	10
5013	0	5
5014	0	7
5015	0	3
5016	0	2
5017	1	5
5018	2	3
5019	0	2
5020	0	6
5021	1	2
5022	0	3
5023	1	4
5025	0	3
5026	2	0
5027	2	4
5028	0	2
5029	0	4
5030	0	1
5031	1	2
5032	1	2
5033	0	2
5034	1	4
5035	0	2
5036	0	5
5037	0	9
5038	0	2
5039	0	4
5040	0	2
5041	0	4
5042	1	1
5043	2	2
5044	0	4
5045	0	6
5046	0	4
5047	1	4
5048	1	5
5049	0	3
5050	0	1
5051	0	6
5052	1	5
5053	0	4
5054	1	6
5055	2	2
5056	0	3
5057	0	9
5058	0	3
5059	2	8
5060	0	4
5061	2	6
5062	1	4
5063	0	3
5065	1	5
5066	5	4
5067	0	3
5068	0	11
5070	1	2
5071	1	3
5072	0	3
5073	3	5
5074	1	4
5075	0	4
5076	0	2
5077	1	3
5078	1	3
5079	2	5
5080	2	10
5081	0	2
5083	0	5
5084	1	5
5085	1	3
5086	0	3
5087	2	4
5088	1	4
5089	0	1
5090	0	3
5091	2	1
5092	0	6
5093	0	3
5095	1	5
5096	0	4
5097	0	5
5098	2	3
5099	1	1
5100	1	3
5101	1	6
5102	1	8
5103	0	3
5104	0	6
5105	1	8
5106	0	2
5107	0	2
5108	3	10
5109	3	2
5110	1	5
5111	0	6
5112	1	4
5113	1	4
5114	1	8
5115	1	1
5116	0	7
5117	1	2
5118	2	5
5119	1	5
5120	0	3
5121	1	3
5122	1	6
5123	1	9
5124	0	8
5125	3	4
5126	2	0
5127	0	4
5128	1	8
5129	0	4
5130	1	4
5131	4	2
5132	3	3
5133	1	8
5134	0	3
5135	0	9
5136	0	8
5137	1	2
5138	2	5
5139	1	2
5140	0	3
5141	1	8
5142	0	3
5143	0	6
5144	2	3
5145	1	7
5146	0	4
5147	1	1
5148	1	9
5149	1	1
5150	1	6
5151	1	2
5152	1	3
5153	1	3
5154	0	4
5155	0	6
5156	2	4
5157	1	1
5158	2	5
5159	1	8
5160	0	7
5161	1	3
5162	0	4
5163	2	4
5164	2	5
5165	1	2
5166	0	5
5167	0	6
5168	2	5
5169	1	4
5170	2	4
5171	1	7
5172	1	9
5173	2	7
5174	1	4
5175	0	7
5176	1	5
5177	1	7
5178	1	3
5179	1	9
5180	0	6
5181	0	3
5182	1	3
5183	0	8
5184	2	5
5185	2	4
5186	0	5
5187	1	2
5188	1	3
5189	0	2
5190	0	9
5191	1	6
5192	1	8
5193	1	0
5194	0	3
5195	1	2
5196	1	5
5197	1	7
5198	1	3
5199	0	6
5200	2	2
5201	2	3
5202	0	7
5203	2	9
5204	1	8
5205	1	4
5206	0	2
5207	0	4
5208	0	2
5209	0	6
5210	0	5
5211	1	1
5212	0	4
5213	0	4
5214	2	3
5215	2	1
5216	1	7
5217	1	5
5218	1	9
5219	0	5
5220	0	4
5221	0	6
5222	0	6
5223	0	6
5224	3	4
5225	1	7
5226	1	2
5227	1	7
5228	1	4
5229	1	5
5230	2	3
5231	0	3
5232	0	8
5233	1	4
5234	1	4
5235	1	5
5236	2	9
5237	0	7
5238	0	6
5239	0	7
5240	0	3
5241	1	7
5242	1	2
5243	2	4
5244	1	3
5245	2	5
5246	0	2
5247	4	3
5248	7	2
5249	3	5
5250	1	6
5251	0	4
5252	0	1
5253	0	4
5254	2	3
5255	1	2
5256	0	2
5257	0	2
5258	0	2
5259	0	6
5260	3	0
5261	0	2
5262	0	5
5263	0	5
5264	2	3
5265	1	2
5266	0	8
5267	1	4
5268	1	5
5269	1	4
5270	1	3
5271	2	2
5272	0	3
5273	1	6
5274	1	8
5275	2	4
5276	1	5
5277	1	8
5278	0	3
5279	1	5
5280	0	7
5281	1	8
5282	1	5
5283	0	3
5284	0	4
5285	1	8
5286	1	4
5287	0	9
5288	4	3
5289	0	8
5290	0	6
5291	1	6
5292	0	4
5293	3	2
5294	0	5
5295	1	5
5296	2	9
5297	0	3
5298	2	1
5299	0	1
5300	0	6
5301	0	6
5302	2	2
5303	1	4
5304	1	3
5305	2	3
5306	3	3
5307	2	2
5308	0	2
5309	1	5
5310	0	7
5311	1	5
5312	2	6
5313	2	5
5314	0	3
5315	2	2
5316	0	3
5317	1	1
5318	4	3
5319	0	6
5320	2	6
5321	0	3
5322	1	4
5323	1	1
5324	0	6
5325	1	3
5326	1	5
5327	3	4
5328	1	7
5329	1	7
5330	2	2
5331	0	4
5332	0	5
5333	2	5
5334	1	4
5335	1	5
5336	1	2
5337	2	2
5338	1	4
5339	2	3
5340	0	2
5341	2	7
5342	2	2
5343	0	2
5344	3	4
5345	1	3
5346	1	4
5347	1	7
5348	1	5
5349	2	7
5350	1	7
5351	0	4
5352	0	3
5353	0	9
5354	2	7
5355	2	5
5356	1	4
5357	1	6
5358	3	1
5359	1	8
5360	2	7
5361	1	2
5362	1	4
5363	1	1
5364	2	5
5365	1	2
5366	1	4
5367	0	1
5368	0	6
5369	2	4
5370	2	1
5371	0	3
5372	0	1
5373	1	6
5374	0	2
5375	3	4
5376	0	5
5377	0	5
5378	0	3
5379	1	2
5380	0	3
5381	2	7
5382	0	3
5383	0	6
5384	0	7
5385	1	4
5387	2	1
5388	0	4
5389	0	6
5390	2	5
5391	1	4
5392	1	1
5393	0	2
5394	0	6
5395	0	8
5396	0	3
5397	0	3
5398	0	4
5399	0	2
5400	0	1
5401	0	2
5402	1	6
5403	2	1
5404	0	7
5405	0	8
5406	3	9
5407	1	5
5408	1	3
5409	1	3
5410	0	3
5411	0	9
5412	1	4
5413	2	4
5414	2	5
5415	0	7
5416	1	7
5417	3	3
5418	0	3
5419	2	2
5420	1	5
5421	0	5
5422	0	2
5423	0	6
5424	2	5
5425	0	6
5426	0	2
5427	1	5
5428	0	7
5429	0	4
5430	1	3
5431	1	3
5432	0	2
5433	0	3
5434	1	2
5435	3	3
5436	0	5
5437	2	7
5438	0	4
5439	2	2
5440	1	8
5441	4	4
5442	2	0
5443	1	0
5444	0	2
5445	1	3
5446	0	7
5447	0	5
5448	2	4
5449	0	4
5450	1	3
5451	2	3
5452	0	2
5453	0	7
5454	0	3
5455	0	4
5456	0	4
5457	2	4
5458	0	6
5459	1	4
5460	1	2
5461	1	5
5462	2	6
5463	1	1
5464	2	7
5465	1	5
5466	2	6
5467	1	1
5468	0	5
5469	0	9
5470	1	5
5471	1	2
5472	2	5
5473	1	4
5474	0	3
5475	3	3
5476	1	3
5477	1	3
5478	4	3
5479	2	2
5480	1	2
5481	1	4
5482	2	1
5483	2	4
5484	0	3
5485	1	2
5486	1	4
5487	0	7
5488	1	5
5489	4	4
5490	3	6
5491	2	2
5492	0	3
5493	1	2
5494	1	3
5495	2	4
5496	0	6
5497	0	1
5498	0	5
5499	0	4
5500	1	5
5501	1	5
5502	0	4
5503	1	3
5504	0	3
5505	2	0
5506	1	7
5507	0	3
5508	1	1
5509	0	1
5510	1	4
5511	0	5
5512	0	2
5513	3	6
5514	3	4
5515	0	4
5516	1	1
5517	0	10
5518	0	2
5519	0	2
5520	0	9
5521	0	10
5522	1	3
5523	0	2
5524	0	2
5525	0	2
5526	0	4
5527	0	6
5528	0	7
5529	1	1
5530	1	7
5531	0	2
5532	1	4
5533	0	4
5534	1	4
5535	1	4
5536	0	1
5537	2	1
5538	1	3
5539	1	2
5540	2	2
5542	1	6
5544	2	6
5545	0	3
5546	2	4
5547	1	3
5548	1	5
5549	1	4
5550	1	3
5551	1	3
5552	0	2
5553	0	4
5554	2	2
5555	0	3
5556	0	3
5557	0	6
5558	1	1
5559	0	3
5560	0	7
5561	8	3
5562	4	6
5563	0	3
5564	4	7
5565	1	1
5566	0	4
5567	1	3
5568	2	4
5569	1	5
5570	2	1
5571	0	7
5572	2	8
5573	1	1
5574	1	6
5575	0	6
5576	0	6
5577	0	3
5578	4	7
5579	2	9
5580	1	3
5581	0	5
5582	1	2
5583	1	6
5584	0	3
5585	1	3
5586	0	2
5587	1	2
5588	1	3
5589	4	3
5590	3	3
5591	2	4
5592	2	4
5593	0	4
5594	0	2
5595	1	2
5596	3	0
5597	0	3
5598	1	5
5599	1	7
5600	1	4
5601	0	9
5602	0	6
5603	1	3
5604	0	3
5605	0	6
5606	1	5
5607	1	3
5608	1	6
5609	0	8
5610	1	4
5611	0	6
5612	0	4
5613	1	5
5614	2	2
5615	0	5
5616	1	4
5617	1	3
5618	0	7
5619	1	7
5620	0	7
5621	1	7
5622	1	6
5623	0	2
5624	0	6
5625	1	8
5626	0	9
5627	1	6
5628	0	2
5629	3	4
5630	2	5
5631	1	6
5632	1	8
5633	0	9
5634	1	7
5635	1	6
5636	0	4
5637	0	9
5638	1	6
5639	0	3
5640	1	6
5641	0	5
5642	0	6
5643	0	5
5644	1	6
5645	1	8
5646	1	7
5647	1	11
5648	1	3
5649	0	1
5650	5	4
5651	2	9
5652	3	3
5653	1	2
5654	0	8
5655	2	3
5656	2	9
5657	0	1
5658	0	3
5659	0	4
5660	0	5
5661	0	3
5662	0	8
5663	0	4
5664	1	2
5665	0	4
5666	1	6
5667	0	9
5668	3	5
5669	0	3
5670	0	7
5671	0	2
5672	0	3
5673	0	5
5674	0	4
5675	0	3
5676	2	4
5677	0	2
5678	1	4
5679	0	3
5680	2	6
5681	0	3
5682	0	5
5683	0	6
5684	1	5
5685	2	2
5686	1	5
5687	1	1
5688	0	5
5689	1	3
5690	1	11
5691	2	5
5692	0	5
5693	1	6
5694	0	2
5695	0	4
5696	1	2
5697	0	9
5698	0	10
5699	0	3
5700	1	2
5701	0	3
5702	2	3
5703	1	7
5704	7	3
5705	1	3
5706	0	3
5707	0	6
5708	1	6
5709	0	7
5710	0	6
5711	0	2
5712	1	4
5713	0	3
5714	0	4
5715	1	4
5716	1	8
5717	2	1
5718	1	7
5719	2	2
5720	0	2
5721	0	4
5722	0	4
5723	0	1
5724	1	2
5725	0	4
5726	0	1
5727	0	4
5728	1	4
5729	0	6
5730	0	9
5731	3	8
5732	2	3
5733	1	4
5734	4	3
5735	1	3
5736	3	3
5737	2	8
5738	1	0
5739	0	2
5740	0	6
5741	1	3
5742	0	4
5743	2	5
5744	0	2
5746	0	8
5747	2	4
5748	3	3
5749	1	10
5750	0	3
5751	1	3
5752	1	7
5753	2	5
5754	2	4
5755	1	4
5756	0	5
5757	0	7
5758	0	2
5759	1	5
5760	0	4
5761	0	7
5762	3	10
5763	0	3
5764	1	2
5765	2	4
5766	1	3
5767	0	7
5768	4	12
5769	3	8
5770	1	2
5771	1	4
5772	0	4
5773	1	2
5774	2	1
5775	2	5
5776	1	0
5777	1	5
5778	3	3
5779	0	7
5780	1	4
5781	1	5
5782	1	1
5783	3	7
5784	0	2
5785	1	5
5786	0	3
5787	1	3
5788	0	3
5789	0	3
5790	0	5
5791	1	2
5792	1	2
5793	0	5
5794	1	9
5795	1	3
5796	0	2
5797	1	1
5798	0	1
5799	1	6
5800	2	5
5801	1	2
5802	1	6
5803	1	6
5804	2	5
5805	1	4
5806	0	4
5807	1	4
5808	1	5
5809	0	2
5810	0	5
5811	0	5
5812	0	4
5813	1	3
5814	1	2
5815	1	2
5816	0	6
5817	0	9
5818	0	3
5819	0	5
5820	1	2
5821	1	4
5822	0	3
5823	0	9
5824	1	3
5825	0	1
5826	0	5
5827	5	3
5828	0	6
5829	0	2
5830	0	3
5831	0	3
5832	2	2
5833	0	6
5834	0	6
5835	0	7
5836	2	3
5837	3	2
5838	1	4
5839	2	5
5840	1	5
5841	0	4
5842	1	5
5843	0	3
5844	0	9
5845	2	1
5846	1	5
5847	1	5
5848	0	5
5849	1	6
5850	2	5
5851	3	3
5852	2	7
5853	1	6
5854	2	4
5855	3	2
5856	0	6
5857	2	4
5858	1	9
5859	0	4
5860	1	5
5861	1	1
5862	0	9
5863	0	8
5864	1	5
5865	1	6
5866	2	2
5867	0	3
5868	0	6
5869	1	4
5870	1	6
5871	2	3
5872	0	3
5873	0	10
5874	1	6
5875	0	4
5876	1	1
5877	4	3
5878	1	4
5879	0	4
5880	0	2
5881	0	3
5882	0	7
5883	1	4
5884	1	1
5885	0	3
5886	2	5
5887	0	1
5888	0	4
5889	0	5
5890	2	7
5891	1	4
5892	2	6
5893	1	4
5894	1	5
5895	2	5
5896	0	3
5897	0	7
5898	1	6
5899	1	3
5900	0	5
5901	0	3
5902	2	4
5903	0	7
5904	0	5
5905	1	5
5906	1	2
5907	1	2
5908	3	4
5909	3	4
5910	2	7
5911	0	6
5912	1	8
5913	0	6
5914	1	6
5915	2	7
5916	1	4
5917	0	5
5918	2	5
5919	2	2
5920	1	6
5921	1	3
5922	1	6
5923	1	12
5924	0	3
5925	0	8
5926	0	7
5927	0	7
5928	1	4
5929	0	6
5930	1	4
5931	5	2
5932	4	5
5933	3	3
5934	0	3
5935	2	1
5936	3	8
5937	2	4
5938	1	4
5939	1	7
5940	2	4
5941	0	1
5942	0	6
5943	0	4
5944	1	4
5946	0	2
5947	0	1
5948	0	1
5949	0	6
5950	0	6
5951	0	6
5952	1	2
5953	0	5
5954	0	2
5955	0	2
5956	0	6
5957	0	5
5959	3	3
5960	0	6
5961	0	3
5962	1	7
5963	1	4
5964	0	3
5965	0	3
5966	1	6
5967	0	5
5968	1	5
5969	1	5
5970	2	3
5971	3	3
5972	1	7
5973	1	1
5974	1	4
5975	0	1
5976	0	3
5977	0	7
5978	1	5
5979	1	3
5980	1	8
5981	1	2
5982	0	3
5983	1	6
5984	1	5
5985	2	2
5986	1	5
5987	1	2
5988	1	3
5989	0	3
5990	1	1
5991	1	4
5992	2	5
5993	2	3
5994	2	1
5995	2	5
5996	2	1
5997	2	4
5998	0	4
5999	0	8
6000	1	3
6001	1	4
6002	0	6
6003	0	1
6004	0	5
6005	2	9
6006	1	3
6007	0	3
6008	0	1
6009	1	6
6010	0	5
6011	2	5
6012	1	1
6013	0	6
6014	0	3
6015	1	4
6016	2	2
6017	1	7
6018	1	3
6019	0	2
6020	0	3
6021	1	7
6022	0	6
6023	0	7
6024	0	7
6025	1	10
6026	0	5
6027	1	4
6028	0	5
6029	2	4
6030	0	5
6031	3	7
6032	2	4
6033	2	3
6034	0	4
6035	0	8
6036	0	10
6037	0	2
6038	0	7
6039	0	6
6040	1	4
6041	1	6
6042	1	3
6043	0	4
6044	0	6
6045	2	8
6046	0	6
6047	2	6
6048	3	6
6049	3	4
6050	1	2
6051	0	5
6052	1	8
6053	0	1
6054	1	5
6055	1	2
6056	2	3
6057	0	5
6058	4	2
6059	0	8
6060	0	1
6061	0	7
6062	4	4
6063	2	3
6064	2	8
6065	2	2
6066	2	5
6067	0	5
6068	3	3
6069	2	5
6070	0	1
6071	0	2
6072	0	7
6073	0	2
6074	0	8
6075	0	2
6076	3	3
6077	0	1
6078	0	2
6079	1	2
6080	0	5
6081	0	5
6082	0	7
6083	0	2
6084	0	5
6085	1	7
6086	0	5
6087	1	3
6088	1	5
6089	3	3
6090	1	8
6091	1	9
6092	0	3
6093	1	9
6094	1	2
6095	0	5
6096	0	3
6097	1	7
6098	0	5
6099	2	3
6100	1	5
6101	1	4
6102	2	6
6103	0	5
6104	0	4
6105	0	7
6106	1	4
6107	2	2
6108	1	3
6109	1	7
6110	1	6
6111	1	10
6112	3	7
6113	2	6
6114	2	5
6115	0	3
6116	0	3
6117	0	1
6118	0	5
6119	1	5
6120	0	3
6121	0	4
6122	0	4
6123	0	4
6124	3	2
6125	5	4
6126	5	3
6127	2	7
6128	3	7
6129	1	3
6130	2	1
6131	3	2
6132	1	5
6133	2	6
6134	1	3
6135	0	4
6136	0	5
6137	1	3
6138	1	6
6139	1	7
6140	1	2
6141	1	7
6142	3	4
6143	1	2
6144	0	1
6145	0	3
6146	0	7
6147	0	4
6148	3	3
6149	0	7
6150	0	4
6151	0	2
6152	0	4
6153	2	5
6154	0	6
6155	1	2
6156	0	5
6157	2	6
6158	1	6
6159	0	4
6160	0	3
6161	0	4
6162	2	2
6163	0	2
6164	0	7
6165	1	5
6166	4	4
6167	0	1
6168	1	5
6169	0	2
6170	0	4
6171	0	3
6172	0	6
6173	0	2
6174	0	7
6175	1	0
6176	0	9
6177	0	2
6178	0	4
6179	1	2
6180	1	3
6181	2	7
6182	0	2
6183	0	6
6184	1	5
6185	0	5
6186	0	3
6187	0	3
6188	3	5
6189	0	7
6190	0	2
6191	0	7
6192	2	7
6193	1	5
6194	0	3
6195	1	5
6196	0	5
6197	0	2
6198	4	5
6199	0	6
6200	1	3
6201	2	6
6202	1	8
6203	0	2
6204	1	8
6205	2	4
6206	1	4
6207	0	3
6208	1	1
6209	0	2
6210	2	5
6211	0	6
6212	2	3
6213	0	5
6214	1	3
6215	0	6
6216	1	6
6217	0	1
6218	0	6
6219	1	4
6220	1	5
6221	1	4
6222	3	6
6223	1	3
6224	1	5
6225	0	5
6226	1	2
6227	1	2
6228	1	1
6229	1	7
6230	0	4
6231	6	2
6232	3	0
6233	1	4
6234	1	3
6235	2	5
6236	1	4
6237	1	4
6238	0	5
6239	0	4
6240	0	6
6241	1	3
6242	1	0
6243	0	2
6244	2	8
6245	0	2
6246	0	4
6247	0	3
6248	1	3
6249	1	8
6250	2	3
6251	0	8
6252	3	3
6253	0	2
6254	0	5
6255	0	4
6256	0	3
6257	0	4
6258	1	5
6259	1	7
6260	1	5
6261	0	9
6262	1	3
6263	0	1
6264	1	7
6265	2	5
6266	0	6
6267	1	2
6268	0	2
6269	1	5
6270	1	3
6271	0	2
6272	1	6
6273	0	4
6274	1	5
6275	0	6
6276	0	2
6277	0	3
6278	1	4
6279	0	9
6280	0	3
6281	1	4
6282	1	4
6283	1	4
6284	1	7
6285	0	6
6286	0	1
6287	0	5
6288	2	6
6289	0	3
6290	0	6
6291	0	4
6292	0	6
6293	1	7
6295	1	2
6296	1	8
6297	0	2
6298	2	6
6299	4	3
6300	3	6
6301	1	7
6302	0	5
6303	1	1
6304	0	4
6305	1	5
6306	1	6
6307	1	4
6308	0	7
6309	2	3
6310	1	2
6311	0	5
6312	0	6
6313	2	5
6314	1	4
6315	0	4
6316	1	1
6317	1	5
6318	1	4
6319	1	5
6320	1	1
6321	2	6
6322	0	4
6323	0	3
6324	1	5
6325	0	5
6326	1	3
6327	0	3
6328	0	2
6329	2	3
6330	0	5
6331	0	3
6332	1	3
6333	0	2
6334	1	4
6335	1	4
6336	0	6
6337	0	3
6338	1	4
6339	1	5
6340	2	4
6341	1	5
6342	0	4
6343	1	2
6344	1	7
6345	2	5
6346	0	4
6347	1	4
6348	0	5
6349	2	6
6350	0	5
6351	0	7
6352	1	4
6353	1	3
6354	1	0
6355	1	3
6356	0	6
6357	1	4
6358	1	2
6359	2	2
6360	2	2
6361	1	3
6362	0	3
6363	0	3
6364	1	3
6365	1	8
6366	0	2
6367	0	5
6368	1	8
6369	1	6
6370	0	4
6371	0	3
6372	2	5
6373	0	3
6374	2	3
6375	0	2
6376	0	5
6377	0	9
6378	2	6
6379	2	10
6380	0	4
6381	1	10
6382	1	12
6383	1	1
6384	1	10
6385	0	8
6386	0	3
6387	0	4
6388	0	3
6389	0	6
6390	1	3
6391	0	3
6392	1	5
6393	0	4
6394	1	5
6395	1	5
6396	0	2
6397	0	6
6398	6	5
6399	4	7
6400	1	7
6401	0	7
6402	1	5
6403	0	2
6404	1	5
6405	2	5
6406	1	5
6407	1	6
6408	0	6
6409	0	3
6410	0	5
6411	0	4
6412	1	5
6413	0	2
6414	0	3
6415	0	4
6416	0	5
6417	2	6
6418	0	1
6419	1	4
6420	3	2
6421	2	2
6422	2	1
6423	0	2
6424	1	2
6425	0	4
6426	0	9
6427	0	4
6428	1	5
6429	1	8
6430	2	2
6431	2	1
6432	2	1
6433	0	4
6434	0	3
6435	0	4
6436	0	8
6437	0	5
6438	0	2
6439	2	3
6440	0	2
6441	2	6
6442	0	7
6443	3	2
6444	0	7
6445	0	4
6446	0	5
6447	0	2
6448	2	4
6449	1	3
6450	0	3
6451	1	4
6452	1	5
6453	0	5
6454	1	2
6455	0	5
6456	0	4
6457	1	7
6458	0	1
6459	0	4
6460	0	13
6461	0	5
6462	2	11
6463	1	3
6464	0	5
6465	1	6
6466	0	4
6467	0	8
6468	1	2
6469	0	5
6470	0	5
6471	1	4
6472	0	5
6473	0	7
6474	0	2
6475	1	3
6476	1	3
6477	0	6
6478	3	6
6479	0	3
6480	1	2
6481	0	4
6482	2	2
6483	1	6
6484	0	2
6485	0	5
6486	0	5
6487	1	4
6488	0	1
6489	1	2
6490	0	2
6491	1	1
6492	2	5
6493	1	3
6494	0	4
6495	0	3
6496	0	3
6497	1	4
6498	2	6
6499	0	3
6500	1	7
6501	1	4
6502	0	6
6503	2	7
6504	0	9
6505	0	5
6506	2	5
6507	3	2
6508	1	3
6509	0	5
6510	1	4
6511	2	3
6512	0	2
6513	0	5
6514	0	3
6515	1	5
6516	0	3
6517	1	8
6518	0	3
6519	1	4
6520	1	6
6521	2	4
6522	1	3
6524	0	6
6525	0	4
6526	0	6
6527	1	3
6528	0	4
6529	1	5
6530	0	3
6531	2	7
6532	1	5
6533	0	7
6534	1	4
6535	0	4
6536	1	5
6537	2	3
6538	1	5
6539	0	3
6540	0	8
6541	1	2
6542	1	1
6543	0	6
6544	4	4
6545	4	3
6546	0	4
6547	0	3
6548	1	6
6549	2	3
6550	0	3
6551	1	4
6552	3	3
6553	1	1
6554	0	9
6555	0	3
6556	0	6
6557	1	3
6558	1	2
6559	0	6
6560	2	5
6561	0	5
6562	0	1
6563	0	4
6564	0	1
6565	0	1
6566	0	4
6567	1	4
6568	0	1
6569	0	5
6570	0	7
6571	0	4
6572	1	6
6573	1	0
6574	1	2
6575	0	4
6576	1	2
6577	2	3
6578	1	2
6579	0	2
6580	1	3
6581	1	7
6582	0	2
6583	2	3
6584	0	4
6585	0	5
6586	1	5
6587	2	11
6588	0	6
6589	0	10
6590	1	5
6591	0	8
6592	1	2
6593	0	1
6594	1	4
6595	0	2
6596	1	0
6597	0	2
6598	1	2
6599	1	3
6600	0	6
6601	0	2
6602	1	2
6603	2	3
6604	0	5
6605	0	6
6606	1	5
6607	1	4
6608	1	6
6609	2	2
6610	0	3
6611	1	3
6612	0	2
6613	0	5
6614	0	2
6615	0	6
6616	2	3
6617	1	3
6618	0	5
6619	1	5
6620	1	7
6621	0	8
6622	1	2
6623	0	2
6624	1	4
6625	3	4
6626	2	1
6627	0	1
6629	0	7
6630	0	7
6631	0	6
6632	0	4
6633	0	2
6634	2	8
6635	1	6
6636	1	2
6637	1	8
6638	1	1
6639	1	5
6640	1	2
6641	2	1
6642	1	5
6643	1	5
6644	0	4
6645	0	2
6646	0	7
6647	2	3
6648	1	4
6649	3	3
6650	1	7
6651	0	4
6652	0	2
6653	0	5
6654	2	7
6655	1	6
6656	0	4
6657	0	4
6658	0	3
6659	0	3
6660	0	6
6661	2	7
6662	0	3
6663	0	5
6664	0	1
6665	2	5
6666	1	1
6667	1	4
6668	0	1
6669	0	6
6670	0	6
6671	0	8
6672	1	5
6673	0	4
6674	1	1
6675	0	5
6676	0	4
6677	0	5
6678	0	7
6679	2	5
6680	5	5
6681	5	0
6682	4	4
6683	0	4
6684	3	1
6685	1	6
6686	0	6
6687	1	5
6688	2	6
6689	1	6
6690	2	3
6691	2	8
6692	1	10
6693	1	3
6694	1	3
6695	1	7
6696	0	8
6697	1	3
6698	1	5
6699	2	5
6700	0	6
6701	1	9
6702	0	3
6703	0	4
6704	1	4
6705	1	6
6706	1	4
6707	1	7
6708	1	3
6709	0	7
6710	1	6
6711	0	4
6712	0	4
6713	6	5
6714	1	3
6715	0	6
6716	1	3
6717	1	0
6718	1	3
6719	2	5
6720	2	2
6721	1	6
6722	0	5
6723	1	7
6724	0	6
6725	0	3
6726	1	9
6727	2	7
6728	0	5
6729	0	9
6730	1	9
6731	2	3
6732	1	3
6733	0	9
6734	1	6
6735	0	7
6736	0	4
6737	1	8
6738	0	9
6739	0	6
6740	2	3
6741	0	7
6742	2	3
6743	1	4
6744	2	6
6745	2	3
6746	2	4
6747	0	5
6748	1	2
6749	0	2
6750	0	8
6751	0	1
6752	1	1
6753	0	2
6754	0	3
6755	0	3
6756	2	4
6757	0	3
6758	0	3
6759	0	1
6760	0	5
6761	1	4
6762	1	5
6763	0	6
6764	1	3
6765	0	3
6766	0	2
6767	3	4
6768	2	7
6769	0	7
6770	2	3
6771	0	2
6772	0	4
6773	0	4
6774	1	5
6775	2	1
6776	1	4
6777	1	5
6778	0	3
6779	0	4
6780	1	4
6781	1	5
6782	0	3
6783	0	2
6784	1	3
6785	3	3
6786	2	3
6787	4	3
6788	0	4
6789	1	0
6790	0	1
6791	1	5
6792	1	5
6793	1	2
6794	0	4
6795	1	7
6796	1	6
6797	0	5
6798	1	4
6799	1	4
6800	1	2
6801	1	4
6802	1	8
6803	1	1
6804	0	1
6805	1	1
6806	2	3
6807	2	8
6808	0	3
6809	1	3
6810	1	3
6811	0	4
6812	1	4
6813	1	1
6814	0	2
6815	0	5
6816	0	3
6817	2	6
6818	0	5
6819	0	3
6820	0	4
6821	1	6
6822	1	4
6823	0	1
6824	1	3
6825	2	4
6826	0	1
6827	0	10
6828	0	4
6829	2	3
6830	1	2
6831	0	2
6832	0	4
6833	2	9
6834	2	3
6835	0	7
6836	0	6
6837	1	4
6838	2	6
6839	0	3
6840	1	3
6841	1	2
6842	1	0
6843	0	3
6844	0	6
6845	0	5
6846	0	5
6847	1	3
6848	0	9
6849	1	1
6850	0	3
6851	0	8
6852	1	2
6853	2	2
6854	1	5
6855	1	4
6856	0	2
6857	0	4
6858	3	7
6859	0	1
6860	3	2
6861	4	4
6862	3	4
6863	2	4
6864	2	2
6865	2	3
6866	1	5
6867	1	2
6868	0	4
6869	0	1
6870	3	2
6871	1	5
6872	0	3
6873	2	7
6874	0	3
6875	1	5
6876	2	1
6877	1	6
6878	0	3
6879	0	5
6880	1	4
6881	0	4
6882	0	2
6883	0	6
6884	0	7
6885	0	4
6886	0	5
6887	1	4
6888	2	3
6889	2	0
6890	1	3
6891	1	6
6892	1	1
6893	1	3
6894	0	5
6895	0	4
6896	1	0
6897	0	2
6898	0	4
6899	2	5
6900	0	4
6901	2	6
6902	3	5
6903	1	3
6904	1	5
6905	4	3
6906	0	2
6907	0	3
6908	1	3
6909	1	4
6910	0	2
6911	0	5
6912	1	4
6913	1	3
6914	1	7
6915	2	2
6916	2	2
6917	1	5
6918	1	4
6919	1	3
6920	0	3
6921	0	7
6922	1	3
6923	0	2
6924	0	5
6925	0	2
6926	0	6
6927	1	2
6928	0	3
6929	0	7
6930	0	3
6931	0	4
6932	3	4
6933	1	2
6934	5	2
6935	3	7
6936	0	3
6937	3	2
6938	6	3
6939	1	4
6940	0	1
6941	0	2
6942	0	4
6943	4	2
6944	4	3
6945	2	0
6946	1	5
6947	1	4
6948	2	4
6949	1	5
6950	2	8
6951	0	3
6952	0	2
6953	0	2
6954	0	5
6955	0	3
6956	0	1
6957	0	2
6958	2	3
6959	0	2
6960	0	1
6961	0	1
6962	1	5
6963	1	3
6964	1	4
6965	1	0
6966	0	1
6967	0	9
6968	1	1
6969	1	7
6970	0	6
6971	1	5
6972	1	3
6973	0	5
6974	1	6
6975	1	3
6976	1	2
6977	0	4
6978	0	5
6979	0	3
6980	3	10
6981	2	1
6982	2	3
6983	0	4
6984	3	3
6985	2	2
6986	2	3
6987	0	10
6988	0	5
6989	0	3
6990	0	3
6991	0	2
6992	0	6
6993	1	4
6994	1	8
6995	2	5
6996	2	4
6997	1	6
6998	1	6
6999	0	4
7000	0	3
7001	0	1
7002	0	4
7003	0	4
7004	0	7
7005	0	6
7006	1	6
7007	0	3
7008	1	2
7009	0	1
7010	0	3
7011	0	7
7012	0	3
7013	1	5
7014	3	1
7016	0	4
7017	0	3
7018	0	2
7019	0	3
7020	0	1
7021	1	5
7022	3	3
7023	2	3
7024	2	6
7025	1	2
7026	1	4
7027	0	2
7028	0	2
7029	1	1
7030	0	1
7031	1	2
7032	0	6
7033	1	5
7034	1	5
7035	1	6
7036	0	5
7037	0	1
7038	1	4
7039	2	3
7040	0	1
7041	1	6
7042	1	2
7043	0	5
7044	0	1
7045	0	3
7046	1	2
7047	0	1
7048	0	6
7049	0	3
7050	0	5
7051	1	2
7052	1	3
7053	0	1
7054	1	7
7055	0	2
7056	2	3
7057	0	4
7058	0	2
7059	0	4
7060	0	1
7061	0	2
7062	1	5
7063	0	6
7064	0	7
7065	0	2
7066	2	4
7067	0	2
7068	0	6
7069	0	4
7070	0	2
7071	1	1
7072	1	1
7073	0	1
7074	0	5
7075	0	4
7076	0	7
7077	0	4
7078	3	10
7079	1	2
7080	4	5
7081	1	1
7082	0	5
7083	0	4
7084	0	3
7085	0	1
7086	1	2
7087	3	4
7088	1	5
7089	1	3
7090	1	1
7091	0	5
7092	1	2
7093	2	2
7094	1	5
7095	1	2
7096	0	6
7097	0	3
7098	0	4
7099	0	3
7100	0	4
7101	0	3
7102	2	8
7103	2	3
7104	0	6
7105	0	4
7106	1	2
7107	1	3
7108	0	2
7109	3	1
7110	0	2
7111	4	5
7112	0	4
7113	0	3
7114	1	4
7115	0	7
7117	0	6
7118	2	6
7119	0	6
7120	1	2
7121	0	1
7122	0	3
7123	0	2
7124	1	3
7125	0	3
7126	0	3
7127	0	2
7128	0	4
7129	1	1
7131	0	4
7132	1	3
7133	1	6
7134	1	4
7135	1	2
7136	1	5
7137	2	0
7138	0	3
7139	0	4
7140	1	2
7141	1	5
7142	1	4
7143	2	2
7144	0	4
7145	2	5
7146	0	7
7147	1	4
7148	0	5
7149	0	4
7150	1	1
7151	1	4
7152	1	4
7153	0	6
7154	0	1
7155	1	2
7157	1	1
7158	0	4
7159	0	4
7160	0	7
7161	2	3
7162	0	9
7163	1	6
7164	1	4
7165	1	2
7166	1	4
7167	1	2
7168	0	2
7169	1	2
7170	0	1
7171	2	6
7172	0	3
7173	0	5
7174	0	2
7175	1	3
7176	1	5
7177	0	8
7178	1	5
7179	0	1
7180	1	4
7181	0	6
7182	0	3
7183	0	1
7184	0	2
7185	0	3
7186	0	4
7187	1	1
7188	1	5
7189	1	4
7190	1	4
7191	1	2
7192	3	2
7193	1	3
7194	0	2
7195	0	2
7196	0	4
7197	0	1
7198	0	3
7199	1	4
7200	1	3
7201	1	3
7202	1	5
7203	1	1
7204	0	2
7205	0	5
7206	2	3
7207	2	4
7208	2	4
7209	0	5
7210	1	6
7211	1	3
7212	1	3
7213	1	4
7214	1	4
7215	0	3
7216	0	5
7217	0	4
7218	0	4
7219	0	2
7220	0	1
7221	1	3
7222	0	2
7223	1	5
7224	0	5
7225	0	6
7226	0	3
7227	0	2
7228	0	2
7229	2	4
7230	0	1
7231	1	7
7232	0	2
7233	0	2
7234	0	3
7235	0	3
7236	1	3
7237	0	3
7238	3	6
7239	1	6
7240	0	4
7241	1	7
7242	0	5
7243	3	4
7244	2	6
7245	2	5
7246	0	2
7247	0	2
7248	0	6
7249	2	6
7250	0	1
7251	1	5
7252	3	6
7253	1	3
7254	0	2
7255	1	1
7256	1	1
7257	0	3
7258	2	3
7259	0	1
7260	0	3
7261	1	6
7262	0	3
7263	2	3
7264	2	2
7265	1	1
7266	0	4
7267	0	3
7268	0	3
7269	0	3
7270	2	6
7271	0	6
7272	1	4
7273	0	5
7274	0	6
7275	1	8
7276	0	2
7277	1	1
7278	0	6
7279	3	6
7281	1	0
7282	2	3
7283	1	3
7284	1	7
7285	0	9
7286	0	6
7287	2	3
7288	2	2
7289	0	6
7290	1	4
7291	0	6
7292	1	6
7293	0	3
7294	0	3
7295	1	4
7296	0	1
7297	0	4
7298	0	2
7299	1	6
7300	0	3
7301	0	7
7302	0	4
7303	0	3
7304	0	5
7305	0	9
7306	0	4
7307	0	4
7308	2	2
7309	1	3
7310	1	3
7311	0	7
7312	2	2
7313	1	5
7315	0	4
7316	2	6
7317	0	3
7318	1	5
7319	1	1
7320	0	3
7321	0	6
7322	3	4
7323	0	5
7324	0	4
7325	1	3
7326	1	2
7327	1	1
7328	1	1
7329	1	4
7330	0	3
7331	0	2
7332	0	3
7333	1	2
7334	1	6
7335	0	4
7336	0	5
7337	0	3
7338	0	2
7339	1	4
7340	1	6
7341	0	5
7342	1	2
7343	0	2
7344	0	7
7345	1	3
7346	0	5
7347	0	3
7348	2	6
7349	1	1
7350	2	3
7351	0	3
7352	0	2
7353	1	3
7354	0	4
7355	1	1
7356	0	6
7357	2	5
7358	0	2
7359	0	4
7360	0	1
7361	1	3
7362	0	2
7363	0	2
7364	3	4
7365	1	5
7366	1	4
7367	0	4
7368	0	6
7369	1	4
7370	0	1
7371	0	3
7372	0	5
7373	1	3
7374	1	4
7375	0	8
7376	0	7
7377	0	1
7378	0	6
7379	0	4
7380	1	1
7381	2	1
7382	1	0
7383	0	2
7384	0	1
7385	2	2
7386	0	6
7387	0	3
7388	0	1
7389	2	3
7390	0	6
7391	0	5
7392	1	4
7393	3	2
7394	2	2
7395	1	9
7396	0	3
7397	0	2
7398	2	2
7399	1	2
7400	4	3
7401	3	6
7402	1	1
7403	2	8
7404	1	8
7405	3	3
7406	1	3
7407	0	2
7408	0	3
7409	0	3
7410	1	3
7411	0	4
7412	1	5
7413	1	3
7414	0	4
7415	1	4
7416	3	5
7417	0	5
7418	0	3
7419	1	6
7420	0	5
7421	0	3
7422	0	2
7423	0	3
7424	2	3
7425	1	5
7426	0	5
7427	1	3
7428	0	3
7429	0	5
7430	1	2
7431	3	5
7432	2	7
7433	2	6
7434	1	4
7435	1	7
7436	1	7
7437	3	4
7438	3	3
7439	3	4
7440	3	1
7441	1	5
7442	2	2
7443	3	3
7444	1	7
7445	0	1
7446	1	0
7447	0	4
7448	1	3
7449	0	5
7450	1	6
7451	4	1
7452	1	3
7453	1	2
7454	1	4
7455	0	3
7456	1	6
7457	0	5
7458	1	2
7459	1	8
7460	2	4
7461	1	1
7462	1	6
7463	2	4
7464	1	4
7465	5	0
7466	3	4
7467	0	4
7468	1	5
7469	0	2
7470	1	6
7471	0	4
7472	1	9
7473	0	9
7474	0	3
7476	0	3
7477	2	5
7478	0	2
7479	2	5
7480	1	8
7481	0	2
7482	1	5
7483	2	5
7484	2	6
7485	2	5
7486	0	10
7487	0	1
7488	0	4
7489	1	3
7490	0	3
7491	1	4
7492	0	3
7493	0	12
7494	0	5
7495	1	3
7496	0	8
7497	0	4
7498	2	6
7499	0	4
7500	3	5
7501	0	6
7502	2	5
7503	0	7
7504	1	3
7505	1	3
7506	1	4
7507	1	2
7508	0	5
7509	0	7
7510	0	8
7511	0	6
7512	1	3
7513	0	8
7514	1	3
7515	1	3
7516	0	8
7517	0	1
7518	1	6
7519	1	3
7520	0	6
7521	1	1
7522	0	8
7523	1	6
7524	3	4
7525	0	8
7526	2	3
7527	0	3
7528	0	5
7529	0	5
7530	0	3
7531	0	3
7532	0	8
7533	2	3
7534	0	4
7535	4	5
7536	0	5
7537	1	5
7538	1	10
7539	0	8
7540	0	4
7541	0	1
7542	0	7
7543	0	4
7544	0	6
7545	1	6
7546	2	1
7547	1	4
7548	0	3
7549	0	8
7550	0	5
7551	0	4
7552	1	5
7553	1	6
7554	0	5
7555	0	3
7556	0	5
7557	1	5
7558	1	4
7559	2	7
7560	0	4
7561	0	4
7562	0	3
7563	1	6
7564	0	2
7565	0	5
7566	1	10
7567	1	7
7568	4	8
7569	0	5
7570	3	6
7571	2	4
7572	1	3
7573	1	2
7574	0	4
7575	0	2
7577	0	4
7578	0	6
7579	0	8
7580	0	7
7581	2	6
7583	0	4
7584	1	7
7585	1	5
7586	1	3
7587	0	8
7588	1	3
7589	0	1
7590	0	4
7591	0	9
7592	5	5
7593	0	3
7594	0	5
7595	0	2
7596	0	2
7597	0	5
7598	0	1
7599	0	3
7600	0	2
7601	0	2
7602	1	2
7603	0	2
7604	1	4
7605	0	4
7606	2	4
7607	0	1
7608	0	5
7609	0	3
7610	0	3
7611	0	3
7612	1	4
7613	1	3
7614	1	2
7615	0	4
7616	0	2
7617	2	0
7618	1	4
7619	0	6
7620	1	3
7621	1	3
7622	1	2
7623	0	4
7624	0	2
7625	0	2
7626	0	6
7627	0	5
7628	0	5
7629	0	3
7630	0	2
7631	0	4
7632	0	5
7633	0	3
7634	0	6
7635	1	5
7636	0	3
7637	1	3
7638	1	5
7639	0	2
7640	0	3
7641	0	1
7642	1	2
7643	0	4
7644	2	4
7645	0	5
7646	4	4
7647	0	6
7648	2	5
7649	2	4
7650	0	3
7651	1	6
7652	0	3
7653	0	8
7654	1	3
7655	0	6
7656	0	3
7657	3	3
7658	1	1
7659	1	3
7660	2	5
7661	3	5
7662	0	4
7663	0	5
7664	1	4
7665	1	2
7666	0	3
7667	0	3
7668	0	2
7669	1	3
7670	0	3
7671	0	2
7672	6	6
7673	2	4
7674	3	2
7675	1	7
7676	2	3
7677	1	6
7678	0	2
7679	1	9
7680	0	3
7681	1	3
7682	2	2
7683	1	5
7684	0	1
7685	1	6
7686	0	4
7687	0	6
7688	0	3
7689	1	4
7690	0	4
7691	2	2
7692	1	4
7693	1	6
7694	0	3
7695	0	4
7696	0	4
7697	0	2
7698	0	7
7699	0	4
7700	1	4
7701	2	2
7702	0	3
7703	1	6
7704	1	5
7705	1	3
7706	0	1
7707	1	3
7708	0	3
7709	0	7
7710	0	4
7711	2	4
7712	1	6
7713	0	5
7714	1	6
7715	0	2
7716	1	5
7717	0	3
7718	0	1
7719	1	6
7720	1	4
7721	0	3
7722	0	7
7723	0	3
7724	1	3
7725	0	8
7726	1	4
7727	1	5
7728	0	7
7729	0	3
7730	1	5
7731	1	3
7732	0	4
7733	2	5
7734	2	4
7735	0	2
7736	1	4
7737	1	3
7738	0	1
7739	0	6
7740	0	5
7741	0	1
7742	0	3
7743	2	2
7744	0	4
7745	0	4
7746	0	5
7747	1	5
7748	0	1
7749	0	4
7750	1	1
7751	2	4
7752	1	4
7753	0	5
7754	5	6
7755	5	6
7756	0	7
7757	1	4
7758	0	5
7759	3	2
7760	0	5
7761	3	3
7762	0	9
7763	0	3
7764	1	3
7765	1	3
7766	0	4
7767	0	6
7768	0	4
7769	1	5
7770	1	2
7771	0	2
7772	1	4
7773	0	9
7774	0	4
7775	3	4
7776	0	4
7777	0	5
7778	1	2
7779	0	3
7780	1	0
7781	2	5
7782	0	7
7783	0	4
7784	0	5
7785	2	3
7786	0	3
7787	1	3
7788	3	5
7789	2	5
7790	0	6
7791	0	6
7792	0	3
7793	0	5
7794	1	1
7795	7	5
7796	0	5
7797	2	4
7798	1	4
7799	3	2
7800	1	5
7801	2	3
7802	1	4
7803	0	4
7804	1	0
7805	0	3
7806	1	8
7807	3	3
7808	0	1
7809	0	8
7810	2	4
7811	0	2
7812	2	3
7813	1	4
7814	2	7
7815	4	4
7816	1	7
7817	0	6
7818	3	7
7819	1	5
7820	0	4
7821	0	5
7822	1	1
7823	0	7
7824	1	9
7825	3	4
7826	1	3
7827	0	7
7828	0	3
7829	2	4
7830	0	5
7831	1	3
7832	1	3
7833	0	3
7834	1	1
7835	2	3
7836	0	6
7837	1	3
7838	1	4
7839	1	7
7840	2	0
7841	1	3
7842	5	1
7843	5	2
7844	0	4
7845	1	2
7846	0	4
7847	0	4
7848	2	3
7849	0	2
7850	1	4
7851	0	6
7852	1	5
7853	0	1
7854	0	4
7855	0	5
7856	0	2
7857	1	2
7858	0	5
7859	1	8
7860	1	3
7861	1	0
7862	0	6
7863	0	5
7864	0	2
7865	2	7
7866	0	4
7867	0	6
7868	0	5
7869	0	4
7870	0	6
7871	0	4
7872	0	3
7873	0	5
7874	2	8
7875	0	6
7876	1	8
7877	1	5
7878	1	6
7879	1	4
7880	2	2
7881	3	6
7882	3	6
7883	2	5
7884	0	3
7885	0	7
7886	0	2
7887	1	3
7888	0	4
7889	0	2
7890	0	4
7892	0	4
7893	1	2
7894	1	6
7895	0	3
7896	1	5
7897	1	5
7898	2	0
7899	2	3
7900	0	2
7901	1	5
7902	0	4
7903	1	1
7905	2	1
7906	1	6
7907	0	1
7908	0	3
7909	2	5
7910	1	4
7911	2	2
7912	0	8
7913	0	6
7914	1	7
7915	0	3
7916	2	3
7917	2	5
7918	1	4
7919	0	7
7920	1	3
7921	0	3
7922	0	7
7923	1	5
7924	0	4
7925	0	3
7926	0	4
7927	0	3
7928	0	7
7929	1	3
7930	2	2
7932	0	6
7933	4	2
7934	0	5
7935	0	9
7936	1	5
7937	0	5
7938	0	3
7939	2	2
7940	1	0
7941	1	6
7942	1	3
7943	0	5
7944	1	8
7945	2	7
7946	1	2
7947	1	6
7948	2	6
7949	1	3
7950	0	2
7951	1	3
7952	2	4
7953	0	1
7954	1	4
7955	1	6
7956	2	4
7957	0	5
7958	0	4
7959	0	1
7960	0	4
7961	1	0
7962	2	2
7963	0	3
7964	1	10
7965	3	6
7966	3	2
7967	0	6
7968	0	5
7969	1	0
7970	0	2
7971	0	3
7972	0	2
7973	0	2
7974	0	3
7975	1	1
7976	0	8
7977	1	2
7978	1	6
7979	0	1
7980	1	5
7981	1	6
7982	0	4
7983	0	7
7984	1	3
7985	2	7
7986	1	7
7987	1	4
7988	0	6
7989	0	5
7990	2	3
7991	2	12
7992	0	5
7993	1	1
7994	0	4
7995	0	5
7996	1	4
7997	0	2
7998	0	9
7999	1	7
8000	2	4
8001	2	7
8002	0	2
8003	0	6
8004	1	6
8005	2	11
8006	1	1
8007	0	8
8008	0	2
8009	0	3
8010	1	4
8011	0	7
8012	3	2
8013	0	2
8014	0	4
8015	0	3
8016	0	2
8017	2	2
8018	0	3
8019	0	1
8020	1	2
8021	0	2
8022	1	8
8023	0	7
8024	0	4
8025	1	3
8026	2	2
8027	1	4
8028	0	1
8029	0	3
8030	1	9
8031	1	4
8032	0	6
8033	0	2
8034	0	3
8035	0	8
8036	2	1
8037	2	3
8038	0	1
8039	1	2
8040	0	1
8041	1	5
8042	0	1
8043	1	5
8044	0	3
8045	1	5
8046	0	4
8047	1	4
8048	1	5
8049	1	1
8050	2	4
8051	0	2
8052	1	7
8053	0	2
8054	0	7
8055	1	3
8056	0	4
8057	1	4
8058	1	4
8059	0	3
8060	1	4
8061	1	3
8062	2	4
8063	3	5
8064	0	4
8065	1	4
8066	0	7
8067	1	3
8068	0	2
8069	1	3
8070	2	6
8071	0	3
8072	0	8
8073	0	4
8074	1	5
8075	0	3
8076	1	4
8077	1	4
8078	1	5
8079	0	3
8080	2	5
8081	0	8
8082	1	4
8083	0	1
8084	1	6
8085	1	7
8086	0	3
8087	0	4
8088	2	2
8089	1	3
8090	1	5
8091	0	3
8092	1	2
8093	0	3
8094	0	3
8095	1	9
8096	1	3
8097	0	5
8098	1	2
8099	1	6
8100	1	6
8101	1	3
8102	1	6
8103	1	3
8104	0	2
8105	1	2
8106	1	0
8107	2	7
8108	0	2
8109	2	5
8110	0	1
8111	1	6
8112	0	3
8113	1	3
8114	1	9
8115	0	6
8116	1	3
8117	2	2
8118	0	5
8119	0	9
8120	1	12
8121	0	7
8122	0	6
8123	0	1
8124	1	3
8125	1	4
8126	1	2
8127	0	4
8128	3	4
8129	3	6
8130	1	3
8131	0	1
8132	0	3
8133	3	3
8134	2	3
8135	1	4
8136	2	3
8137	0	3
8138	1	1
8139	0	2
8140	2	5
8141	0	1
8142	2	5
8143	0	4
8144	2	1
8145	0	5
8146	4	6
8147	1	8
8148	1	3
8149	0	5
8150	1	8
8151	1	4
8152	0	3
8153	1	6
8154	0	10
8155	0	7
8156	0	3
8157	0	3
8158	1	3
8159	0	6
8160	1	5
8161	0	4
8162	1	3
8163	1	7
8164	0	8
8165	0	4
8166	2	3
8167	1	2
8168	0	2
8169	1	3
8170	1	2
8171	0	4
8172	3	6
8173	2	0
8174	1	5
8175	1	4
8176	0	3
8177	1	6
8178	0	5
8179	0	2
8180	0	1
8181	0	4
8182	0	5
8183	0	5
8184	0	5
8185	0	2
8186	0	1
8187	1	1
8188	0	2
8189	1	6
8190	0	6
8191	2	3
8192	0	2
8193	0	2
8194	1	6
8195	0	7
8196	1	3
8197	0	3
8198	0	5
8199	0	2
8200	0	4
8201	1	2
8202	1	6
8203	0	1
8204	0	4
8205	0	3
8206	0	5
8207	1	5
8208	0	4
8209	0	3
8210	1	9
8211	0	2
8212	0	2
8213	0	2
8214	1	5
8215	5	6
8216	1	2
8217	1	5
8218	0	5
8219	0	5
8220	1	5
8221	0	2
8222	0	2
8223	0	3
8224	0	1
8225	0	7
8226	0	7
8227	1	8
8228	3	5
8229	1	4
8230	1	1
8231	0	2
8232	0	1
8233	2	2
8234	0	3
8235	0	4
8236	1	1
8237	0	3
8238	1	2
8239	0	2
8240	2	4
8241	0	1
8242	1	2
8243	0	4
8244	2	4
8245	0	6
8246	0	2
8247	0	7
8248	1	0
8249	1	6
8250	0	3
8251	2	3
8252	0	5
8253	0	3
8254	1	4
8255	0	8
8256	2	10
8257	0	8
8258	1	4
8259	1	7
8260	3	3
8261	1	6
8262	0	6
8263	2	3
8264	1	2
8265	2	7
8266	0	6
8267	1	2
8268	3	2
8269	2	7
8270	1	2
8271	1	4
8272	1	3
8273	1	1
8274	1	3
8275	0	6
8276	0	2
8277	0	1
8278	0	7
8279	0	1
8280	1	5
8281	1	3
8282	1	7
8283	0	6
8284	0	3
8285	1	1
8286	0	4
8287	0	5
8288	0	6
8289	0	6
8290	0	4
8291	0	8
8292	0	5
8293	0	4
8294	1	3
8295	0	2
8296	2	3
8297	0	1
8298	0	6
8299	0	6
8300	0	3
8301	1	3
8302	0	1
8303	1	5
8304	0	3
8305	0	4
8306	1	8
8307	2	4
8308	0	2
8310	1	2
8311	2	2
8312	0	5
8313	0	4
8314	0	2
8315	0	5
8316	0	4
8317	1	2
8318	1	2
8319	2	6
8320	0	3
8321	0	4
8322	0	2
8323	0	8
8324	1	5
8325	0	7
8326	1	4
8327	3	5
8328	1	4
8329	1	6
8330	0	8
8331	1	6
8332	0	5
8333	2	2
8334	1	3
8335	0	3
8336	2	5
8337	0	5
8338	1	6
8339	0	6
8340	0	1
8341	1	3
8342	1	2
8343	0	3
8344	0	3
8345	4	3
8346	0	3
8347	0	2
8348	1	6
8349	0	3
8350	0	5
8351	2	9
8352	1	6
8353	0	3
8354	0	5
8355	1	4
8356	2	2
8357	0	2
8358	0	5
8359	1	4
8360	0	3
8361	0	6
8362	0	1
8363	1	6
8364	0	4
8365	1	6
8366	0	2
8367	0	1
8368	2	2
8369	0	4
8370	4	0
8371	1	2
8372	2	2
8373	0	1
8374	0	6
8375	1	5
8376	0	2
8377	0	7
8378	0	7
8379	3	4
8380	1	4
8381	0	5
8382	0	4
8383	1	5
8384	0	2
8385	1	2
8386	2	2
8387	3	3
8388	0	4
8389	0	7
8390	2	9
8391	1	5
8392	1	4
8393	0	6
8394	2	7
8395	2	7
8396	1	4
8397	1	6
8398	0	1
8399	0	5
8400	2	2
8401	2	7
8402	2	3
8403	0	3
8404	0	3
8405	0	7
8406	0	2
8407	1	3
8408	0	6
8409	1	3
8410	0	4
8411	3	3
8412	0	2
8413	1	2
8414	2	2
8415	0	8
8416	2	3
8417	1	3
8418	0	6
8419	1	8
8420	1	2
8421	0	5
8422	1	2
8423	0	7
8424	3	3
8425	0	5
8426	0	3
8427	3	4
8428	1	5
8429	0	6
8430	0	2
8431	0	3
8432	0	3
8433	1	1
8434	0	3
8435	0	5
8436	0	4
8437	1	8
8438	1	3
8439	1	7
8440	1	3
8441	1	5
8442	1	5
8443	1	1
8444	0	3
8445	3	5
8446	0	2
8447	0	6
8448	0	4
8449	1	3
8450	4	3
8451	0	2
8452	1	2
8453	2	3
8454	2	1
8455	1	11
8456	0	6
8457	0	3
8458	2	2
8459	1	9
8460	0	5
8461	1	5
8462	1	4
8463	0	4
8464	1	10
8465	0	6
8466	0	3
8467	1	6
8468	0	2
8469	1	7
8470	0	6
8471	0	3
8473	2	2
8474	0	4
8475	3	2
8476	1	5
8477	0	4
8478	0	5
8479	0	4
8480	0	4
8481	2	6
8482	1	5
8483	0	4
8484	2	6
8485	1	4
8486	0	3
8487	0	6
8488	0	3
8489	1	3
8490	1	3
8491	2	3
8492	0	5
8493	0	3
8494	2	6
8495	0	4
8496	0	7
8497	2	5
8498	1	7
8499	1	4
8501	2	3
8502	1	5
8503	0	5
8504	1	2
8505	4	3
8506	1	2
8507	0	8
8508	0	1
8509	0	5
8510	0	3
8511	3	3
8512	0	5
8513	0	3
8514	0	10
8515	0	4
8516	0	7
8517	1	4
8518	0	8
8519	0	2
8520	0	5
8521	0	3
8522	0	1
8523	0	3
8524	2	4
8525	0	6
8526	1	1
8527	0	3
8528	0	5
8529	1	1
8530	1	3
8531	0	5
8532	1	4
8533	3	3
8534	2	3
8535	0	1
8536	2	2
8537	0	4
8538	1	7
8539	1	0
8540	1	4
8541	1	7
8542	1	5
8543	0	5
8544	1	5
8545	0	2
8546	1	4
8547	1	2
8548	0	4
8549	2	3
8550	0	1
8551	2	4
8552	0	6
8553	1	6
8554	2	3
8555	0	7
8556	1	2
8557	1	8
8558	0	2
8559	0	3
8560	0	3
8561	0	5
8562	0	2
8563	0	2
8564	0	4
8565	0	2
8566	0	6
8568	0	3
8569	2	4
8570	0	3
8571	1	7
8572	1	3
8573	1	5
8574	2	2
8575	2	3
8576	3	3
8577	0	4
8578	0	4
8579	1	5
8580	0	1
8581	2	2
8582	0	7
8583	4	6
8584	1	2
8585	0	2
8586	2	3
8587	2	7
8588	0	3
8589	0	8
8590	0	5
8591	0	8
8592	0	5
8593	0	5
8594	4	6
8595	3	4
8596	4	3
8597	3	5
8598	0	3
8599	0	4
8600	0	3
8601	2	4
8602	3	6
8603	1	4
8604	0	2
8605	2	3
8606	3	2
8607	0	4
8608	0	4
8609	1	4
8610	0	4
8611	1	7
8612	0	4
8613	0	5
8614	1	1
8615	0	2
8616	0	5
8617	0	6
8618	0	5
8619	2	4
8620	1	4
8621	0	6
8622	0	2
8623	0	5
8624	0	6
8625	1	8
8626	1	4
8627	1	4
8628	1	4
8629	1	4
8630	1	3
8631	0	4
8632	2	6
8633	0	1
8634	0	5
8635	3	3
8636	3	4
8637	1	1
8638	1	4
8639	0	3
8640	1	2
8641	0	1
8642	1	2
8643	6	2
8644	0	4
8645	0	7
8646	3	4
8647	0	3
8648	0	4
8649	2	8
8650	0	4
8651	0	5
8652	1	3
8653	1	7
8654	3	3
8655	0	1
8656	1	7
8657	0	5
8658	0	1
8659	1	4
8660	1	2
8661	0	3
8662	0	6
8663	2	4
8664	3	11
8665	1	3
8666	0	2
8667	1	2
8668	1	4
8669	2	4
8670	0	3
8671	0	8
8672	0	6
8673	1	5
8674	2	5
8675	1	3
8676	3	7
8677	1	10
8678	1	3
8679	0	3
8680	0	5
8681	0	4
8682	0	5
8683	0	6
8684	4	4
8685	3	7
8686	2	2
8687	1	2
8688	2	3
8689	0	2
8690	0	4
8691	1	8
8692	1	8
8693	0	8
8694	0	4
8695	0	4
8696	1	0
8697	2	3
8698	1	4
8699	1	4
8700	0	7
8701	0	9
8702	1	8
8703	0	5
8704	1	6
8705	0	4
8706	2	4
8707	1	7
8708	1	9
8709	1	11
8710	0	5
8711	1	4
8712	0	5
8713	1	4
8714	0	3
8715	0	4
8716	0	6
8717	1	9
8718	0	5
8719	0	4
8720	0	2
8721	0	3
8722	1	4
8723	1	3
8724	0	5
8725	0	1
8726	0	6
8727	1	6
8728	3	4
8729	0	5
8730	2	8
8731	1	8
8732	1	3