1	0	4
2	0	4
3	0	7
4	0	5
5	2	3
6	3	3
7	0	4
8	2	4
9	2	3
10	0	2
11	1	4
12	1	4
13	0	2
14	0	3
15	0	3
16	0	4
17	1	2
18	2	2
19	0	4
20	1	4
22	0	3
23	1	7
24	1	3
25	1	3
26	2	2
27	0	3
28	0	6
29	0	8
30	0	2
31	0	5
32	0	6
33	0	3
34	1	5
35	0	5
36	0	4
37	0	4
38	2	2
39	0	6
40	0	1
41	0	10
42	0	5
43	0	3
44	1	0
45	0	4
46	3	3
47	0	4
48	0	5
49	0	4
50	0	2
51	0	3
52	1	5
53	1	4
54	1	1
55	0	4
56	0	5
57	0	3
58	1	6
59	0	2
60	0	7
61	0	1
62	1	7
63	0	3
64	1	1
65	0	5
66	1	5
67	2	7
68	2	2
69	0	3
70	0	6
71	2	7
72	1	6
73	1	4
74	2	7
75	2	2
76	0	3
77	0	4
78	4	6
79	0	1
80	0	5
81	0	4
82	0	4
83	2	2
84	1	5
85	1	4
86	1	4
87	2	5
88	0	4
89	1	4
90	0	1
91	0	4
92	2	2
94	0	2
95	0	2
96	0	6
97	1	3
98	0	6
99	0	6
100	0	2
101	0	3
102	0	3
103	0	5
104	0	3
105	0	4
106	0	2
107	0	5
108	0	5
109	2	5
110	0	6
111	0	2
112	2	3
113	0	3
114	0	4
115	1	2
116	2	4
117	0	6
118	1	2
119	2	5
120	0	4
121	2	2
122	0	3
123	0	5
124	0	1
125	1	6
126	0	2
127	0	5
128	0	4
129	0	6
130	0	3
131	2	4
132	0	2
133	2	4
134	1	3
135	0	5
136	0	1
137	2	3
138	2	0
139	0	3
140	1	0
141	0	5
142	1	3
144	1	3
145	1	2
146	1	1
147	0	8
148	2	1
149	1	5
150	0	1
151	2	4
152	0	1
153	2	4
154	1	2
155	2	4
156	2	4
157	0	4
158	1	3
159	2	8
160	0	3
161	0	3
162	1	4
163	0	4
164	1	3
165	1	3
166	0	1
167	2	4
168	0	1
169	1	6
170	2	7
171	2	5
172	1	5
173	2	6
174	1	3
175	1	2
176	2	6
177	0	1
178	1	2
179	1	4
180	0	1
181	0	8
182	1	6
183	1	5
184	1	3
185	0	4
186	0	2
187	0	3
188	0	5
189	0	3
190	2	2
191	1	2
192	0	8
193	3	13
194	2	8
195	0	9
196	1	4
197	0	3
198	1	3
199	1	4
200	0	2
201	0	6
202	0	5
203	0	1
204	0	1
205	2	9
206	0	4
207	0	7
208	0	4
209	0	2
210	1	1
211	1	4
212	1	6
213	0	1
214	0	1
215	1	6
216	1	6
217	0	7
218	0	2
219	0	3
220	2	8
221	2	4
222	1	2
223	1	7
224	0	4
225	1	6
226	1	3
227	0	4
228	0	5
229	1	7
230	1	4
231	1	2
232	0	4
233	0	8
234	1	1
235	3	2
236	2	0
237	0	3
238	0	2
239	0	2
240	1	2
241	1	5
242	0	3
243	1	5
244	0	3
245	0	9
246	1	2
247	0	3
248	0	3
249	2	4
250	0	4
251	1	2
252	2	1
253	0	1
254	2	6
255	0	3
257	0	4
258	0	2
259	1	4
260	1	8
261	1	4
262	2	5
263	0	8
265	0	2
266	0	6
267	1	8
268	0	3
269	1	3
270	0	5
271	1	7
272	1	2
273	0	3
274	1	3
275	0	4
276	1	1
277	2	4
278	0	3
279	2	2
280	1	5
281	0	1
282	0	5
283	0	2
284	1	3
285	0	3
286	1	6
287	1	6
289	1	3
290	1	3
291	1	4
292	1	3
293	0	2
294	2	3
295	1	5
296	1	6
297	1	3
298	0	4
299	2	3
300	0	5
301	0	5
302	0	3
303	2	5
304	5	5
305	0	3
306	0	3
307	0	1
308	0	5
309	0	2
310	0	6
311	0	3
312	0	8
313	0	5
314	0	5
315	3	4
316	2	3
317	0	5
318	1	6
319	0	4
320	2	2
321	0	5
322	0	6
323	0	7
324	0	9
325	1	6
326	1	1
327	2	4
328	3	4
329	0	4
330	1	4
331	0	3
332	1	4
333	1	5
334	0	2
335	1	3
336	1	3
337	1	7
338	0	7
339	1	7
340	2	4
341	1	4
342	0	2
343	1	3
344	1	0
345	2	5
346	0	5
347	2	4
348	0	3
349	1	3
350	0	4
351	0	6
352	2	3
353	0	6
354	0	3
355	0	4
356	1	8
357	0	1
358	0	6
359	1	2
360	0	2
361	0	1
362	3	5
363	5	4
364	3	1
365	0	9
366	1	4
367	2	1
368	1	6
369	0	5
370	1	2
371	6	4
372	8	5
373	3	5
374	2	4
375	1	3
376	0	5
377	3	8
378	0	6
379	0	2
380	0	4
381	1	5
382	0	7
383	0	3
384	0	2
385	2	0
386	2	5
387	1	8
388	1	2
389	1	2
390	2	3
391	2	3
392	2	2
393	1	2
394	2	2
395	0	5
396	0	7
397	1	6
398	1	5
399	1	6
400	0	3
401	0	6
402	0	7
403	0	5
404	1	3
405	4	6
406	6	4
407	0	4
408	0	2
409	0	2
410	0	2
411	1	5
412	0	8
413	0	5
414	0	3
415	0	4
416	0	2
417	1	5
418	0	8
419	2	6
420	0	3
421	1	5
422	0	2
424	0	5
425	1	4
426	0	4
427	1	4
428	0	3
429	2	7
430	1	9
431	0	2
432	0	1
433	0	7
434	1	6
435	4	2
436	1	2
437	1	4
438	2	5
439	5	5
440	0	6
441	1	4
442	0	2
443	0	3
444	0	8
445	0	5
446	1	5
447	2	3
448	0	2
449	0	8
450	2	5
451	1	9
452	1	8
453	0	1
454	2	4
455	0	4
456	3	3
457	1	4
458	2	3
459	1	5
460	0	2
461	2	2
462	0	5
463	1	6
464	0	6
465	1	3
466	0	4
467	0	3
468	1	11
469	0	17
470	0	20
471	1	17
472	2	1
473	3	0
474	3	4
475	0	7
476	0	2
477	2	4
478	1	4
479	0	2
480	0	5
481	3	2
482	0	4
483	1	3
484	0	5
485	0	3
486	1	5
487	1	4
488	0	2
489	1	4
490	0	4
491	0	6
492	1	2
493	1	2
494	0	3
495	0	6
496	0	4
497	0	3
498	3	4
499	0	6
500	2	1
501	1	3
502	1	1
503	1	4
504	0	4
505	0	2
506	0	3
507	0	2
508	1	1
509	0	2
510	1	3
511	1	4
512	1	3
513	2	5
514	0	5
515	0	6
516	0	6
517	1	5
518	0	3
519	0	6
520	0	3
521	1	3
522	0	5
523	0	2
524	1	5
525	1	2
526	2	2
527	1	3
528	1	0
529	1	0
530	1	1
531	0	4
532	0	4
533	1	1
534	1	3
535	2	2
536	1	3
537	1	1
538	0	5
539	2	4
540	0	2
541	0	3
542	0	4
543	1	0
544	2	4
545	0	8
546	1	6
547	0	3
548	1	8
549	0	6
550	0	2
551	0	6
552	0	5
553	0	4
554	0	5
555	2	4
556	1	5
557	0	6
558	1	1
559	0	4
560	0	2
561	1	0
562	0	5
563	1	5
564	2	3
565	0	6
566	1	8
567	0	2
569	1	4
570	0	2
571	1	5
572	1	3
573	1	4
574	0	4
575	1	4
576	1	1
577	0	5
578	2	2
579	0	4
580	0	9
581	0	3
582	0	5
583	0	5
584	0	1
585	0	3
586	0	6
587	2	4
588	0	3
589	1	2
590	0	1
591	1	3
592	0	5
593	0	1
594	1	7
595	0	4
596	0	4
597	0	8
598	1	3
599	1	4
600	0	4
601	2	5
602	0	6
603	0	5
604	2	4
605	0	4
606	0	7
607	0	4
608	1	4
609	0	4
610	2	6
611	2	3
612	2	3
613	0	1
614	0	3
615	0	2
616	0	4
617	3	5
618	0	3
619	1	7
620	0	3
621	0	6
622	3	5
623	1	2
624	0	8
625	0	9
626	1	3
627	1	9
628	0	3
629	1	6
630	2	4
631	0	3
632	2	9
633	0	4
634	3	4
635	4	7
636	1	6
637	1	3
638	0	9
639	1	5
640	0	7
641	0	8
642	2	2
643	0	3
644	0	7
645	2	5
646	0	7
647	0	3
648	0	3
649	2	7
650	1	5
651	0	4
652	0	2
653	1	1
654	0	8
655	0	2
656	0	3
657	2	5
658	1	3
659	0	4
660	5	3
662	0	8
663	0	1
664	0	5
665	0	5
666	6	5
667	3	3
668	2	4
669	1	6
670	0	11
671	0	4
672	3	4
673	1	5
674	1	2
675	0	8
676	0	6
677	3	4
678	0	7
679	0	10
680	1	4
681	2	2
682	3	1
683	0	1
684	1	4
685	0	4
686	2	0
687	0	4
688	1	4
689	0	4
690	1	7
691	0	5
692	2	2
693	0	3
694	1	3
695	1	4
696	0	3
697	0	4
698	1	5
699	2	7
700	1	2
701	0	3
702	1	4
703	0	4
704	0	4
705	2	9
706	1	5
707	0	4
708	1	1
709	0	3
710	1	2
711	2	8
712	0	7
713	1	5
714	0	8
715	1	3
716	0	3
717	0	2
719	0	6
720	1	3
721	2	2
722	2	5
723	1	6
724	0	7
725	0	5
726	0	2
727	1	3
728	0	7
729	0	3
730	1	3
731	0	5
732	1	1
733	3	5
734	0	2
735	0	3
736	0	2
737	1	3
738	1	3
739	0	5
740	0	6
742	2	3
743	0	5
744	2	5
745	0	1
746	3	0
747	0	3
748	1	4
749	0	1
750	2	4
751	0	1
752	1	3
753	3	3
754	1	2
755	1	5
756	1	7
757	0	5
758	2	3
759	0	3
760	0	1
761	0	6
762	0	5
763	1	4
764	0	1
765	0	3
766	0	2
767	0	6
768	2	9
769	0	5
770	0	6
771	2	3
772	1	6
773	1	5
774	2	2
775	1	4
776	0	1
777	0	7
778	1	4
779	1	6
780	0	2
781	1	2
782	0	3
783	0	2
784	1	4
785	0	3
786	0	2
787	1	3
788	0	7
789	0	6
791	1	5
792	0	2
793	1	6
794	4	4
795	0	4
796	0	2
797	1	2
798	0	4
799	0	5
800	1	2
801	0	6
802	0	5
803	0	3
804	1	2
805	0	4
806	2	1
807	0	2
808	1	1
809	0	5
810	1	9
811	1	4
812	0	3
813	1	3
814	0	2
815	1	2
816	1	2
817	1	6
818	0	6
819	1	1
820	0	2
821	1	4
822	0	8
823	1	5
824	4	4
825	2	5
826	1	2
827	1	6
828	1	6
829	1	1
830	0	2
831	0	5
832	0	7
833	0	3
834	1	3
835	0	4
836	0	2
837	2	1
838	0	5
839	0	4
840	1	3
841	0	5
842	0	4
843	0	1
844	2	6
845	1	6
846	1	3
847	1	2
848	1	6
849	1	8
851	0	10
852	0	6
853	0	9
854	1	2
855	0	6
856	1	3
857	1	2
858	3	2
859	3	3
860	0	10
861	0	5
862	0	8
863	1	7
864	4	5
865	0	2
866	0	4
867	0	1
868	0	3
869	0	3
870	0	3
871	0	6
872	1	6
873	0	2
874	0	4
875	0	5
876	1	2
877	2	2
878	0	6
879	0	7
880	1	3
881	1	2
882	0	2
883	0	3
884	0	7
885	1	5
886	1	3
887	3	4
888	0	1
889	2	3
890	0	1
891	3	4
892	0	4
893	0	3
894	0	8
895	1	7
896	0	5
897	1	4
898	0	2
899	1	4
900	4	1
901	0	4
902	2	3
903	0	3
904	0	2
905	0	4
906	0	4
907	4	5
908	1	8
909	1	5
910	0	1
911	0	6
912	1	3
913	1	4
914	0	6
915	0	4
916	0	2
917	1	5
918	1	2
919	0	5
920	1	2
921	0	3
922	1	4
923	3	5
924	0	3
925	1	6
926	0	6
927	0	4
928	1	3
929	0	1
930	0	2
931	2	6
932	4	1
933	1	4
934	1	6
935	0	3
936	0	4
937	2	6
938	2	5
939	2	3
940	0	4
941	2	4
942	1	3
943	2	4
944	0	2
945	0	5
946	0	5
947	0	6
948	0	4
949	3	2
950	4	6
951	0	5
952	1	4
953	0	1
954	0	8
955	1	5
956	0	3
958	0	5
959	0	4
960	0	5
961	2	4
962	1	6
963	0	5
964	0	5
965	1	6
966	0	6
967	0	5
968	1	4
969	0	8
970	0	2
971	0	4
972	0	1
973	1	7
974	1	2
975	2	5
976	2	5
977	3	4
978	1	3
979	1	0
980	2	4
981	0	2
982	2	4
983	0	2
984	1	6
985	0	10
986	1	3
987	0	3
988	2	2
989	0	12
990	1	6
991	2	2
992	1	2
993	1	5
994	1	3
995	3	3
996	1	3
997	1	6
998	0	10
999	0	2
1000	2	2
1001	1	3
1002	0	1
1003	1	5
1004	1	6
1005	1	7
1006	0	7
1007	1	12
1008	1	2
1009	0	3
1010	2	4
1011	0	5
1012	0	5
1013	5	1
1014	1	6
1015	0	9
1016	1	8
1017	0	3
1018	1	4
1019	2	3
1020	0	5
1021	0	7
1022	1	5
1023	2	6
1024	0	18
1025	0	8
1027	0	7
1028	0	12
1029	3	12
1030	1	23
1031	1	3
1032	1	7
1033	2	3
1034	1	5
1035	2	2
1036	0	3
1037	0	2
1038	7	3
1039	0	3
1040	2	3
1041	0	9
1042	0	2
1043	1	3
1044	0	3
1045	0	1
1046	0	7
1047	0	1
1048	0	9
1049	1	6
1050	1	7
1051	0	2
1052	1	5
1053	1	2
1054	2	4
1055	0	4
1056	0	4
1057	1	9
1058	3	9
1059	0	3
1060	0	1
1061	0	3
1062	1	6
1063	3	4
1064	1	4
1065	2	3
1066	1	1
1067	1	2
1068	1	8
1069	2	5
1070	1	2
1071	1	4
1072	4	6
1073	0	4
1074	1	2
1075	1	5
1076	0	4
1077	1	11
1078	3	3
1079	0	3
1080	0	3
1081	0	4
1082	1	4
1083	1	5
1084	0	5
1085	0	2
1086	1	3
1087	0	2
1088	1	2
1089	0	5
1090	0	5
1091	0	6
1092	1	1
1093	3	7
1094	1	4
1095	0	3
1096	1	3
1097	3	6
1098	1	3
1099	2	3
1100	1	2
1101	0	8
1102	2	6
1103	1	5
1104	1	9
1105	0	4
1106	4	6
1107	2	5
1108	0	4
1109	2	4
1110	2	4
1111	0	5
1112	2	4
1113	2	10
1114	0	6
1115	0	3
1116	1	6
1117	0	2
1118	0	9
1119	0	3
1120	0	1
1121	0	2
1122	1	1
1123	0	2
1124	0	3
1126	0	6
1127	1	4
1128	2	4
1129	1	2
1130	0	7
1131	0	6
1132	0	5
1133	0	7
1134	5	2
1135	0	3
1136	0	5
1137	1	9
1138	1	5
1139	1	3
1140	0	4
1141	0	2
1142	2	2
1143	0	2
1144	1	2
1145	1	1
1146	2	1
1147	3	2
1148	1	2
1149	1	6
1150	0	2
1151	2	5
1152	1	5
1153	0	1
1154	0	3
1155	0	14
1156	2	16
1157	0	5
1158	1	3
1159	2	3
1160	1	3
1161	0	4
1162	0	3
1163	0	2
1164	1	9
1165	0	9
1166	2	5
1167	1	4
1168	0	5
1169	0	4
1170	2	3
1171	1	0
1172	0	1
1173	4	5
1174	3	3
1175	1	6
1176	1	5
1177	0	3
1178	0	5
1179	0	2
1180	0	4
1181	1	1
1182	1	2
1183	0	5
1184	0	4
1185	0	5
1186	0	3
1187	1	7
1188	0	5
1189	1	4
1190	0	5
1191	1	5
1192	1	7
1193	0	3
1194	1	7
1195	5	4
1196	1	4
1197	2	2
1198	2	7
1199	2	4
1200	2	3
1201	3	13
1202	2	4
1203	2	3
1204	1	6
1205	1	7
1206	0	3
1207	0	2
1208	0	5
1209	0	5
1210	0	7
1211	0	3
1212	0	7
1213	1	5
1214	1	4
1215	2	6
1216	1	7
1217	2	3
1218	0	2
1219	1	7
1220	2	4
1221	3	8
1222	2	7
1223	0	5
1224	0	3
1225	0	15
1226	0	10
1227	0	9
1228	1	6
1229	0	2
1230	0	1
1231	1	4
1232	0	6
1233	1	9
1234	0	4
1235	0	1
1236	1	5
1237	0	2
1238	2	4
1239	0	7
1240	1	10
1241	1	3
1242	2	4
1243	0	1
1244	0	3
1245	1	2
1246	0	12
1247	1	5
1248	0	3
1249	1	6
1250	3	9
1251	0	9
1252	1	6
1253	0	2
1254	1	7
1255	1	23
1256	0	14
1257	0	3
1258	1	3
1259	1	5
1260	0	2
1261	0	4
1262	0	6
1263	1	1
1264	0	13
1265	1	6
1266	0	2
1267	0	2
1268	0	1
1269	0	3
1270	2	7
1271	1	2
1272	0	2
1273	2	5
1274	1	3
1275	1	3
1276	0	8
1277	1	6
1278	1	5
1279	0	6
1280	0	4
1281	0	6
1282	1	3
1283	0	3
1284	1	7
1285	0	1
1286	1	2
1287	0	4
1288	2	4
1289	0	4
1290	0	4
1291	1	6
1292	2	4
1293	1	3
1294	0	8
1295	1	3
1296	0	4
1297	0	2
1298	0	3
1299	1	3
1300	0	7
1301	1	6
1302	0	3
1303	1	6
1304	1	5
1305	1	3
1306	2	7
1307	1	8
1308	1	5
1309	1	10
1310	1	3
1311	2	4
1312	2	3
1313	4	4
1314	2	6
1315	0	3
1316	0	4
1317	0	5
1318	1	4
1319	1	0
1320	1	4
1321	1	2
1322	1	4
1323	2	3
1324	2	2
1325	0	1
1326	1	2
1327	1	3
1328	0	9
1329	1	2
1330	0	3
1331	0	8
1332	1	7
1333	0	4
1334	1	7
1335	0	6
1336	1	7
1337	1	7
1338	1	5
1339	1	5
1340	0	5
1341	2	7
1342	1	8
1343	0	2
1344	0	3
1345	0	4
1347	0	7
1348	2	4
1349	1	7
1350	0	5
1351	1	3
1352	1	5
1353	1	8
1354	0	1
1355	0	1
1356	0	4
1357	2	3
1358	0	4
1359	4	6
1360	2	3
1361	2	8
1362	0	6
1363	1	4
1364	0	3
1365	1	5
1366	1	3
1367	1	4
1368	1	5
1369	1	2
1370	1	4
1371	0	5
1372	1	6
1373	0	9
1374	1	8
1375	1	6
1376	0	4
1377	0	2
1378	2	4
1379	1	4
1380	0	2
1381	0	3
1382	1	5
1383	2	4
1384	1	3
1385	0	6
1386	1	1
1387	1	3
1388	0	2
1389	0	3
1390	0	4
1392	1	3
1393	4	2
1394	0	3
1395	0	1
1396	2	5
1397	1	3
1398	0	7
1399	1	3
1400	1	2
1401	0	3
1402	2	1
1403	2	2
1404	0	4
1405	0	3
1406	0	3
1407	1	5
1408	1	5
1409	0	4
1410	3	5
1411	2	5
1412	1	2
1413	1	2
1414	2	9
1415	2	7
1416	2	4
1417	0	3
1418	0	5
1419	2	4
1420	0	4
1421	3	2
1422	1	3
1423	0	3
1424	1	5
1425	0	3
1426	1	6
1427	1	2
1428	0	6
1429	1	7
1430	0	6
1431	1	5
1432	0	8
1433	0	4
1434	1	4
1435	0	5
1436	1	2
1437	1	6
1438	0	7
1439	0	5
1440	1	3
1441	0	3
1442	0	2
1443	0	3
1444	0	5
1445	0	6
1446	0	6
1447	3	0
1448	2	5
1449	3	1
1450	1	4
1451	0	4
1452	2	5
1453	1	2
1454	0	2
1455	0	3
1456	3	3
1457	2	2
1458	0	2
1459	1	3
1461	0	5
1462	2	2
1463	3	5
1464	0	2
1465	0	3
1466	1	4
1467	2	5
1468	0	3
1469	0	2
1470	0	5
1471	1	4
1472	1	4
1473	0	8
1474	0	4
1475	1	9
1476	0	5
1477	1	1
1478	0	9
1479	2	1
1480	0	4
1481	1	2
1482	1	4
1483	2	2
1484	1	1
1485	1	4
1486	0	5
1487	0	1
1488	1	5
1489	1	3
1490	0	2
1491	1	4
1492	0	3
1493	2	9
1495	2	4
1496	0	4
1497	0	4
1498	0	4
1499	0	3
1500	2	2
1501	0	1
1502	0	6
1503	0	5
1504	0	5
1505	0	2
1506	0	4
1507	0	6
1508	0	1
1509	1	5
1510	1	1
1511	0	1
1512	0	1
1513	1	2
1514	1	2
1515	1	7
1516	1	5
1517	0	3
1518	0	4
1519	0	3
1520	0	3
1521	2	3
1522	1	6
1523	2	6
1524	0	1
1525	1	1
1526	0	4
1527	0	3
1528	1	4
1529	0	4
1530	1	8
1531	0	3
1532	0	5
1533	0	4
1534	0	1
1535	2	7
1536	0	9
1537	2	3
1538	0	2
1539	1	1
1540	0	3
1541	1	7
1542	1	10
1543	0	2
1544	0	3
1545	0	3
1546	3	2
1547	0	3
1548	0	3
1549	0	1
1550	2	1
1551	2	1
1552	0	6
1553	0	5
1554	1	3
1555	3	1
1556	1	8
1557	0	5
1558	1	3
1559	0	3
1560	1	1
1561	0	5
1562	1	5
1563	0	5
1564	0	6
1565	3	2
1566	0	2
1567	2	4
1568	2	4
1569	0	1
1570	1	0
1571	1	2
1572	0	5
1573	0	6
1574	0	3
1575	1	1
1576	0	4
1577	2	4
1578	0	3
1579	1	5
1580	1	3
1581	2	6
1582	3	0
1583	1	5
1584	1	3
1585	1	2
1586	2	4
1587	2	3
1588	0	6
1589	0	3
1590	2	6
1591	0	2
1592	1	4
1593	1	3
1594	0	6
1595	1	5
1596	0	5
1597	0	3
1598	0	1
1599	2	1
1600	0	10
1601	3	3
1602	0	6
1603	0	4
1604	0	5
1605	0	5
1606	0	5
1607	0	2
1608	0	8
1609	0	5
1610	4	5
1611	0	3
1612	1	4
1613	0	5
1614	0	5
1615	2	0
1616	1	3
1617	0	3
1618	0	4
1619	0	2
1620	1	5
1621	1	5
1622	1	3
1623	0	4
1624	0	3
1625	0	6
1626	2	4
1627	0	3
1628	0	2
1629	0	5
1630	0	2
1631	1	5
1632	1	6
1633	1	5
1634	1	6
1635	0	3
1636	0	6
1637	1	7
1638	1	4
1639	2	2
1640	0	6
1641	1	5
1642	1	1
1643	1	4
1644	2	4
1645	0	10
1646	1	6
1647	0	1
1648	1	5
1649	0	5
1650	0	3
1651	0	4
1652	0	4
1653	1	3
1654	1	8
1655	0	5
1656	1	3
1658	1	6
1659	1	4
1660	1	2
1661	0	7
1662	1	4
1663	2	3
1664	0	7
1665	0	2
1666	0	5
1667	1	7
1668	0	6
1669	0	1
1670	2	4
1671	0	8
1672	0	4
1673	0	1
1674	0	4
1675	1	2
1676	1	6
1677	0	2
1678	0	3
1679	0	3
1680	4	2
1681	0	1
1682	1	9
1683	2	6
1684	0	4
1685	0	3
1686	0	1
1687	1	9
1688	1	6
1689	1	5
1690	0	3
1691	0	5
1692	0	5
1693	1	3
1694	0	1
1695	1	2
1696	1	2
1697	0	6
1698	0	3
1699	1	1
1700	0	5
1701	0	4
1702	1	2
1703	1	3
1704	2	5
1705	2	3
1706	2	3
1707	1	6
1708	2	4
1709	1	4
1710	2	4
1711	2	6
1712	0	2
1713	2	0
1714	1	8
1715	0	3
1716	2	6
1717	1	4
1718	0	2
1719	2	2
1720	2	4
1721	0	8
1722	0	5
1723	2	2
1724	0	6
1725	1	3
1726	0	7
1727	1	1
1728	0	1
1729	1	3
1730	1	4
1731	1	1
1732	0	4
1733	1	3
1734	0	2
1735	0	4
1736	0	5
1737	0	1
1738	0	1
1739	0	1
1740	0	4
1741	0	5
1742	1	4
1743	1	2
1744	0	7
1745	1	8
1746	0	3
1747	0	2
1748	2	7
1749	0	4
1750	0	11
1751	0	6
1752	0	6
1753	0	5
1754	0	5
1755	0	7
1756	0	8
1757	0	6
1758	1	0
1759	0	2
1760	0	1
1761	1	5
1762	0	2
1763	1	2
1764	0	4
1766	7	2
1767	1	1
1768	0	3
1769	0	4
1770	0	4
1771	0	8
1772	0	2
1773	1	1
1774	0	1
1775	0	7
1776	2	9
1777	2	5
1778	0	6
1779	0	6
1780	1	10
1781	0	1
1782	0	6
1783	0	9
1784	2	5
1785	1	4
1786	2	7
1787	1	3
1788	1	3
1789	0	2
1790	0	3
1791	0	3
1792	0	6
1793	0	2
1794	1	6
1795	0	5
1796	0	5
1797	0	5
1798	0	9
1799	2	4
1800	2	4
1801	1	4
1802	1	9
1803	1	9
1804	1	10
1805	1	4
1806	1	3
1807	2	6
1808	2	5
1809	1	11
1810	3	5
1811	2	5
1812	3	7
1813	0	6
1814	0	4
1815	2	8
1816	2	5
1817	4	4
1818	0	6
1819	0	1
1820	0	9
1821	1	3
1822	1	0
1823	2	1
1824	1	2
1825	2	6
1826	2	5
1827	0	7
1828	0	1
1829	0	5
1830	0	8
1831	0	1
1832	0	3
1833	0	2
1834	2	2
1835	3	5
1836	1	4
1837	0	3
1838	0	3
1839	2	4
1840	0	6
1841	2	7
1842	2	1
1843	1	6
1844	1	2
1845	1	5
1846	0	1
1847	1	3
1848	1	5
1850	0	4
1851	0	3
1852	1	3
1854	2	1
1855	2	2
1856	3	5
1857	1	4
1858	0	4
1859	0	1
1860	0	6
1861	0	4
1862	0	3
1863	1	3
1864	0	4
1865	2	1
1866	1	9
1867	2	4
1868	0	3
1869	0	6
1871	1	3
1872	1	4
1873	0	4
1874	1	2
1875	1	3
1876	1	2
1877	0	5
1878	0	4
1879	1	5
1880	0	3
1881	0	3
1882	0	5
1883	1	7
1884	1	4
1885	0	4
1886	0	8
1887	0	6
1888	0	6
1889	0	3
1890	0	8
1891	1	3
1892	0	3
1893	1	5
1894	0	3
1895	3	2
1896	0	2
1897	1	2
1898	1	4
1899	1	3
1900	1	3
1901	0	4
1902	1	13
1903	0	3
1904	2	4
1905	0	4
1906	3	3
1907	1	4
1908	1	2
1909	0	4
1910	0	6
1911	1	7
1912	0	5
1913	3	5
1914	0	7
1915	1	1
1916	1	10
1917	2	3
1918	0	4
1919	0	3
1920	0	4
1921	1	6
1922	0	3
1923	0	4
1925	1	11
1926	0	5
1927	1	5
1928	0	5
1929	0	6
1930	1	1
1931	4	6
1932	0	3
1933	0	4
1934	0	4
1935	1	3
1936	0	3
1937	0	5
1938	0	2
1939	1	6
1940	2	3
1941	1	5
1942	1	2
1943	0	3
1944	0	3
1945	0	2
1946	0	2
1947	0	4
1948	1	2
1949	0	5
1950	1	2
1951	2	4
1952	1	6
1953	0	5
1954	0	1
1955	0	3
1956	0	3
1957	1	2
1958	0	2
1959	1	6
1960	0	4
1961	0	3
1962	0	4
1963	1	3
1964	1	4
1965	1	10
1966	0	3
1967	1	7
1968	0	1
1969	1	6
1970	1	5
1971	2	5
1972	0	3
1973	0	3
1974	1	2
1975	0	10
1976	0	5
1977	0	4
1978	0	5
1979	0	6
1980	0	4
1981	5	3
1982	2	7
1983	0	4
1984	1	1
1985	2	4
1986	5	3
1987	1	2
1988	2	3
1989	0	4
1990	1	5
1991	1	7
1992	0	5
1993	0	4
1994	0	6
1995	0	2
1996	0	7
1997	0	6
1998	1	7
1999	2	3
2000	0	4
2001	0	9
2002	0	9
2003	1	11
2004	0	5
2005	1	4
2006	1	6
2007	0	1
2008	0	3
2009	0	5
2010	0	5
2011	3	7
2012	0	5
2013	0	12
2014	0	5
2015	2	2
2016	1	4
2017	0	10
2018	1	3
2019	2	4
2020	0	1
2021	0	4
2022	2	6
2023	1	1
2024	0	1
2025	0	3
2026	0	3
2027	0	2
2028	1	2
2029	1	8
2030	0	2
2031	3	7
2032	0	5
2033	2	3
2034	0	1
2035	0	5
2036	0	6
2037	1	3
2038	0	6
2039	0	3
2040	0	2
2041	0	1
2042	0	1
2043	1	8
2044	1	7
2045	1	5
2046	1	4
2047	1	2
2048	2	12
2049	1	1
2050	2	2
2051	1	2
2052	0	4
2053	0	2
2054	0	1
2055	1	6
2056	0	5
2057	0	1
2058	1	3
2059	3	3
2060	0	6
2061	0	5
2062	0	4
2063	0	6
2064	2	6
2065	0	8
2066	0	3
2067	0	4
2068	1	3
2069	0	3
2070	0	6
2071	0	5
2072	1	4
2073	0	4
2074	0	4
2075	0	6
2076	4	6
2077	1	6
2078	1	3
2079	0	3
2080	2	6
2081	0	6
2082	1	6
2083	1	4
2084	1	2
2085	2	0
2086	0	2
2087	0	7
2088	1	2
2089	1	7
2090	1	8
2091	0	8
2092	1	5
2093	0	4
2094	0	8
2095	2	12
2096	0	8
2097	1	8
2098	0	5
2099	0	10
2100	0	5
2101	1	3
2102	0	6
2103	0	5
2104	0	2
2105	0	5
2106	1	4
2107	0	2
2108	0	1
2109	2	5
2110	0	2
2111	4	6
2112	1	4
2113	3	6
2114	1	3
2115	0	2
2116	3	4
2117	2	5
2118	2	3
2119	5	7
2120	1	3
2121	0	2
2122	0	4
2123	1	2
2124	2	4
2125	0	3
2126	0	5
2127	3	4
2128	0	5
2129	3	5
2130	0	3
2131	1	3
2132	0	3
2133	1	3
2134	3	1
2135	1	4
2136	1	5
2137	1	3
2138	0	5
2139	0	3
2140	0	5
2141	2	4
2142	0	1
2143	2	1
2144	2	4
2145	0	5
2146	0	2
2147	1	3
2148	0	1
2149	0	7
2150	3	2
2151	0	8
2152	1	4
2153	1	3
2154	0	6
2155	0	3
2156	0	2
2157	0	2
2158	2	0
2159	1	5
2160	1	3
2161	3	6
2162	0	6
2163	0	4
2164	1	4
2165	1	1
2166	0	4
2167	0	1
2168	1	7
2169	1	4
2170	2	4
2171	3	4
2172	0	4
2173	1	5
2176	2	6
2177	1	4
2178	0	1
2179	0	2
2180	0	10
2181	0	2
2182	2	6
2183	0	7
2184	2	3
2185	0	1
2186	0	2
2187	0	5
2188	0	7
2189	1	1
2190	1	1
2191	1	4
2192	1	3
2193	0	3
2194	0	4
2195	1	3
2196	1	1
2197	1	8
2198	2	3
2199	1	4
2200	0	4
2201	0	3
2202	1	5
2203	0	5
2204	0	5
2205	0	2
2206	0	3
2207	2	6
2208	0	5
2209	2	1
2210	0	5
2211	0	2
2212	4	1
2213	0	3
2214	0	2
2215	1	4
2216	3	6
2217	0	5
2218	5	5
2219	1	8
2220	2	4
2221	3	2
2222	0	3
2223	0	1
2224	0	4
2225	0	4
2226	0	6
2227	0	4
2228	0	7
2229	1	6
2230	1	4
2231	1	1
2232	3	3
2233	1	3
2234	0	3
2235	0	3
2236	0	7
2237	0	3
2238	0	2
2239	0	3
2240	0	3
2241	0	7
2242	0	2
2243	1	7
2244	1	2
2245	3	6
2246	1	3
2247	1	5
2248	5	2
2249	1	7
2250	3	2
2251	2	5
2252	0	5
2253	0	2
2254	1	2
2255	0	3
2256	0	2
2257	1	3
2258	2	2
2259	0	2
2260	0	3
2261	0	4
2262	0	2
2263	1	3
2264	0	1
2265	1	3
2267	0	1
2268	0	2
2269	3	2
2270	1	3
2271	0	6
2272	1	6
2273	1	3
2274	0	6
2275	1	2
2276	0	4
2277	0	8
2278	2	4
2279	0	4
2280	1	3
2281	0	1
2282	1	8
2283	0	3
2284	0	5
2285	1	4
2286	0	2
2287	0	2
2288	1	3
2289	2	4
2290	0	6
2291	1	5
2292	0	3
2293	0	3
2294	0	5
2295	0	3
2296	0	3
2297	0	4
2298	1	4
2299	0	6
2300	0	3
2301	0	5
2302	0	4
2303	2	6
2304	0	11
2305	3	8
2306	1	6
2307	2	4
2308	0	5
2309	0	5
2310	1	0
2311	0	6
2312	1	6
2313	0	3
2314	1	4
2315	4	4
2316	1	10
2317	0	2
2318	0	2
2319	4	4
2320	1	6
2321	0	1
2322	0	6
2323	0	6
2324	0	7
2325	0	3
2326	0	2
2327	0	6
2328	1	1
2329	0	6
2330	1	3
2331	1	2
2332	1	5
2333	3	2
2334	0	4
2335	1	1
2336	0	4
2337	1	3
2338	2	3
2339	3	2
2340	2	7
2341	2	4
2342	2	8
2343	2	4
2344	1	5
2345	0	3
2346	0	4
2347	1	4
2348	0	4
2349	0	1
2350	1	5
2351	1	5
2352	0	4
2353	0	6
2354	1	2
2355	0	8
2356	0	1
2357	0	7
2358	0	5
2359	1	3
2361	1	7
2362	3	3
2363	1	4
2364	1	3
2365	1	3
2366	0	1
2367	2	7
2368	0	5
2369	0	3
2370	0	3
2371	0	2
2372	0	7
2373	0	3
2374	1	4
2375	0	6
2376	0	2
2377	1	3
2378	0	4
2379	2	3
2380	0	13
2381	0	8
2382	0	5
2383	1	3
2384	0	4
2385	1	2
2386	2	4
2387	0	2
2388	1	4
2389	2	6
2390	1	4
2391	1	0
2392	0	3
2393	0	5
2394	1	2
2395	0	5
2396	0	2
2397	0	4
2398	0	6
2399	0	2
2400	0	4
2401	0	4
2402	0	2
2403	0	6
2404	0	11
2405	0	1
2406	0	3
2407	0	2
2408	1	4
2409	2	3
2410	0	4
2411	0	4
2412	0	2
2413	1	1
2414	0	4
2415	1	4
2416	1	3
2417	0	5
2418	2	1
2419	0	5
2420	0	6
2421	1	3
2422	0	3
2423	1	2
2424	0	5
2425	0	3
2426	0	3
2427	1	4
2428	0	4
2429	1	7
2430	1	5
2431	1	3
2432	0	4
2433	2	9
2434	0	4
2436	0	5
2437	1	2
2438	0	3
2439	0	7
2440	0	5
2441	0	5
2442	1	8
2443	2	3
2444	1	2
2445	0	4
2446	0	2
2447	0	7
2448	1	4
2449	2	7
2450	0	2
2451	0	6
2452	2	4
2453	1	3
2454	0	4
2455	2	9
2456	0	5
2457	2	7
2458	1	4
2459	0	3
2460	0	4
2461	0	2
2462	0	5
2463	1	4
2464	0	4
2465	1	2
2466	0	5
2467	1	5
2468	0	6
2469	0	3
2470	0	4
2471	1	5
2472	0	6
2473	0	3
2475	0	1
2476	0	3
2477	1	3
2478	0	3
2479	1	4
2480	0	4
2481	0	3
2482	0	4
2483	0	7
2484	2	3
2485	0	5
2486	0	5
2487	0	5
2488	0	3
2489	2	2
2490	0	2
2491	1	8
2492	1	11
2493	0	5
2494	0	7
2495	1	4
2496	1	3
2497	1	4
2498	0	4
2499	0	6
2500	0	5
2501	3	4
2502	2	3
2503	3	3
2504	1	2
2506	1	1
2507	0	5
2508	0	4
2509	0	2
2511	0	6
2512	0	3
2513	1	4
2514	0	3
2515	0	3
2516	3	6
2517	1	3
2518	2	3
2519	1	6
2520	0	8
2521	0	5
2522	1	4
2523	0	3
2524	0	6
2525	0	7
2526	1	4
2527	0	6
2528	0	4
2529	0	3
2530	2	6
2531	2	5
2532	1	4
2533	4	4
2534	1	4
2535	0	4
2536	0	7
2537	2	7
2538	0	3
2539	2	6
2540	0	5
2541	1	2
2542	1	4
2543	1	3
2544	1	12
2545	2	7
2546	0	6
2547	3	8
2548	1	4
2549	0	6
2550	0	4
2551	0	4
2552	0	7
2553	0	5
2554	0	10
2555	0	8
2556	0	8
2557	1	9
2558	0	7
2559	0	5
2560	1	4
2561	0	5
2562	1	10
2563	1	3
2564	3	5
2565	1	4
2566	0	5
2567	0	3
2568	2	5
2569	0	4
2570	0	9
2571	0	5
2572	2	3
2573	0	6
2574	0	5
2575	0	1
2576	1	3
2578	0	5
2579	0	3
2580	0	3
2581	2	5
2582	0	5
2583	0	1
2584	1	3
2585	1	5
2586	0	3
2587	0	2
2588	0	2
2589	3	6
2590	1	3
2591	0	4
2592	0	6
2593	1	6
2594	0	7
2595	1	7
2596	0	4
2597	1	5
2598	1	2
2599	1	0
2600	0	2
2601	1	2
2602	0	4
2603	2	3
2604	0	7
2605	0	2
2607	0	2
2609	0	6
2610	1	4
2611	0	2
2612	0	2
2613	1	5
2614	2	3
2615	0	4
2616	1	1
2617	0	4
2618	0	4
2619	1	4
2620	1	3
2621	0	3
2622	2	3
2623	1	4
2624	1	2
2625	0	3
2626	1	1
2627	2	5
2628	1	4
2629	0	4
2630	0	2
2631	2	3
2632	2	0
2633	1	1
2634	1	7
2635	0	9
2636	0	5
2637	3	5
2638	2	2
2639	0	3
2640	0	3
2641	1	7
2642	1	2
2643	0	4
2644	0	2
2645	0	4
2646	0	4
2647	0	2
2648	0	6
2649	0	4
2650	1	3
2651	0	1
2652	1	0
2653	0	5
2654	0	5
2655	0	5
2656	1	6
2657	1	3
2658	0	4
2659	0	5
2660	2	7
2661	1	2
2662	1	7
2663	0	6
2664	0	1
2666	0	5
2667	0	5
2668	0	2
2669	1	2
2670	0	5
2671	1	5
2672	3	7
2673	0	1
2674	0	3
2675	2	0
2676	0	2
2677	2	3
2678	0	3
2679	0	1
2680	0	2
2681	1	14
2682	0	2
2683	0	4
2684	0	5
2685	0	3
2686	2	2
2687	0	1
2688	0	4
2689	1	3
2690	0	7
2691	1	4
2692	0	2
2693	1	3
2694	1	4
2695	0	5
2696	0	7
2697	1	6
2698	0	5
2699	1	2
2700	0	6
2702	0	4
2703	2	3
2704	0	6
2705	0	3
2706	0	1
2707	0	2
2708	0	3
2709	0	6
2710	0	6
2711	0	1
2712	1	2
2713	0	1
2714	0	4
2715	0	3
2716	1	7
2717	0	8
2718	2	5
2719	0	7
2720	1	6
2721	0	7
2722	2	1
2723	1	2
2724	0	3
2725	1	3
2726	0	4
2727	1	3
2728	1	2
2729	1	6
2730	1	6
2731	1	1
2732	0	11
2733	0	4
2734	1	9
2735	1	7
2736	1	4
2737	0	4
2738	1	3
2739	0	4
2740	1	6
2741	3	3
2742	2	1
2743	1	2
2745	1	5
2746	1	6
2747	0	3
2748	0	3
2749	1	4
2750	0	3
2751	4	3
2752	2	5
2753	0	4
2754	0	3
2755	1	4
2756	0	5
2757	1	4
2758	0	2
2759	2	3
2760	1	4
2761	1	5
2762	0	6
2763	2	4
2764	0	6
2765	0	4
2766	3	4
2767	1	6
2768	0	2
2769	4	3
2770	9	4
2771	1	4
2772	0	5
2773	2	4
2774	4	3
2775	1	3
2776	3	4
2777	0	4
2778	0	7
2779	0	8
2780	0	7
2781	1	9
2782	0	4
2783	0	2
2784	1	8
2785	3	6
2786	2	5
2787	0	1
2788	2	1
2789	1	2
2790	1	6
2791	0	2
2792	0	6
2793	0	4
2794	0	2
2795	0	3
2796	2	2
2797	0	11
2798	0	4
2799	1	3
2800	1	8
2801	2	7
2802	0	7
2803	1	5
2804	0	11
2805	0	6
2806	0	6
2807	1	3
2808	1	3
2809	1	2
2810	0	7
2811	0	2
2812	2	4
2813	0	6
2814	0	8
2815	1	11
2816	1	7
2817	1	6
2818	1	3
2819	2	3
2820	3	1
2821	0	4
2822	1	5
2823	0	3
2824	0	2
2825	0	3
2826	0	2
2827	0	4
2828	0	1
2829	1	5
2830	1	3
2831	1	5
2832	0	7
2833	0	6
2834	0	5
2835	0	7
2836	0	6
2837	0	4
2838	0	3
2839	0	5
2840	1	3
2841	2	3
2842	0	1
2843	1	4
2844	0	3
2845	1	5
2846	0	3
2847	2	5
2848	1	3
2849	0	1
2850	1	4
2851	0	2
2852	1	3
2853	1	6
2854	1	4
2855	0	5
2856	1	7
2857	2	3
2858	0	3
2859	0	2
2860	0	4
2861	0	3
2862	1	2
2863	0	1
2864	1	2
2865	0	5
2866	1	5
2867	0	7
2868	0	5
2869	0	3
2870	1	2
2871	1	2
2872	0	1
2873	5	3
2874	4	7
2875	0	3
2876	1	4
2877	1	3
2878	1	5
2879	4	3
2880	0	3
2881	2	2
2882	0	2
2883	2	3
2884	0	2
2885	0	4
2886	0	5
2887	0	5
2888	1	1
2889	2	3
2890	2	7
2891	0	6
2892	0	1
2893	0	5
2894	0	6
2895	0	3
2896	1	7
2897	0	3
2898	0	4
2899	1	5
2900	1	1
2901	2	4
2902	1	6
2903	3	1
2904	2	4
2905	0	4
2906	0	3
2907	3	1
2908	0	4
2909	4	7
2910	0	2
2911	0	4
2912	0	7
2913	0	9
2914	0	2
2915	0	2
2916	1	2
2917	1	5
2918	2	0
2919	1	3
2920	2	4
2921	1	2
2922	1	7
2924	1	4
2925	0	4
2926	0	11
2927	0	2
2928	0	3
2929	0	7
2930	1	9
2931	1	6
2932	1	2
2933	0	7
2934	1	4
2935	1	6
2936	1	3
2937	1	6
2938	0	5
2939	0	6
2940	0	6
2941	0	6
2942	0	5
2943	0	3
2944	5	9
2945	0	3
2946	2	2
2947	2	4
2948	1	4
2949	1	6
2950	1	2
2951	0	4
2952	1	6
2953	0	5
2954	1	3
2955	0	6
2956	0	2
2957	0	3
2958	2	4
2959	0	5
2960	0	2
2961	0	9
2962	3	2
2963	0	4
2964	0	3
2965	2	5
2966	0	4
2967	1	2
2968	0	6
2969	0	4
2970	1	8
2971	0	4
2972	1	5
2973	0	4
2974	1	4
2975	0	7
2976	2	7
2977	0	6
2978	2	1
2979	0	5
2980	0	3
2981	0	4
2982	1	10
2983	0	3
2984	0	8
2985	1	3
2986	0	4
2987	0	8
2988	1	2
2989	2	3
2990	1	10
2991	1	3
2992	0	4
2993	1	6
2994	2	5
2995	2	7
2996	0	3
2997	0	7
2998	2	7
2999	0	5
3000	0	7
3001	1	8
3002	0	5
3003	2	6
3004	0	7
3005	0	3
3006	0	8
3007	0	5
3008	0	5
3009	0	6
3010	1	5
3011	1	4
3012	1	3
3013	0	7
3014	0	8
3015	0	8
3016	0	12
3017	0	4
3018	3	5
3019	0	2
3020	1	5
3021	0	4
3023	0	6
3024	0	6
3025	3	5
3026	3	7
3028	0	6
3029	0	2
3030	1	3
3031	0	3
3032	2	6
3033	0	1
3034	0	2
3035	0	6
3036	0	1
3037	2	2
3038	3	1
3039	1	1
3040	2	3
3041	0	4
3042	0	2
3044	0	1
3045	0	5
3046	1	1
3047	0	4
3048	1	6
3049	0	1
3050	0	3
3051	0	1
3052	0	2
3053	2	1
3054	0	2
3055	1	6
3056	0	3
3057	0	3
3058	1	5
3059	0	4
3060	1	5
3061	2	13
3062	0	4
3063	0	3
3064	0	5
3065	1	5
3066	0	2
3067	1	3
3068	0	5
3069	1	7
3070	0	7
3071	0	3
3072	0	3
3073	0	4
3074	0	2
3075	0	7
3076	1	8
3077	1	1
3078	0	5
3079	0	3
3080	1	3
3081	0	8
3082	0	6
3083	2	2
3084	0	5
3085	0	5
3086	1	5
3087	0	5
3088	0	6
3089	0	5
3090	0	9
3091	2	6
3092	0	3
3093	3	4
3094	2	5
3095	0	1
3096	1	5
3097	1	5
3098	3	3
3099	1	2
3100	0	3
3101	0	4
3103	0	2
3104	0	4
3105	0	5
3106	2	4
3107	0	4
3108	0	8
3109	0	3
3110	0	2
3111	2	2
3112	0	3
3113	2	4
3114	1	8
3115	1	3
3116	0	6
3117	0	6
3118	0	5
3119	1	5
3120	0	5
3121	3	5
3122	0	2
3123	0	5
3124	0	2
3125	0	3
3127	1	1
3128	1	3
3129	0	5
3130	0	7
3131	2	3
3132	0	7
3133	0	4
3134	0	2
3135	1	6
3136	0	2
3137	0	2
3138	1	5
3139	0	3
3140	0	2
3141	1	3
3142	1	2
3143	1	2
3144	1	6
3145	3	3
3146	1	2
3147	2	2
3148	0	5
3149	0	1
3150	0	5
3151	0	6
3152	2	7
3153	1	5
3154	2	2
3155	1	5
3156	1	3
3157	1	6
3158	0	9
3159	0	2
3160	1	4
3161	0	5
3162	0	3
3163	0	2
3164	2	4
3165	1	3
3166	0	4
3167	0	3
3168	1	3
3169	0	2
3170	0	6
3171	0	7
3172	0	8
3173	1	7
3174	0	4
3175	2	7
3176	0	3
3177	1	9
3178	0	9
3179	2	7
3180	1	2
3181	0	4
3182	0	6
3183	0	3
3184	0	5
3185	0	2
3186	1	2
3187	0	2
3188	2	4
3189	0	6
3190	1	1
3191	0	3
3192	2	6
3193	1	3
3194	1	6
3195	2	4
3196	0	9
3197	0	2
3198	0	4
3199	0	1
3201	0	8
3202	0	4
3203	0	5
3204	3	2
3205	1	2
3206	1	3
3207	0	8
3208	1	7
3209	1	5
3210	1	7
3211	0	9
3212	0	4
3213	1	4
3214	0	2
3215	1	4
3216	0	9
3217	1	7
3218	2	3
3219	1	3
3220	4	1
3221	0	5
3222	3	3
3223	0	3
3224	0	5
3225	2	4
3226	0	2
3227	1	5
3228	1	5
3229	0	10
3230	0	6
3231	0	5
3232	2	4
3233	0	4
3234	0	3
3235	0	5
3236	0	8
3237	1	6
3238	0	4
3239	0	1
3240	0	5
3241	0	5
3242	0	4
3243	1	8
3244	1	3
3245	0	2
3246	1	1
3247	0	2
3248	1	4
3249	0	5
3250	0	3
3251	0	2
3252	0	8
3253	2	9
3254	1	4
3255	0	2
3256	0	5
3257	2	4
3258	0	3
3259	1	1
3260	2	3
3261	0	2
3262	0	3
3263	1	3
3264	0	3
3265	1	3
3266	2	3
3267	0	8
3268	0	4
3269	0	4
3270	0	5
3271	0	6
3272	0	1
3273	0	2
3274	0	8
3275	0	4
3276	0	5
3277	2	8
3278	2	4
3279	1	8
3280	1	3
3281	0	2
3282	1	10
3283	0	6
3284	1	1
3285	0	4
3286	1	2
3287	0	5
3288	0	5
3289	0	5
3290	0	4
3291	1	1
3292	0	2
3293	1	4
3294	0	2
3295	0	2
3296	0	3
3297	4	6
3298	2	3
3299	0	1
3300	0	5
3301	0	4
3302	0	8
3303	1	2
3304	0	2
3305	0	3
3306	2	1
3307	1	4
3308	0	5
3309	0	6
3310	1	3
3311	0	5
3312	2	3
3313	0	1
3314	0	3
3315	1	4
3316	0	3
3317	1	5
3319	0	2
3320	1	3
3321	1	1
3322	0	6
3323	1	2
3324	0	7
3325	1	5
3326	0	3
3327	2	5
3328	1	2
3329	2	4
3330	0	1
3331	1	5
3332	0	1
3333	1	6
3334	0	7
3335	0	8
3336	0	5
3337	0	5
3338	0	2
3339	1	4
3340	1	4
3341	0	3
3342	3	1
3343	1	5
3344	0	5
3345	0	4
3346	0	3
3347	0	3
3348	0	2
3349	1	2
3350	1	2
3351	0	2
3352	0	4
3353	1	3
3354	0	6
3355	0	6
3356	0	1
3357	0	2
3358	0	6
3359	0	6
3360	2	9
3361	1	3
3362	2	1
3363	1	5
3364	1	3
3365	1	2
3366	1	3
3367	2	2
3368	2	4
3369	0	4
3370	1	2
3371	2	1
3372	0	3
3373	0	5
3374	1	4
3375	2	2
3376	0	2
3377	2	7
3378	2	5
3379	0	3
3380	0	4
3381	0	4
3382	0	2
3383	1	6
3384	0	3
3385	0	5
3386	2	8
3387	0	5
3388	1	7
3389	2	3
3390	2	8
3391	3	7
3392	0	5
3393	0	7
3394	0	4
3395	0	3
3396	2	7
3397	0	5
3398	0	6
3399	1	2
3400	2	5
3401	0	4
3402	0	2
3403	2	2
3404	1	4
3405	1	7
3406	2	10
3407	1	3
3408	0	2
3409	0	5
3410	0	1
3411	1	1
3412	0	2
3413	0	4
3414	0	3
3415	2	3
3416	1	6
3417	0	5
3418	1	3
3419	0	2
3420	0	4
3421	0	3
3422	0	6
3423	0	2
3424	0	4
3425	2	1
3426	1	2
3427	0	6
3428	0	2
3429	1	5
3430	1	5
3431	2	5
3432	0	5
3433	2	5
3434	0	6
3435	1	4
3436	1	3
3437	0	1
3438	0	3
3439	0	2
3440	2	6
3441	1	2
3442	2	6
3443	3	4
3444	0	1
3445	0	4
3446	4	2
3447	1	1
3448	2	2
3449	1	5
3450	2	3
3451	0	3
3452	1	1
3453	0	7
3454	3	5
3455	1	3
3456	0	5
3457	0	3
3458	1	4
3459	0	2
3460	0	1
3461	1	3
3462	1	4
3463	0	3
3464	1	5
3465	0	1
3466	1	4
3467	1	9
3468	2	5
3469	0	3
3470	0	2
3471	1	4
3472	0	4
3473	0	6
3474	0	6
3475	0	2
3476	1	5
3477	0	3
3478	0	3
3479	1	4
3480	0	6
3481	2	8
3482	0	8
3483	3	3
3484	1	3
3485	1	5
3486	3	5
3487	0	7
3488	1	2
3489	2	2
3490	1	5
3491	1	1
3492	0	6
3493	0	3
3494	0	7
3495	2	3
3496	0	3
3497	1	7
3498	0	3
3499	1	3
3500	0	2
3501	0	4
3502	2	4
3503	1	1
3504	0	6
3505	0	3
3506	0	4
3507	0	6
3508	4	4
3509	6	1
3510	2	4
3511	0	7
3512	0	4
3513	0	1
3514	3	5
3515	1	4
3516	0	6
3517	1	7
3518	1	3
3519	1	7
3520	0	1
3521	0	4
3522	0	3
3523	1	7
3524	1	2
3525	0	5
3526	1	3
3527	0	5
3528	0	2
3530	1	5
3531	0	4
3532	0	3
3533	0	2
3534	0	6
3535	0	3
3537	3	2
3538	1	9
3539	0	2
3540	0	3
3541	2	7
3542	0	5
3543	0	3
3544	1	3
3545	0	6
3546	0	3
3547	1	4
3548	0	2
3549	1	4
3550	1	2
3551	0	1
3552	0	2
3553	1	2
3554	0	4
3555	0	5
3556	3	4
3557	0	3
3558	0	1
3559	1	4
3560	0	1
3561	0	7
3562	2	5
3563	1	5
3564	1	4
3565	1	0
3566	1	3
3567	1	5
3568	1	2
3569	0	2
3570	1	4
3571	0	2
3572	1	2
3573	2	6
3574	2	4
3575	0	6
3576	2	3
3577	0	3
3578	0	5
3579	0	3
3580	0	5
3581	1	3
3582	0	6
3583	1	2
3584	0	10
3585	0	4
3586	2	5
3587	2	5
3588	0	8
3589	0	4
3590	1	4
3591	0	5
3592	0	3
3593	1	7
3594	1	17
3595	1	4
3596	2	7
3597	1	9
3598	3	10
3599	0	6
3600	0	2
3601	0	6
3602	2	4
3603	1	4
3604	1	2
3605	1	3
3606	1	7
3607	2	7
3608	0	6
3609	0	4
3610	0	3
3611	0	4
3612	1	7
3613	1	5
3614	1	3
3615	0	2
3616	0	3
3617	2	4
3618	1	3
3619	0	8
3620	0	4
3621	1	2
3622	1	2
3623	1	0
3624	1	2
3625	2	2
3626	1	7
3627	0	8
3628	1	4
3629	1	6
3630	0	4
3631	0	7
3632	2	6
3633	1	4
3634	1	2
3635	2	8
3636	3	6
3637	1	1
3638	1	6
3639	2	1
3640	2	4
3641	0	10
3642	0	1
3643	1	3
3644	0	5
3646	0	2
3647	4	6
3648	1	2
3649	1	3
3650	0	2
3651	0	3
3652	2	3
3653	0	2
3654	0	3
3655	0	5
3656	0	5
3657	2	2
3658	1	7
3659	0	1
3660	1	0
3661	0	4
3662	1	1
3663	1	7
3664	0	3
3665	0	3
3666	1	4
3667	1	3
3668	1	3
3669	0	7
3670	2	4
3671	1	3
3672	2	6
3673	2	6
3674	0	5
3675	2	4
3676	1	2
3677	0	3
3678	2	5
3679	1	5
3680	2	7
3681	0	3
3682	0	6
3683	6	3
3684	0	2
3685	1	2
3686	9	2
3687	2	8
3688	1	4
3689	2	5
3690	0	1
3691	0	2
3692	0	5
3693	0	4
3694	2	3
3695	0	1
3696	0	1
3697	0	5
3698	0	5
3699	2	2
3700	0	4
3701	0	7
3702	2	3
3703	2	3
3704	0	3
3705	2	4
3706	0	3
3707	0	4
3708	0	5
3709	2	4
3710	0	5
3711	2	10
3712	0	4
3713	0	6
3714	1	4
3715	1	7
3716	0	5
3717	1	5
3718	0	5
3719	0	3
3720	0	7
3721	0	3
3722	0	1
3723	2	3
3724	0	2
3725	2	4
3726	0	2
3727	0	8
3728	1	5
3729	2	3
3730	1	5
3731	0	4
3732	0	5
3733	2	5
3734	3	6
3735	1	3
3736	0	6
3737	0	2
3738	0	2
3739	1	3
3740	0	3
3741	0	4
3742	1	3
3743	2	3
3744	1	6
3745	1	4
3746	0	5
3747	0	4
3748	1	4
3749	0	3
3750	0	4
3751	0	9
3752	1	5
3753	1	6
3754	1	4
3755	2	6
3756	0	7
3757	1	4
3758	1	5
3759	1	2
3760	0	8
3761	0	7
3762	0	10
3763	0	5
3764	0	3
3765	0	6
3766	1	8
3767	1	8
3768	1	6
3769	1	4
3770	1	2
3771	1	2
3772	0	5
3773	0	6
3774	2	1
3775	1	6
3776	2	5
3777	0	3
3778	0	4
3779	0	1
3781	0	4
3782	0	3
3783	0	2
3784	1	4
3785	0	6
3786	2	5
3787	0	3
3788	0	3
3789	0	4
3790	2	4
3791	0	3
3792	0	6
3793	1	3
3794	0	5
3795	1	4
3796	1	3
3797	1	2
3798	1	1
3799	1	5
3800	1	5
3801	1	2
3802	0	4
3803	0	2
3804	1	4
3805	1	7
3806	1	7
3807	1	5
3808	0	5
3809	0	3
3810	0	10
3811	2	4
3812	1	2
3813	0	7
3814	3	8
3815	0	5
3816	1	5
3817	0	3
3818	1	5
3819	0	3
3820	1	7
3821	1	5
3822	1	2
3823	2	1
3824	3	4
3825	2	6
3826	0	5
3827	0	4
3828	1	3
3829	1	3
3830	1	2
3831	1	1
3832	1	1
3833	0	2
3834	0	4
3835	0	1
3836	0	4
3837	0	3
3838	1	4
3839	0	2
3840	0	10
3841	1	6
3842	0	7
3843	2	1
3844	2	2
3845	1	0
3846	1	2
3847	0	3
3848	0	7
3849	0	4
3850	0	4
3851	1	6
3852	0	1
3853	0	3
3854	0	5
3855	0	2
3856	2	4
3857	0	3
3858	2	3
3859	1	3
3860	2	4
3861	1	1
3862	0	1
3863	0	4
3864	0	5
3865	2	5
3866	3	3
3867	0	4
3868	0	8
3869	0	1
3870	0	4
3871	2	4
3872	2	3
3873	0	2
3874	2	4
3875	0	4
3876	0	3
3877	2	7
3878	1	3
3879	2	3
3880	0	1
3881	1	5
3882	0	5
3883	0	4
3884	1	2
3885	0	8
3886	1	1
3887	0	7
3888	0	8
3889	2	5
3890	0	4
3891	0	4
3892	0	3
3893	0	2
3894	1	7
3895	0	3
3896	3	10
3897	0	3
3898	2	7
3899	0	4
3900	0	7
3901	0	9
3902	1	8
3903	2	4
3904	0	5
3905	2	6
3906	1	6
3907	0	7
3908	0	3
3909	0	5
3910	1	4
3911	0	5
3912	1	2
3913	2	10
3914	1	8
3915	1	5
3916	1	3
3917	0	7
3918	1	8
3919	0	4
3920	0	5
3921	1	8
3922	1	6
3924	0	4
3925	0	3
3926	2	5
3927	0	3
3928	0	1
3930	1	7
3931	0	4
3932	3	5
3933	0	5
3934	0	5
3935	0	6
3936	0	4
3937	0	6
3938	2	2
3939	0	4
3940	0	2
3941	0	3
3942	4	4
3943	0	3
3944	1	2
3945	1	4
3946	1	5
3947	0	1
3948	0	6
3949	1	4
3950	1	4
3951	0	5
3952	0	6
3953	1	5
3954	0	9
3955	0	6
3956	0	4
3957	0	7
3958	0	6
3959	0	7
3960	0	5
3961	1	2
3962	0	5
3963	0	5
3964	0	4
3965	0	6
3966	1	4
3967	0	5
3968	0	3
3969	1	6
3970	1	4
3971	1	6
3972	0	7
3973	0	6
3974	1	6
3975	0	3
3976	1	4
3977	2	4
3978	0	10
3979	0	3
3980	0	8
3981	1	4
3982	0	2
3983	0	4
3984	0	3
3985	2	3
3986	0	4
3987	3	2
3988	2	2
3989	4	2
3990	1	9
3991	1	5
3992	1	6
3993	1	7
3994	0	1
3995	0	5
3996	0	2
3997	0	4
3998	0	1
3999	1	4
4000	2	4
4001	0	5
4002	0	4
4003	0	5
4004	0	6
4005	0	3
4006	6	5
4007	4	3
4008	0	1
4009	2	4
4010	1	5
4011	1	5
4012	1	3
4013	0	6
4014	2	2
4015	0	6
4016	1	5
4017	0	2
4018	1	7
4019	1	4
4020	1	6
4021	4	4
4022	0	5
4023	1	5
4024	1	3
4025	1	5
4026	0	2
4027	0	4
4028	0	2
4029	7	5
4030	4	8
4031	1	1
4032	0	1
4033	0	4
4034	1	3
4035	1	1
4036	0	2
4037	1	3
4038	1	3
4039	0	3
4040	1	2
4041	0	4
4042	0	2
4043	0	6
4044	2	2
4045	0	3
4046	0	7
4047	0	1
4048	2	1
4049	0	6
4050	1	6
4051	0	5
4052	1	3
4053	0	7
4054	0	4
4055	0	3
4056	1	7
4057	0	6
4058	1	6
4059	1	5
4060	0	2
4061	0	4
4062	0	6
4063	3	5
4064	2	3
4065	0	8
4066	1	2
4067	0	3
4068	3	3
4069	0	6
4070	1	2
4071	1	5
4072	0	4
4073	0	3
4074	0	7
4075	0	6
4076	1	3
4077	0	5
4078	2	5
4079	1	5
4080	0	3
4082	0	4
4083	0	6
4084	1	8
4085	1	3
4086	1	6
4087	0	6
4088	0	6
4089	1	3
4090	0	8
4091	0	4
4092	1	6
4093	0	2
4094	1	4
4095	0	4
4096	0	4
4098	0	3
4099	0	2
4100	3	6
4101	1	2
4102	0	1
4103	2	7
4104	1	1
4105	1	3
4106	0	4
4108	0	2
4109	0	2
4110	3	5
4111	1	2
4112	1	4
4113	3	7
4114	0	5
4115	1	10
4116	1	3
4117	0	1
4118	0	3
4119	0	5
4120	0	13
4121	3	6
4122	0	4
4123	0	6
4124	1	9
4125	1	4
4126	2	2
4127	0	7
4128	0	1
4129	1	4
4130	2	0
4131	1	3
4132	0	4
4133	0	4
4134	0	3
4135	0	2
4136	0	9
4137	0	3
4138	1	5
4139	1	2
4140	1	0
4141	0	5
4142	0	4
4143	1	3
4144	0	8
4145	1	3
4146	1	3
4147	0	2
4148	0	4
4149	0	2
4150	0	5
4151	0	7
4152	0	1
4153	1	3
4154	0	6
4155	1	2
4156	0	1
4157	2	1
4158	0	7
4159	0	7
4160	2	5
4161	0	5
4162	1	6
4163	1	4
4164	0	6
4165	1	7
4166	4	9
4167	1	6
4168	1	1
4169	1	6
4170	0	11
4171	0	7
4172	0	5
4173	0	2
4174	1	4
4175	1	10
4176	2	9
4177	0	6
4178	1	11
4179	1	7
4180	2	7
4181	1	2
4182	0	2
4184	0	9
4185	0	7
4186	1	4
4187	1	6
4188	2	2
4189	0	4
4190	2	2
4191	1	6
4192	3	4
4193	0	5
4194	2	3
4195	1	6
4196	0	5
4197	2	2
4198	1	2
4199	0	3
4200	0	2
4201	0	4
4202	4	6
4203	0	3
4204	0	3
4205	3	5
4206	2	3
4207	0	1
4208	1	3
4209	0	3
4210	1	2
4211	4	2
4212	0	2
4213	1	3
4214	0	7
4215	0	2
4216	0	5
4218	1	5
4219	2	4
4220	1	2
4221	0	7
4222	1	4
4223	2	4
4224	0	4
4225	1	1
4226	0	3
4227	1	3
4228	0	4
4229	2	4
4230	1	7
4231	1	4
4232	0	3
4233	3	3
4234	0	6
4235	2	3
4236	0	6
4237	1	0
4238	0	5
4239	2	1
4240	0	4
4241	1	3
4242	1	2
4243	0	6
4244	2	4
4245	0	3
4246	1	5
4247	0	1
4248	1	4
4249	0	4
4250	0	5
4251	1	8
4252	0	4
4253	0	8
4254	1	3
4255	0	2
4256	0	4
4257	3	2
4258	0	4
4259	2	5
4260	0	3
4261	0	8
4262	0	5
4263	0	3
4264	0	1
4265	0	7
4266	1	3
4267	1	2
4268	1	6
4269	0	1
4270	1	5
4271	0	4
4272	0	3
4273	0	7
4274	0	4
4275	1	2
4276	0	2
4277	1	2
4278	0	3
4279	0	3
4280	0	3
4281	0	4
4282	0	7
4283	0	4
4284	1	8
4286	0	6
4287	0	4
4288	1	6
4289	1	4
4290	1	6
4291	2	2
4292	0	5
4293	2	4
4294	0	8
4295	0	3
4296	0	1
4297	2	6
4298	1	2
4299	1	6
4300	1	4
4301	2	2
4302	0	3
4303	0	2
4304	1	2
4305	0	1
4306	1	4
4307	1	3
4308	0	9
4309	0	7
4310	1	2
4311	1	5
4312	0	5
4313	1	5
4314	0	5
4315	0	5
4316	0	7
4317	0	5
4318	2	4
4319	0	1
4320	1	5
4321	1	6
4322	1	3
4323	2	3
4324	2	4
4325	1	1
4326	0	3
4327	0	3
4328	0	8
4329	0	2
4330	1	0
4331	0	8
4332	0	2
4333	1	3
4334	0	7
4335	0	5
4336	1	3
4337	0	3
4338	1	4
4339	0	4
4340	2	7
4341	1	5
4342	1	1
4343	0	6
4344	1	5
4345	1	9
4346	1	3
4347	0	2
4348	2	3
4349	0	7
4350	0	4
4351	0	3
4353	0	7
4354	1	7
4355	0	5
4356	0	1
4358	3	2
4359	0	2
4360	1	5
4361	0	3
4362	0	2
4363	0	6
4364	0	2
4365	1	7
4366	1	5
4367	2	4
4368	0	5
4369	0	1
4370	2	4
4371	1	6
4372	0	8
4373	3	5
4374	1	8
4375	1	4
4376	1	3
4377	1	4
4378	0	2
4379	1	2
4380	1	4
4381	0	2
4382	1	1
4383	0	7
4384	1	2
4385	1	4
4386	1	4
4387	2	4
4388	0	3
4389	0	6
4390	1	9
4391	0	7
4392	1	6
4393	1	8
4394	2	4
4395	1	2
4396	1	3
4397	0	4
4398	1	8
4399	2	4
4400	1	3
4401	1	5
4402	1	2
4403	0	3
4404	2	5
4405	0	1
4406	1	3
4407	4	6
4408	0	5
4409	0	2
4410	0	4
4411	3	3
4412	0	2
4413	0	3
4414	0	3
4415	2	2
4417	1	7
4418	1	3
4419	0	3
4420	1	5
4421	0	2
4422	0	6
4423	0	6
4424	0	5
4425	1	4
4426	0	6
4427	1	4
4428	0	6
4429	0	5
4430	0	1
4431	1	5
4432	0	2
4433	0	2
4434	2	3
4435	0	5
4436	0	2
4437	0	1
4438	1	3
4439	0	2
4440	0	2
4441	1	2
4442	1	5
4443	4	2
4444	0	4
4445	0	2
4446	0	3
4447	2	9
4448	2	4
4449	1	9
4450	2	4
4451	0	4
4452	0	5
4453	1	2
4454	0	4
4455	0	7
4456	0	3
4457	1	6
4458	0	6
4459	0	7
4460	1	5
4461	3	3
4462	0	4
4463	0	1
4464	1	2
4465	0	4
4466	3	7
4467	1	3
4468	3	4
4469	1	4
4470	0	5
4471	1	5
4472	2	5
4473	3	4
4474	0	2
4475	1	4
4476	0	3
4477	1	7
4478	1	6
4479	0	1
4480	0	7
4481	0	2
4482	1	2
4483	0	3
4484	0	2
4485	1	0
4486	1	2
4487	0	5
4488	1	5
4489	1	4
4490	0	1
4491	2	2
4492	1	4
4493	1	3
4494	1	7
4495	1	8
4496	0	5
4497	0	3
4499	0	4
4500	1	2
4501	2	5
4502	0	4
4503	0	5
4504	1	2
4505	0	2
4506	0	3
4507	0	4
4508	0	3
4509	1	2
4510	0	4
4511	0	5
4512	0	4
4513	1	4
4514	0	3
4515	0	4
4516	1	5
4517	1	10
4518	1	4
4519	0	3
4520	1	3
4521	0	4
4522	1	5
4523	0	2
4524	1	4
4525	0	4
4526	0	4
4527	1	3
4528	1	4
4529	3	3
4530	0	1
4531	1	1
4532	1	4
4533	0	4
4534	0	2
4535	0	6
4536	1	3
4537	2	5
4538	1	3
4539	0	4
4540	0	4
4541	1	7
4542	0	9
4543	0	6
4544	0	8
4545	2	5
4546	0	1
4547	2	1
4548	1	4
4549	1	2
4550	0	1
4551	2	3
4552	0	5
4553	1	3
4554	0	7
4555	0	4
4556	0	2
4557	0	5
4558	1	6
4559	1	4
4560	1	3
4561	1	3
4562	0	2
4563	0	5
4564	0	3
4565	0	3
4566	0	1
4567	0	1
4568	0	2
4569	0	6
4570	1	3
4571	0	2
4572	0	2
4573	0	2
4574	0	4
4575	0	6
4576	1	2
4577	3	2
4578	1	2
4579	1	1
4580	0	4
4581	0	7
4582	0	4
4583	1	7
4584	0	1
4585	1	7
4586	1	18
4587	0	2
4588	2	2
4589	0	3
4590	0	6
4591	0	3
4592	0	4
4593	0	7
4594	0	8
4595	2	10
4596	1	5
4597	3	4
4598	2	8
4599	2	5
4600	1	5
4601	3	7
4602	0	6
4603	2	5
4604	0	5
4605	0	5
4606	0	1
4607	0	4
4608	1	4
4609	0	5
4610	0	2
4611	1	8
4612	1	5
4613	0	6
4614	0	3
4615	0	4
4616	1	1
4617	2	8
4618	2	4
4619	1	6
4620	0	4
4621	0	3
4622	0	5
4623	0	4
4624	0	5
4625	1	3
4626	1	6
4627	1	2
4628	0	7
4629	0	1
4630	1	5
4631	2	4
4632	0	1
4633	0	8
4634	0	1
4635	0	9
4636	0	6
4637	1	4
4638	1	9
4639	0	5
4640	1	5
4641	0	8
4642	4	4
4643	1	6
4644	1	3
4645	0	2
4646	0	4
4647	1	6
4648	3	12
4649	3	5
4650	2	6
4651	0	6
4652	0	1
4653	1	4
4654	0	2
4655	1	7
4656	0	6
4657	0	5
4658	1	2
4659	0	5
4660	2	4
4661	2	2
4662	0	2
4663	0	7
4664	0	1
4665	1	6
4666	1	3
4667	1	2
4668	1	5
4669	1	1
4670	1	3
4671	0	1
4672	0	6
4673	0	4
4674	1	3
4675	0	1
4676	0	10
4677	0	1
4678	0	3
4679	0	2
4680	1	3
4681	0	5
4682	2	1
4683	1	2
4684	0	6
4685	2	4
4686	1	10
4687	0	5
4688	0	6
4689	1	2
4690	0	2
4691	0	5
4692	0	2
4693	0	1
4694	0	4
4695	1	2
4696	0	4
4697	0	3
4698	1	8
4699	0	9
4700	0	5
4701	0	5
4702	0	7
4703	3	5
4704	0	6
4705	0	6
4706	0	5
4707	1	5
4708	3	7
4709	0	8
4710	1	1
4711	1	4
4712	0	7
4713	0	9
4714	0	3
4715	0	6
4716	2	6
4717	0	7
4718	1	11
4719	1	4
4720	1	4
4721	0	10
4722	1	8
4723	0	2
4724	0	4
4725	1	2
4726	1	2
4727	0	7
4728	1	5
4729	0	4
4730	1	5
4731	2	3
4732	0	3
4733	2	3
4734	2	6
4735	0	2
4736	3	4
4737	1	5
4738	1	2
4739	0	6
4740	0	3
4741	1	3
4742	0	7
4743	3	3
4744	0	5
4745	0	2
4746	0	4
4747	0	2
4748	2	4
4749	1	1
4750	0	3
4751	0	2
4752	1	5
4753	0	3
4754	0	2
4755	0	5
4756	0	2
4757	2	4
4758	1	1
4759	3	3
4760	1	2
4761	2	0
4762	0	5
4763	1	4
4764	1	2
4765	1	5
4766	0	6
4767	0	3
4768	1	4
4769	0	2
4770	0	5
4771	0	10
4772	0	3
4773	0	4
4774	1	3
4775	0	3
4776	0	5
4777	1	4
4778	0	3
4779	0	7
4780	3	3
4781	0	6
4782	1	0
4783	0	6
4784	1	4
4785	1	2
4786	0	3
4787	0	7
4788	2	5
4789	0	3
4790	1	3
4791	2	9
4792	1	5
4793	0	4
4794	1	3
4795	1	4
4796	0	5
4797	0	2
4798	1	3
4799	0	3
4800	1	1
4801	3	3
4802	1	6
4803	2	1
4804	2	9
4805	0	6
4806	1	4
4807	2	6
4808	3	9
4809	2	7
4810	1	5
4811	0	1
4812	0	3
4813	1	4
4814	0	3
4815	0	2
4816	0	3
4817	1	4
4818	1	4
4819	0	6
4820	0	4
4821	0	4
4822	2	7
4823	2	10
4824	0	5
4825	0	8
4826	0	11
4827	1	8
4828	0	6
4829	0	9
4830	0	5
4831	2	5
4832	0	6
4833	0	1
4834	1	5
4835	2	6
4836	0	4
4837	2	1
4838	0	4
4839	0	3
4840	0	5
4841	1	3
4843	0	1
4844	1	2
4845	0	3
4846	1	3
4847	2	2
4848	0	5
4849	0	1
4850	0	7
4852	0	6
4853	0	3
4854	0	6
4855	0	1
4856	0	6
4857	2	5
4858	0	4
4859	0	7
4860	0	1
4861	2	3
4862	0	1
4863	0	1
4864	0	6
4865	0	4
4866	1	4
4867	0	3
4868	3	5
4869	0	1
4870	3	5
4871	0	7
4872	0	3
4873	1	4
4874	0	5
4875	1	5
4876	2	5
4877	1	5
4878	1	2
4879	0	4
4880	1	5
4881	0	4
4882	1	3
4883	0	5
4884	0	5
4885	0	4
4886	0	4
4887	4	3
4888	0	3
4889	1	2
4890	1	1
4891	0	4
4892	0	5
4893	1	2
4894	2	8
4895	1	9
4896	0	5
4897	0	4
4898	1	4
4899	0	3
4900	1	1
4901	0	1
4902	0	1
4903	0	3
4904	0	4
4905	1	6
4906	0	3
4907	1	8
4908	3	2
4909	1	3
4910	0	2
4911	0	2
4912	0	7
4913	1	1
4914	5	6
4915	0	3
4916	1	3
4917	1	3
4918	1	9
4919	0	2
4920	0	3
4921	0	5
4922	1	2
4923	0	5
4924	0	4
4925	0	7
4926	0	6
4927	1	5
4929	1	7
4930	1	4
4931	0	4
4932	1	4
4933	0	4
4934	0	4
4935	2	5
4936	0	2
4937	0	4
4938	0	5
4940	1	3
4941	0	2
4942	0	3
4943	1	3
4944	1	5
4945	0	2
4946	1	4
4947	0	2
4948	0	6
4949	1	4
4950	3	7
4951	0	3
4952	2	5
4953	2	5
4954	2	9
4955	0	6
4956	1	2
4957	2	5
4958	0	3
4959	0	2
4960	1	2
4961	1	4
4962	0	4
4963	1	2
4964	1	1
4965	1	2
4966	0	4
4967	0	5
4968	4	3
4969	2	6
4970	0	2
4971	0	4
4972	1	2
4973	0	3
4974	0	4
4975	0	6
4976	0	5
4978	1	3
4979	0	2
4980	0	6
4981	0	4
4982	0	2
4983	0	6
4984	1	2
4985	2	2
4986	2	4
4987	1	1
4988	0	7
4989	1	3
4990	0	5
4991	0	2
4992	0	8
4993	1	8
4994	1	4
4995	0	7
4996	0	1
4997	0	7
4998	1	4
4999	1	4
5000	0	1
5001	1	3
5002	0	4
5003	0	7
5004	1	8
5005	0	5
5006	1	2
5008	0	3
5009	1	6
5010	0	1
5011	1	6
5012	1	4
5013	1	2
5014	1	2
5015	0	4
5016	0	6
5017	0	3
5018	2	3
5019	1	3
5020	1	6
5021	0	5
5022	0	2
5023	1	3
5024	0	5
5025	3	11
5026	0	12
5027	2	6
5028	1	3
5029	0	4
5030	0	5
5031	1	8
5032	0	3
5033	0	4
5034	0	5
5035	0	6
5036	0	5
5037	2	9
5038	1	4
5039	2	5
5040	0	6
5041	0	3
5042	1	3
5043	0	3
5044	1	4
5045	2	2
5046	0	3
5047	0	5
5048	2	2
5049	1	3
5050	0	5
5051	0	3
5052	1	0
5053	1	1
5054	0	4
5055	0	4
5056	1	6
5057	0	5
5058	0	2
5059	0	3
5060	2	3
5061	1	5
5062	1	2
5064	0	1
5065	0	2
5066	1	8
5067	0	6
5068	1	6
5069	0	4
5070	2	5
5071	1	3
5072	0	4
5073	2	9
5074	2	6
5075	0	4
5076	0	6
5077	1	0
5078	0	5
5079	1	7
5080	2	3
5081	1	5
5082	0	2
5083	0	5
5084	0	4
5085	0	1
5086	0	4
5087	1	4
5088	1	3
5089	0	4
5090	1	5
5091	0	4
5093	0	4
5094	1	5
5095	0	5
5096	1	4
5097	1	0
5098	1	4
5099	0	7
5100	1	3
5101	0	3
5102	1	3
5103	2	3
5104	1	4
5105	2	2
5106	0	5
5107	0	4
5108	1	3
5109	1	2
5110	0	9
5111	2	6
5112	2	6
5113	0	1
5114	0	5
5115	0	5
5116	2	2
5117	0	4
5118	1	1
5119	1	4
5120	1	7
5121	1	4
5122	0	1
5123	1	13
5124	3	10
5125	1	5
5126	1	6
5127	1	4
5128	2	3
5129	0	9
5130	1	6
5131	0	6
5132	0	5
5133	0	6
5134	3	4
5135	1	2
5136	1	7
5137	2	4
5138	1	2
5139	0	5
5140	0	4
5141	0	4
5142	0	5
5143	0	8
5144	0	7
5145	2	3
5146	0	8
5147	0	7
5148	0	2
5149	0	3
5150	0	2
5151	0	3
5152	1	3
5153	0	7
5154	1	2
5155	0	10
5156	2	10
5157	1	5
5158	0	4
5159	1	3
5160	1	6
5161	1	4
5162	0	4
5163	0	5
5164	1	5
5165	3	1
5166	0	2
5167	0	1
5168	0	5
5169	0	5
5170	0	6
5171	0	5
5172	1	2
5173	0	6
5174	1	4
5175	0	4
5176	1	3
5177	1	5
5178	0	3
5179	0	3
5180	0	4
5181	0	6
5182	0	2
5183	1	8
5184	0	4
5185	1	6
5186	2	5
5187	0	4
5188	1	5
5189	0	2
5190	4	4
5191	1	4
5192	2	4
5193	0	7
5194	0	5
5195	0	3
5196	2	8
5197	0	3
5198	2	7
5199	1	5
5200	0	8
5201	0	4
5202	0	3
5203	1	5
5204	1	1
5205	0	8
5206	0	5
5207	0	6
5208	2	3
5209	0	7
5210	1	2
5211	0	2
5212	0	7
5213	0	3
5214	0	8
5215	2	3
5216	0	7
5217	0	1
5218	1	5
5219	1	5
5220	2	2
5221	1	4
5222	2	3
5223	2	3
5224	0	6
5225	0	8
5226	3	2
5227	2	6
5228	2	1
5229	0	3
5230	0	4
5231	0	6
5232	0	3
5233	1	6
5234	1	1
5235	0	10
5236	0	22
5237	0	16
5238	0	7
5239	2	8
5240	0	6
5241	1	8
5242	1	5
5243	3	7
5244	1	2
5245	1	6
5246	2	5
5247	4	5
5248	1	4
5249	0	4
5250	0	2
5251	0	5
5252	0	2
5253	0	6
5254	1	4
5255	1	8
5256	1	4
5257	0	6
5258	0	2
5259	2	2
5260	1	4
5261	0	1
5262	1	9
5263	0	7
5264	0	5
5265	1	5
5266	0	3
5267	0	5
5268	2	3
5269	0	3
5270	1	1
5271	0	1
5272	0	8
5273	0	3
5275	0	8
5276	1	4
5277	0	2
5278	1	4
5279	0	7
5280	1	1
5281	0	4
5282	0	3
5283	5	3
5284	1	3
5285	1	3
5286	0	1
5287	0	5
5288	1	4
5289	0	3
5290	0	2
5291	0	2
5292	1	5
5293	0	4
5294	0	5
5295	0	7
5296	0	3
5297	2	3
5298	0	1
5299	0	2
5300	1	8
5301	0	4
5302	0	3
5303	0	2
5304	0	5
5305	3	2
5306	0	2
5307	0	3
5308	0	4
5309	2	2
5310	0	3
5311	0	6
5312	1	6
5313	0	7
5314	0	4
5315	1	2
5316	0	3
5317	1	6
5318	0	1
5319	0	6
5320	0	2
5321	4	5
5322	0	5
5323	1	3
5324	0	6
5325	1	0
5326	1	3
5327	0	5
5328	1	6
5329	1	5
5330	0	3
5331	0	5
5332	0	11
5333	0	11
5334	3	4
5335	1	8
5336	5	4
5337	1	9
5338	2	9
5339	1	7
5340	1	3
5341	1	8
5342	4	6
5343	1	11
5344	0	3
5345	1	2
5346	1	3
5347	0	8
5348	2	4
5349	0	6
5350	0	4
5351	0	3
5352	2	2
5353	0	5
5354	3	2
5355	2	6
5356	0	7
5357	1	8
5358	0	5
5359	1	3
5360	0	3
5361	0	4
5362	0	5
5363	3	7
5364	1	7
5365	2	6
5366	0	1
5367	0	3
5368	0	4
5369	1	4
5370	0	7
5371	0	4
5372	0	4
5373	0	4
5374	0	3
5375	0	8
5376	1	3
5377	1	1
5378	2	4
5380	0	3
5381	1	7
5382	0	2
5383	1	1
5384	1	4
5385	0	3
5386	1	4
5387	1	5
5388	1	1
5389	0	2
5390	1	5
5391	0	4
5392	0	9
5393	0	2
5394	0	2
5395	0	6
5396	1	3
5397	0	1
5398	0	4
5399	1	5
5400	1	3
5401	1	6
5402	0	3
5403	3	4
5404	1	3
5405	0	4
5406	0	3
5407	2	2
5408	0	4
5409	1	3
5410	0	3
5411	1	5
5412	0	2
5413	1	4
5414	1	2
5415	1	10
5416	0	3
5417	2	1
5418	1	4
5419	0	4
5420	0	2
5421	2	4
5422	0	1
5423	0	5
5424	1	2
5425	0	7
5426	1	2
5427	1	7
5428	1	5
5429	0	2
5430	0	9
5431	1	2
5432	1	6
5433	2	6
5434	1	5
5435	1	6
5436	1	8
5437	0	6
5438	0	9
5439	0	12
5440	1	13
5441	0	6
5442	1	8
5443	1	7
5444	1	3
5445	0	4
5446	0	1
5447	0	6
5448	0	7
5449	0	3
5450	1	7
5451	1	2
5452	2	1
5453	0	4
5454	0	6
5455	1	3
5456	1	8
5457	1	2
5458	1	4
5459	1	1
5460	1	1
5461	2	5
5462	1	4
5463	0	4
5464	0	3
5465	0	4
5466	0	5
5467	0	4
5468	1	4
5469	0	2
5470	1	2
5471	1	7
5472	2	4
5473	2	5
5474	0	2
5475	1	3
5476	1	6
5478	0	6
5479	0	3
5480	0	4
5481	1	3
5482	0	3
5483	0	7
5484	0	4
5485	0	3
5486	0	4
5487	0	1
5488	0	3
5489	1	6
5490	1	5
5491	0	3
5492	0	6
5493	0	2
5494	1	3
5495	1	4
5496	2	3
5497	0	4
5498	1	7
5499	1	6
5500	0	2
5501	1	4
5502	0	3
5503	2	2
5504	0	4
5505	0	1
5506	0	2
5507	2	4
5508	0	6
5509	0	5
5510	0	2
5511	0	5
5512	0	5
5513	1	2
5514	0	6
5515	1	7
5516	0	6
5518	0	7
5519	0	1
5520	1	7
5521	1	3
5522	0	4
5523	1	5
5524	1	6
5525	1	8
5526	0	1
5527	0	3
5528	0	1
5529	1	2
5530	0	5
5531	5	4
5532	0	7
5533	2	5
5534	1	3
5535	0	6
5536	0	5
5537	0	2
5538	0	5
5539	0	2
5540	1	2
5541	1	2
5542	0	3
5543	1	4
5544	1	3
5545	2	3
5546	3	6
5547	0	5
5548	0	4
5549	0	1
5550	0	4
5551	1	1
5552	0	6
5553	0	2
5554	0	2
5555	2	1
5556	1	3
5557	1	2
5558	0	4
5559	3	2
5560	1	6
5561	1	4
5562	2	1
5563	0	4
5564	1	2
5565	0	6
5566	0	6
5567	3	4
5568	0	2
5569	0	3
5570	0	3
5571	0	5
5572	0	2
5573	0	2
5574	2	12
5575	2	7
5576	4	4
5577	0	5
5578	1	4
5579	0	7
5580	0	8
5581	0	6
5582	0	4
5583	1	2
5584	0	7
5585	0	9
5586	0	6
5587	0	5
5588	0	6
5589	1	5
5590	0	2
5591	1	1
5592	1	2
5593	0	2
5594	0	5
5595	0	6
5596	1	9
5597	1	6
5598	1	6
5599	0	6
5600	1	1
5601	2	7
5602	0	6
5603	0	2
5604	0	3
5605	0	4
5606	0	7
5607	1	6
5608	0	6
5609	1	8
5610	1	3
5611	0	8
5612	1	4
5613	1	6
5614	0	3
5615	0	3
5616	2	6
5617	1	6
5618	0	2
5619	2	5
5620	1	2
5621	0	1
5622	0	5
5623	1	1
5624	2	4
5625	2	4
5626	1	2
5627	0	7
5628	0	4
5629	0	3
5630	0	4
5631	2	4
5632	0	6
5634	0	8
5635	0	2
5636	0	4
5637	0	4
5638	2	4
5639	0	8
5640	2	3
5641	1	4
5642	1	5
5643	0	7
5644	1	4
5645	0	4
5646	0	5
5647	1	4
5648	1	7
5649	0	4
5650	0	4
5651	0	7
5652	0	4
5653	0	5
5654	0	6
5655	1	3
5656	0	3
5657	0	3
5658	1	4
5659	0	3
5660	1	3
5661	0	2
5662	0	5
5664	3	3
5665	0	2
5666	7	5
5667	0	2
5668	2	4
5669	0	6
5670	0	5
5671	0	8
5672	0	4
5673	0	3
5674	0	7
5675	0	6
5676	1	3
5677	1	2
5678	1	7
5679	1	3
5680	2	1
5681	0	10
5682	1	4
5683	0	2
5684	0	6
5685	2	2
5686	0	3
5687	2	5
5688	2	10
5689	0	5
5690	0	3
5691	2	3
5692	2	4
5693	0	6
5694	0	3
5695	1	2
5696	0	2
5697	0	6
5698	1	3
5699	0	3
5700	2	5
5701	0	5
5702	0	2
5703	0	5
5704	1	1
5705	0	8
5706	0	7
5707	0	3
5708	1	3
5710	1	1
5711	2	7
5712	1	2
5713	2	1
5714	0	5
5715	0	3
5716	1	1
5717	1	3
5718	1	0
5719	1	2
5720	2	3
5721	2	1
5722	0	1
5723	0	5
5724	0	2
5725	0	4
5726	1	3
5727	0	2
5728	1	1
5729	1	6
5730	1	9
5731	0	3
5732	0	5
5733	0	5
5734	0	5
5735	1	7
5736	0	2
5737	0	7
5738	0	4
5739	0	3
5740	0	5
5741	0	2
5742	2	5
5743	1	1
5744	1	1
5745	0	1
5746	1	2
5747	0	6
5748	0	3
5749	0	3
5750	0	4
5751	0	2
5752	0	1
5753	1	3
5754	2	9
5756	0	5
5757	0	5
5758	0	3
5759	0	7
5760	0	4
5761	0	7
5762	0	8
5763	0	2
5764	0	4
5765	1	5
5766	0	9
5767	0	1
5768	1	8
5769	2	3
5770	0	4
5771	0	3
5772	1	5
5773	0	5
5774	0	1
5775	3	1
5776	1	2
5777	1	5
5778	1	8
5779	0	1
5780	0	5
5781	0	5
5782	1	6
5783	1	0
5784	0	3
5785	0	5
5786	2	11
5787	0	8
5788	1	4
5790	1	7
5791	2	2
5792	4	2
5793	0	3
5794	0	3
5795	0	2
5796	0	3
5797	1	3
5798	2	4
5800	0	2
5801	1	2
5802	0	1
5803	1	8
5804	2	6
5805	0	2
5806	1	3
5807	1	8
5808	1	3
5809	0	3
5810	0	5
5811	2	2
5812	0	11
5813	1	13
5814	1	4
5816	0	7
5817	2	3
5818	2	7
5819	0	5
5820	0	5
5821	0	4
5822	0	3
5823	0	3
5824	0	7
5825	0	3
5826	1	4
5827	0	3
5828	2	4
5829	1	6
5830	2	7
5831	0	5
5832	0	6
5833	1	13
5834	0	5
5835	1	6
5836	2	7
5837	0	3
5838	0	11
5839	1	6
5840	1	6
5841	1	9
5842	1	9
5843	0	4
5844	0	8
5845	3	7
5846	0	7
5847	1	7
5848	0	9
5849	2	6
5850	0	5
5851	0	3
5852	3	4
5853	0	3
5854	0	1
5855	0	2
5856	3	1
5857	0	2
5858	2	4
5859	0	7
5860	2	2
5861	0	8
5862	1	5
5863	0	4
5864	2	5
5865	0	5
5866	0	3
5867	1	5
5868	0	4
5869	0	6
5870	0	5
5871	3	5
5872	1	4
5873	0	3
5874	0	6
5875	2	2
5876	1	6
5877	1	3
5878	0	7
5879	1	8
5880	1	3
5881	1	5
5882	0	1
5883	0	2
5884	0	3
5885	0	6
5886	0	1
5887	0	5
5888	0	2
5889	0	5
5890	1	5
5891	1	3
5892	2	6
5893	1	6
5894	0	2
5895	0	3
5896	2	3
5897	0	3
5898	0	5
5900	1	8
5901	0	5
5902	0	5
5903	2	6
5904	1	3
5905	3	4
5906	0	10
5907	0	7
5908	2	8
5909	0	1
5910	1	5
5911	1	6
5912	1	3
5913	2	4
5914	0	6
5915	0	6
5916	0	4
5917	0	9
5918	1	2
5919	0	9
5920	0	5
5921	0	2
5922	0	2
5923	0	5
5924	0	3
5926	0	3
5927	0	2
5928	1	2
5929	2	1
5930	1	2
5931	0	3
5932	0	6
5933	0	5
5934	2	8
5935	1	3
5936	0	4
5937	0	3
5938	0	8
5939	0	6
5940	1	2
5941	0	5
5942	2	3
5943	1	4
5944	0	3
5945	0	9
5946	0	4
5947	1	3
5948	0	5
5950	0	5
5951	1	1
5952	0	5
5953	1	2
5954	1	4
5955	1	2
5956	0	5
5957	1	4
5958	0	2
5959	2	6
5960	0	4
5961	0	2
5962	1	4
5963	0	8
5964	0	2
5965	0	6
5966	4	3
5967	1	3
5968	0	3
5969	0	2
5970	0	4
5971	0	3
5972	1	5
5973	1	5
5974	1	6
5975	0	5
5976	1	3
5977	1	5
5978	1	8
5979	0	3
5980	2	9
5981	2	3
5982	0	2
5983	0	3
5984	0	5
5985	1	6
5986	0	7
5987	0	3
5988	1	3
5989	2	3
5990	1	7
5991	1	6
5992	1	5
5993	0	4
5994	2	2
5995	0	3
5996	0	7
5997	0	4
5998	1	1
5999	1	2
6000	0	2
6001	0	5
6002	0	5
6003	0	3
6004	1	5
6005	0	3
6006	0	6
6007	0	6
6008	0	2
6010	1	4
6011	1	3
6012	1	2
6013	0	3
6014	1	4
6015	1	4
6016	1	2
6017	0	7
6018	2	10
6019	0	2
6020	1	5
6021	0	3
6022	1	3
6023	0	2
6024	2	6
6025	2	4
6026	0	7
6027	3	7
6028	3	6
6029	0	5
6030	1	6
6031	0	4
6032	0	4
6033	2	6
6034	2	3
6035	0	3
6036	2	2
6037	0	5
6038	0	5
6039	0	1
6040	1	6
6041	1	4
6042	0	3
6043	0	6
6044	0	5
6045	0	7
6046	0	2
6047	0	2
6048	0	6
6049	0	3
6050	0	5
6051	0	3
6052	0	2
6053	2	5
6054	0	3
6055	1	3
6056	0	5
6057	0	5
6058	0	3
6059	1	2
6060	2	1
6061	0	2
6062	0	3
6063	0	4
6064	0	1
6065	2	11
6066	1	4
6067	2	5
6068	0	1
6069	1	2
6070	0	10
6071	0	2
6072	1	3
6073	1	1
6074	2	5
6075	0	3
6076	1	2
6077	0	6
6078	0	2
6079	2	4
6080	1	4
6081	2	4
6082	3	4
6083	1	4
6084	0	4
6085	0	5
6086	1	8
6087	1	7
6088	0	1
6089	0	1
6090	0	2
6091	0	4
6092	0	9
6093	1	5
6094	1	1
6095	0	1
6096	0	3
6097	0	6
6098	2	3
6099	0	1
6100	1	0
6101	0	3
6102	0	6
6103	1	1
6104	1	3
6105	0	3
6106	0	7
6107	0	2
6108	0	5
6109	1	3
6111	0	9
6112	0	5
6113	2	4
6114	0	5
6115	0	2
6116	1	3
6117	1	2
6118	0	1
6119	2	2
6120	1	3
6121	1	4
6122	0	3
6123	3	2
6124	2	5
6125	4	4
6126	3	2
6127	0	3
6128	1	5
6129	0	3
6130	1	7
6131	0	6
6132	0	4
6133	0	3
6134	2	4
6135	0	3
6136	1	2
6137	0	1
6138	0	5
6139	1	6
6140	3	2
6141	3	2
6142	0	3
6143	0	5
6144	0	2
6145	1	4
6146	0	5
6147	0	3
6148	0	4
6149	0	3
6150	3	4
6151	1	3
6152	2	3
6153	0	4
6154	1	2
6155	1	3
6156	3	7
6157	0	1
6158	0	3
6159	0	3
6160	1	4
6161	0	5
6162	1	1
6163	0	4
6164	2	16
6165	2	15
6166	0	3
6167	0	2
6168	0	6
6169	0	5
6170	1	2
6171	0	3
6172	0	3
6173	1	3
6174	0	2
6175	0	5
6176	0	4
6177	1	7
6178	0	2
6179	0	5
6180	0	7
6181	1	5
6182	1	5
6183	1	6
6184	0	4
6185	1	4
6186	1	7
6187	0	2
6188	0	11
6189	1	2
6190	0	6
6191	1	6
6192	0	4
6193	1	8
6194	1	3
6195	1	4
6196	1	7
6197	2	1
6198	0	4
6199	0	4
6200	3	4
6201	0	5
6202	1	7
6203	0	6
6204	2	5
6205	0	3
6206	3	2
6207	1	3
6208	1	4
6209	1	4
6210	0	3
6211	0	4
6212	2	3
6213	1	3
6214	0	2
6215	0	4
6216	0	5
6217	0	1
6218	0	3
6219	2	6
6220	1	3
6221	0	5
6222	0	2
6223	1	2
6224	0	3
6225	0	7
6226	3	5
6227	1	5
6228	0	3
6229	0	5
6230	1	2
6231	0	7
6232	0	1
6233	1	1
6234	0	4
6235	2	4
6236	0	9
6237	1	2
6238	0	2
6239	0	7
6240	0	5
6241	0	1
6242	0	3
6243	0	8
6244	0	4
6245	0	1
6246	0	6
6247	1	2
6248	0	2
6249	1	8
6250	0	7
6251	0	6
6252	1	5
6253	0	10
6254	0	3
6255	1	2
6256	0	1
6257	0	1
6258	0	8
6259	0	6
6260	0	6
6261	3	5
6262	2	3
6263	0	2
6264	1	7
6265	1	1
6266	1	2
6267	0	1
6268	1	6
6269	0	2
6270	0	4
6271	0	4
6272	1	7
6273	2	2
6274	0	5
6275	2	3
6276	2	4
6278	0	1
6279	0	5
6280	1	7
6281	0	9
6282	0	5
6283	0	2
6284	1	1
6285	0	7
6286	0	3
6287	0	1
6288	1	4
6289	0	7
6290	1	8
6291	1	4
6292	0	6
6293	0	5
6294	0	3
6295	0	5
6296	1	2
6297	0	2
6299	0	5
6300	0	5
6301	2	3
6302	1	0
6303	1	2
6304	1	2
6305	0	4
6306	2	7
6307	1	3
6308	2	4
6309	0	1
6310	1	7
6311	2	3
6312	1	8
6313	0	6
6314	0	3
6315	4	2
6316	0	3
6317	0	2
6318	0	2
6319	3	7
6320	3	2
6322	4	6
6323	0	2
6324	0	1
6325	0	4
6326	0	2
6327	0	3
6328	0	5
6329	0	2
6330	0	3
6331	0	2
6332	2	2
6333	0	4
6334	4	3
6335	0	5
6336	1	8
6337	0	2
6338	1	6
6339	0	4
6340	0	5
6341	0	4
6342	0	3
6343	0	5
6344	0	4
6346	0	2
6347	1	5
6348	0	5
6349	1	6
6350	3	3
6351	0	6
6352	0	7
6353	0	4
6354	0	5
6355	1	4
6356	0	4
6357	0	5
6358	2	6
6359	0	5
6360	2	2
6361	0	5
6362	2	3
6363	0	7
6364	1	3
6365	1	2
6366	0	7
6367	0	1
6368	0	2
6369	1	3
6370	0	4
6371	2	1
6372	0	4
6373	0	2
6374	0	2
6375	0	4
6376	0	3
6377	1	4
6378	1	1
6379	1	3
6380	0	4
6381	1	4
6382	0	6
6383	0	4
6384	0	3
6385	1	3
6386	0	4
6387	1	3
6388	1	1
6389	1	2
6390	1	2
6391	1	4
6392	2	1
6393	0	2
6394	0	4
6395	1	3
6396	0	2
6397	0	3
6398	1	9
6399	1	4
6400	2	2
6401	1	7
6402	1	5
6403	1	6
6404	0	1
6405	3	3
6406	1	6
6407	0	3
6408	1	2
6409	1	3
6410	0	1
6411	0	6
6412	0	3
6413	1	3
6414	0	6
6415	0	3
6416	0	4
6417	0	6
6418	1	3
6419	2	4
6420	0	6
6421	0	6
6422	0	2
6423	0	6
6424	0	2
6425	1	4
6426	1	4
6427	0	4
6428	0	3
6429	0	4
6430	0	3
6431	1	3
6432	1	2
6433	0	3
6434	0	2
6435	0	3
6436	0	3
6437	0	4
6438	0	5
6439	0	2
6440	1	3
6441	0	4
6442	0	6
6443	2	8
6444	1	6
6445	1	5
6446	0	12
6447	0	7
6448	0	6
6449	0	5
6450	0	4
6451	0	2
6452	0	2
6453	1	4
6454	1	4
6455	0	2
6456	1	6
6457	2	1
6458	3	1
6459	0	5
6460	2	6
6461	0	4
6462	1	2
6463	1	3
6464	1	4
6465	1	4
6466	1	4
6467	1	3
6468	0	4
6469	1	4
6470	1	6
6471	2	4
6472	1	10
6473	0	8
6474	0	2
6475	0	3
6476	0	3
6477	0	2
6478	0	4
6479	1	0
6480	0	7
6481	1	3
6482	1	4
6483	0	1
6484	1	3
6486	0	5
6487	2	1
6488	1	7
6489	0	3
6490	2	4
6491	2	5
6492	0	3
6493	0	3
6494	0	3
6495	0	8
6496	0	7
6497	0	2
6498	0	7
6499	1	4
6500	1	4
6501	0	3
6502	0	3
6503	1	4
6504	0	4
6505	1	6
6506	1	5
6507	2	4
6508	1	4
6509	1	4
6510	0	5
6511	0	4
6512	0	7
6513	1	2
6514	0	3
6515	1	5
6516	1	1
6517	2	4
6518	0	4
6519	1	6
6520	0	5
6521	0	4
6522	1	1
6523	0	3
6524	3	3
6525	2	4
6526	6	1
6527	2	1
6528	1	2
6529	0	8
6530	0	3
6531	0	4
6532	0	7
6533	0	9
6534	1	4
6535	0	5
6536	1	5
6537	0	2
6538	0	4
6539	0	6
6540	1	2
6541	0	2
6542	0	2
6544	0	2
6545	0	3
6546	1	6
6547	3	2
6548	1	2
6549	0	6
6550	0	7
6551	0	2
6552	1	4
6553	1	0
6554	3	1
6555	4	4
6556	2	4
6557	5	3
6558	0	2
6559	0	5
6560	0	4
6561	2	4
6562	1	5
6563	1	1
6564	0	3
6565	0	6
6566	2	2
6567	1	4
6568	1	0
6569	1	4
6570	0	4
6571	0	5
6572	2	3
6573	2	0
6574	1	3
6575	1	3
6576	2	7
6577	1	3
6578	0	3
6579	4	6
6580	0	3
6581	1	2
6582	1	5
6583	0	6
6584	1	3
6585	0	1
6586	0	6
6587	1	3
6588	0	7
6589	0	3
6590	0	2
6591	0	4
6592	1	6
6593	1	5
6594	1	0
6595	0	8
6596	0	3
6597	0	3
6598	0	1
6599	2	2
6600	0	3
6601	1	7
6602	1	2
6603	0	3
6604	1	1
6605	0	2
6606	1	4
6607	0	5
6608	0	4
6609	1	5
6610	0	3
6611	1	1
6612	1	2
6613	0	4
6614	2	7
6615	0	7
6616	1	3
6617	1	3
6618	3	8
6619	1	6
6620	2	5
6621	2	1
6622	1	4
6623	0	2
6624	0	7
6625	0	3
6626	0	3
6627	4	4
6628	0	5
6629	1	2
6630	2	0
6631	0	6
6632	0	5
6634	0	3
6635	0	3
6636	2	5
6637	1	3
6638	0	3
6639	0	4
6640	1	2
6641	0	7
6642	0	1
6643	1	2
6644	1	5
6645	0	2
6646	0	4
6647	0	3
6648	0	3
6649	1	1
6650	0	3
6651	1	4
6652	0	4
6653	1	1
6654	0	3
6655	0	5
6656	0	4
6657	3	5
6658	0	3
6659	1	5
6660	1	0
6661	0	5
6662	2	1
6663	1	4
6664	1	3
6665	0	7
6666	1	2
6667	0	3
6668	0	3
6669	2	8
6670	2	4
6671	0	6
6672	0	1
6673	0	3
6674	0	6
6675	0	8
6676	0	2
6677	0	1
6678	3	6
6679	0	5
6680	1	6
6681	0	7
6682	0	3
6683	0	5
6684	0	2
6685	1	2
6686	0	7
6687	2	4
6688	1	4
6689	2	5
6690	1	6
6691	0	2
6692	0	5
6693	1	3
6694	1	4
6695	0	2
6696	0	1
6697	2	4
6698	0	3
6699	0	2
6700	0	4
6701	0	5
6702	2	6
6703	0	4
6704	0	2
6705	1	1
6706	1	7
6707	2	9
6708	0	1
6709	0	3
6710	0	3
6711	0	3
6712	0	5
6713	0	5
6714	2	1
6715	1	2
6716	0	1
6717	0	4
6718	0	4
6719	0	7
6720	1	7
6721	0	3
6722	1	5
6723	0	5
6724	1	3
6725	3	2
6726	0	2
6727	0	7
6728	0	1
6729	1	5
6730	0	2
6731	1	6
6732	1	1
6733	1	6
6734	0	7
6735	1	5
6736	0	5
6737	1	3
6738	1	9
6739	0	6
6740	2	3
6741	0	6
6742	1	10
6743	0	4
6744	0	1
6745	1	4
6746	0	4
6747	1	8
6748	0	7
6749	2	6
6750	1	7
6751	0	1
6752	0	6
6753	0	2
6754	0	2
6755	0	3
6756	1	3
6757	0	1
6758	0	2
6759	0	7
6760	0	3
6761	1	3
6762	1	3
6763	0	7
6764	0	5
6765	0	5
6766	3	5
6767	0	2
6768	1	4
6769	1	5
6770	1	5
6771	0	4
6772	1	3
6773	0	1
6774	0	5
6775	1	2
6776	0	8
6777	1	4
6778	7	5
6780	2	5
6781	0	6
6782	0	2
6783	0	2
6784	1	5
6785	0	4
6786	1	2
6787	0	2
6788	0	5
6789	1	3
6790	2	4
6791	0	5
6792	3	5
6793	1	3
6794	1	1
6795	1	7
6796	1	2
6797	0	3
6798	2	4
6799	0	1
6800	0	1
6801	0	3
6802	0	3
6803	1	5
6804	7	2
6805	5	4
6806	2	2
6807	0	5
6808	1	3
6809	0	3
6810	1	4
6811	0	3
6812	0	1
6813	0	5
6814	2	7
6815	1	6
6816	1	7
6817	0	9
6818	0	6
6819	0	4
6820	0	6
6821	1	6
6822	0	2
6823	1	4
6824	0	3
6825	1	5
6826	1	5
6827	0	5
6828	0	5
6829	0	2
6830	0	3
6831	1	4
6832	1	6
6833	0	6
6834	0	1
6835	0	6
6836	0	5
6837	0	6
6838	0	6
6839	0	8
6840	0	6
6841	0	5
6842	0	3
6843	0	6
6844	1	13
6845	0	4
6846	1	5
6847	0	4
6848	0	2
6849	1	7
6850	1	3
6851	0	2
6852	1	3
6853	0	4
6854	1	3
6855	1	5
6856	2	5
6857	1	9
6858	1	4
6859	1	4
6860	4	3
6861	2	3
6862	0	4
6863	0	7
6864	0	1
6865	0	4
6866	1	6
6867	0	2
6868	1	8
6869	1	4
6870	0	3
6871	2	3
6872	1	4
6873	0	7
6874	1	1
6875	0	4
6876	1	2
6877	0	4
6878	1	3
6879	0	3
6880	0	5
6881	0	7
6882	1	5
6883	1	6
6884	0	6
6885	0	4
6886	0	4
6887	1	3
6888	1	2
6889	0	6
6890	0	3
6891	0	7
6892	1	6
6893	1	5
6894	2	3
6895	0	5
6896	1	4
6897	0	6
6898	0	5
6899	0	2
6900	0	4
6901	0	5
6902	0	2
6903	0	10
6904	1	3
6905	0	4
6906	0	2
6907	0	1
6908	1	4
6910	0	4
6911	2	3
6912	0	4
6913	0	3
6914	1	4
6915	0	3
6916	1	4
6917	1	3
6918	0	2
6919	2	2
6920	0	2
6921	2	6
6922	0	7
6923	1	1
6924	1	7
6925	2	7
6926	2	5
6927	0	4
6928	1	6
6929	0	7
6930	1	1
6931	1	5
6932	0	8
6933	0	5
6934	0	3
6935	1	3
6936	0	4
6937	0	3
6938	2	4
6940	0	4
6941	0	9
6942	0	5
6943	1	6
6944	0	6
6945	1	3
6946	1	3
6947	1	5
6948	0	3
6949	2	3
6950	1	5
6951	0	3
6952	1	4
6953	0	4
6954	0	3
6955	0	2
6956	1	1
6957	0	1
6958	0	7
6959	0	6
6960	1	8
6961	1	3
6962	0	5
6963	0	4
6964	0	4
6965	2	2
6966	1	4
6967	0	2
6968	1	2
6969	0	3
6970	1	2
6971	1	2
6972	2	3
6973	2	4
6974	0	5
6975	0	3
6976	0	1
6977	0	5
6978	2	5
6979	0	4
6980	3	4
6981	1	14
6982	0	8
6983	0	11
6984	0	7
6985	0	6
6986	2	5
6987	0	3
6988	2	5
6989	1	5
6990	1	6
6991	6	4
6992	2	4
6993	2	2
6994	1	3
6995	0	6
6996	1	5
6997	0	6
6998	0	3
6999	0	7
7000	1	3
7001	1	4
7002	0	4
7003	1	4
7004	0	6
7005	2	5
7006	2	0
7007	1	6
7008	0	2
7009	1	4
7010	2	8
7011	2	6
7012	1	3
7014	2	0
7015	0	2
7016	0	3
7017	0	2
7018	0	2
7019	1	3
7020	0	2
7021	0	4
7022	1	6
7023	0	6
7024	0	5
7025	2	8
7026	3	4
7027	3	2
7028	0	4
7029	0	1
7030	0	8
7031	0	2
7032	0	6
7033	1	3
7034	0	2
7035	1	4
7036	0	2
7037	1	1
7039	0	5
7040	0	5
7041	0	12
7042	0	3
7043	0	5
7044	0	4
7045	0	4
7046	0	1
7047	0	1
7048	0	5
7049	1	7
7050	0	3
7051	1	2
7052	2	1
7053	1	3
7054	1	5
7055	2	5
7056	1	1
7057	1	1
7058	0	1
7059	1	1
7060	1	5
7061	2	2
7062	0	6
7063	1	4
7064	1	3
7065	2	3
7066	0	4
7067	0	3
7068	2	4
7069	0	6
7070	1	3
7071	1	1
7072	0	5
7073	0	5
7074	0	7
7075	0	3
7076	0	4
7077	2	2
7078	0	4
7079	2	3
7080	1	3
7081	1	4
7082	3	2
7083	4	3
7084	1	3
7085	3	3
7086	0	1
7087	1	4
7088	0	5
7089	1	3
7090	0	3
7091	1	1
7092	0	3
7093	1	3
7094	0	2
7095	0	4
7096	1	2
7097	1	5
7098	2	6
7099	0	7
7100	0	4
7101	0	7
7102	1	4
7103	0	1
7104	0	4
7105	0	7
7106	2	4
7107	1	4
7108	0	9
7109	1	4
7110	0	5
7111	0	7
7112	1	6
7113	0	6
7114	0	3
7115	1	3
7116	0	5
7117	0	4
7118	0	2
7119	0	5
7120	0	7
7121	0	1
7122	0	4
7123	0	5
7124	0	5
7125	0	4
7126	1	4
7127	0	5
7128	0	4
7129	0	10
7130	1	7
7131	3	2
7132	0	4
7133	0	6
7134	0	3
7135	0	3
7136	0	2
7137	3	3
7138	0	3
7139	1	4
7140	1	3
7141	0	15
7142	0	5
7143	0	15
7144	0	1
7145	1	0
7146	0	3
7147	0	7
7148	1	7
7149	0	7
7150	1	4
7151	3	2
7152	1	5
7153	1	3
7154	0	3
7155	1	3
7156	2	4
7157	0	3
7158	0	4
7159	1	7
7160	1	4
7161	1	5
7162	0	7
7163	1	8
7164	1	7
7165	0	4
7166	0	6
7167	1	5
7168	0	4
7169	2	6
7170	0	2
7171	0	4
7172	0	5
7173	0	3
7174	1	6
7175	1	5
7176	0	3
7177	0	4
7178	0	2
7179	2	2
7180	0	2
7181	0	5
7182	0	6
7183	0	3
7184	0	2
7185	0	3
7186	2	11
7187	0	3
7188	1	4
7189	0	7
7190	0	5
7191	0	4
7192	1	0
7193	0	6
7194	0	6
7195	1	1
7196	1	5
7197	0	2
7198	1	2
7199	0	5
7200	0	2
7201	0	3
7202	0	6
7203	0	3
7204	0	5
7205	1	2
7206	0	4
7207	0	2
7208	0	1
7210	0	8
7211	4	5
7212	2	10
7214	0	6
7215	0	3
7216	0	2
7217	0	7
7218	1	5
7219	1	4
7220	4	3
7221	0	3
7222	1	1
7223	1	4
7224	0	2
7225	0	5
7226	1	4
7227	1	2
7228	1	5
7229	3	4
7230	1	5
7231	3	4
7232	0	4
7233	0	1
7234	1	2
7235	1	1
7236	6	2
7237	1	3
7238	2	2
7239	1	3
7240	0	5
7241	1	9
7242	1	4
7243	0	3
7244	1	2
7245	2	7
7246	1	2
7247	0	5
7248	1	4
7249	1	3
7250	1	3
7251	0	4
7253	0	6
7254	1	6
7255	1	5
7256	1	2
7257	1	1
7258	0	4
7259	0	5
7260	1	2
7261	0	1
7262	1	1
7263	0	1
7264	0	1
7265	1	6
7266	1	3
7267	0	3
7268	4	3
7269	0	2
7270	5	2
7271	0	4
7272	0	2
7273	0	3
7274	2	6
7275	3	4
7276	0	3
7277	1	7
7278	0	5
7279	0	1
7280	0	6
7281	0	4
7282	0	5
7283	1	2
7284	0	8
7285	0	13
7286	0	11
7287	1	2
7288	0	3
7289	1	3
7290	0	3
7291	0	5
7292	0	1
7293	0	8
7294	0	2
7295	0	5
7296	2	4
7297	0	3
7298	1	5
7299	0	4
7300	0	4
7301	1	5
7302	1	1
7303	1	0
7304	1	0
7306	1	7
7307	1	7
7308	0	6
7309	0	4
7310	2	4
7311	0	4
7312	2	1
7314	1	3
7315	0	4
7316	0	5
7317	0	2
7318	1	4
7319	2	4
7320	0	3
7321	0	7
7322	1	0
7323	1	5
7324	0	5
7325	1	2
7326	0	1
7327	0	4
7328	0	4
7329	1	5
7330	0	3
7331	1	1
7332	1	6
7333	0	12
7334	0	1
7335	1	5
7336	1	2
7337	1	1
7338	0	3
7339	1	3
7340	0	6
7341	0	5
7342	0	10
7343	0	4
7344	0	5
7345	1	2
7346	1	2
7347	1	5
7348	0	5
7349	1	3
7350	0	1
7351	0	6
7352	1	6
7353	0	8
7354	1	4
7355	0	6
7356	0	2
7357	2	2
7358	0	5
7359	0	3
7360	0	9
7361	4	6
7362	0	4
7363	1	1
7364	0	3
7365	1	9
7366	0	7
7368	1	2
7369	1	2
7370	1	4
7371	0	6
7372	0	8
7373	0	4
7374	0	4
7375	0	4
7376	0	6
7377	1	5
7378	2	4
7379	0	6
7380	2	7
7381	0	5
7382	0	8
7383	1	9
7385	1	4
7386	0	7
7387	0	7
7388	1	8
7389	0	2
7390	0	7
7391	1	7
7392	1	4
7393	1	8
7394	1	5
7395	1	4
7396	0	2
7397	2	10
7398	0	6
7399	0	7
7400	1	6
7401	0	7
7402	2	4
7403	1	10
7404	3	3
7405	4	4
7406	2	3
7407	1	7
7408	3	1
7409	0	3
7410	2	1
7411	0	7
7412	0	5
7413	0	4
7414	2	4
7415	1	3
7418	0	5
7419	1	14
7420	1	3
7421	0	4
7422	2	5
7423	1	3
7424	2	5
7425	1	6
7426	0	3
7427	1	4
7428	1	6
7429	0	5
7430	0	7
7431	1	7
7432	0	5
7433	0	5
7434	0	3
7435	1	5
7436	1	3
7437	0	3
7438	0	1
7439	0	7
7440	0	1
7441	0	7
7442	3	4
7443	0	4
7444	2	1
7445	3	4
7446	0	4
7447	0	7
7448	1	7
7449	1	4
7450	2	3
7451	0	2
7452	1	4
7453	1	3
7454	0	3
7455	3	2
7456	0	3
7457	1	4
7458	2	5
7459	2	2
7460	1	2
7461	1	0
7462	2	5
7463	0	4
7464	1	3
7465	0	3
7466	3	3
7467	0	3
7468	1	2
7469	2	2
7470	1	6
7471	2	1
7472	0	7
7473	1	2
7474	0	4
7475	0	6
7476	1	4
7477	0	4
7478	1	5
7479	1	3
7480	2	3
7481	1	2
7482	0	3
7483	0	6
7484	1	5
7485	1	6
7486	0	5
7487	1	2
7488	0	4
7489	0	8
7490	0	3
7491	1	7
7492	2	3
7493	0	4
7494	0	7
7495	1	4
7496	1	1
7497	0	3
7498	2	5
7499	1	3
7500	1	5
7501	0	3
7502	0	4
7503	0	5
7504	2	7
7505	1	7
7506	1	5
7507	0	10
7508	1	4
7509	0	3
7510	0	5
7511	0	5
7512	0	4
7513	2	8
7514	0	4
7515	3	3
7516	0	1
7517	0	3
7518	0	4
7519	1	3
7520	0	5
7521	1	6
7522	0	1
7523	0	11
7524	0	5
7525	2	5
7526	0	6
7527	1	4
7528	4	5
7529	2	3
7530	4	3
7531	0	7
7532	0	2
7533	0	5
7534	0	5
7535	0	4
7536	1	4
7537	1	4
7538	0	4
7539	0	4
7540	1	4
7541	1	3
7542	1	6
7543	0	3
7544	1	0
7545	0	4
7546	0	4
7547	0	4
7548	1	5
7549	0	9
7550	0	3
7551	0	5
7552	1	3
7553	3	3
7554	0	3
7555	3	4
7556	1	2
7557	0	3
7558	0	6
7559	0	2
7560	1	13
7561	0	2
7562	1	4
7563	0	5
7564	0	2
7565	0	2
7566	0	4
7567	0	8
7568	0	3
7569	0	7
7570	0	4
7571	1	3
7572	0	2
7573	1	9
7574	1	8
7575	0	4
7576	2	6
7577	0	7
7578	1	4
7579	0	6
7580	0	4
7581	0	1
7582	0	2
7583	1	6
7584	0	2
7585	0	4
7586	1	4
7587	1	4
7588	0	8
7589	2	3
7590	1	1
7591	0	13
7592	0	3
7593	1	3
7594	0	4
7595	0	8
7596	0	5
7597	0	14
7598	0	7
7599	1	4
7600	1	3
7601	0	4
7602	2	6
7603	2	4
7604	1	3
7605	1	3
7606	3	5
7607	0	3
7608	0	6
7609	1	3
7610	1	3
7611	0	4
7612	0	3
7613	1	6
7614	0	4
7615	0	4
7616	0	2
7617	0	1
7618	0	7
7619	2	4
7620	0	3
7621	1	4
7622	1	1
7623	0	3
7624	0	2
7625	1	6
7626	0	4
7627	0	4
7628	0	1
7629	0	5
7630	0	5
7631	0	12
7632	1	9
7633	1	7
7635	1	3
7636	1	5
7637	0	4
7638	1	2
7639	1	11
7640	0	6
7641	2	5
7642	1	5
7643	1	8
7644	1	6
7645	1	7
7646	0	6
7647	0	4
7648	0	9
7649	0	2
7650	0	3
7651	0	6
7652	0	3
7653	0	4
7654	0	4
7655	0	4
7656	1	3
7657	0	5
7658	0	7
7659	2	6
7660	0	6
7661	0	2
7662	1	7
7663	0	7
7664	0	5
7665	1	2
7666	0	6
7667	1	2
7668	1	1
7669	1	3
7670	0	4
7671	0	8
7672	0	7
7673	0	6
7674	1	5
7675	1	2
7676	1	5
7677	0	6
7678	1	3
7679	0	7
7680	1	8
7681	0	3
7682	0	3
7683	0	1
7684	1	3
7685	1	4
7686	0	4
7687	0	2
7688	0	4
7689	0	1
7690	1	7
7691	0	3
7692	0	6
7693	0	4
7694	1	4
7695	1	4
7696	1	9
7697	0	5
7698	0	6
7699	3	4
7700	1	7
7701	0	6
7702	0	3
7703	1	2
7704	0	1
7706	0	5
7707	0	7
7708	2	4
7709	1	8
7710	3	3
7711	0	5
7712	0	4
7713	0	5
7714	0	3
7715	0	4
7716	0	1
7717	3	9
7718	1	8
7719	0	3
7720	1	5
7721	0	5
7722	0	4
7723	1	9
7724	1	4
7725	1	5
7726	0	4
7727	0	4
7728	2	4
7729	2	3
7730	0	1
7731	1	0
7732	0	4
7733	1	4
7734	1	3
7735	1	3
7736	1	5
7737	1	6
7738	0	2
7739	1	8
7740	0	10
7741	0	10
7742	3	2
7743	2	3
7744	1	8
7745	2	6
7746	1	2
7747	0	5
7748	0	5
7749	0	4
7750	1	1
7751	0	9
7752	1	5
7753	0	5
7755	1	2
7756	0	5
7757	0	3
7758	1	2
7759	0	3
7760	1	6
7761	1	4
7762	1	10
7763	1	1
7764	2	3
7765	1	6
7766	1	1
7767	1	4
7768	0	1
7769	0	5
7770	0	1
7771	0	5
7772	0	1
7773	0	7
7774	2	4
7775	1	3
7776	0	3
7777	0	3
7778	1	4
7779	1	6
7780	0	3
7781	1	5
7782	1	5
7783	0	7
7784	2	2
7785	0	3
7786	0	2
7787	0	3
7788	1	3
7789	2	3
7790	1	1
7791	1	4
7792	1	2
7793	0	3
7794	0	1
7795	0	4
7796	0	2
7797	1	2
7798	0	1
7799	0	4
7800	0	3
7801	0	4
7802	0	4
7803	1	6
7804	3	5
7805	0	6
7806	0	5
7807	2	4
7808	1	3
7809	1	3
7810	0	3
7811	0	3
7812	1	5
7813	0	7
7814	0	2
7815	1	1
7816	1	5
7817	0	4
7818	0	5
7819	0	2
7820	0	6
7821	1	3
7822	0	6
7823	0	4
7824	1	3
7825	0	5
7826	0	6
7827	1	4
7828	0	4
7829	0	8
7830	1	4
7831	0	6
7832	0	4
7833	0	5
7834	1	3
7835	0	5
7836	1	8
7837	1	4
7838	1	5
7839	1	5
7840	2	6
7841	0	3
7842	1	6
7843	0	4
7844	1	3
7845	0	4
7846	2	3
7847	2	9
7848	1	6
7849	0	3
7850	2	6
7851	1	6
7852	0	10
7853	1	5
7854	2	3
7855	0	5
7857	0	2
7858	0	3
7859	1	5
7860	1	6
7861	1	7
7862	1	5
7863	0	6
7864	0	7
7865	1	4
7866	2	7
7867	0	6
7868	1	9
7869	2	6
7870	0	5
7871	0	3
7872	0	8
7873	0	9
7874	0	5
7875	0	7
7876	0	4
7877	0	3
7878	0	10
7879	0	3
7880	0	7
7881	2	6
7882	0	3
7883	0	7
7884	0	8
7885	2	4
7886	1	8
7887	1	6
7888	1	9
7889	0	2
7890	0	4
7891	0	1
7892	1	1
7893	0	2
7894	0	6
7895	1	4
7896	0	2
7897	0	4
7898	0	3
7899	0	2
7900	1	4
7901	0	3
7902	1	1
7903	0	2
7904	0	5
7905	3	3
7906	0	4
7907	0	2
7908	0	6
7909	1	2
7910	0	4
7911	0	6
7912	0	2
7913	1	1
7914	1	1
7915	1	2
7916	2	4
7917	2	2
7918	0	2
7919	1	6
7920	2	1
7921	0	8
7922	0	3
7923	1	4
7924	0	6
7925	0	3
7926	0	4
7927	0	2
7928	2	1
7929	1	4
7930	1	4
7931	1	6
7932	0	8
7933	0	5
7934	0	3
7935	0	6
7936	1	5
7937	1	1
7938	2	2
7939	1	5
7940	1	4
7941	1	8
7942	1	4
7943	0	4
7944	1	3
7945	0	2
7946	0	9
7947	0	1
7948	1	2
7949	1	4
7950	0	4
7951	0	6
7952	0	8
7953	0	2
7954	0	6
7955	0	3
7956	0	4
7957	0	6
7958	0	6
7959	0	2
7960	0	3
7961	1	4
7962	0	1
7963	0	4
7964	0	6
7965	0	4
7966	1	3
7967	0	3
7968	1	7
7969	0	4
7970	0	6
7971	0	4
7972	0	3
7973	1	3
7974	1	2
7975	0	4
7976	1	6
7977	0	1
7978	0	3
7979	0	4
7980	0	3
7981	0	3
7982	1	4
7983	0	2
7984	1	2
7985	0	4
7986	4	5
7987	1	9
7988	1	11
7989	1	9
7990	1	18
7991	0	6
7992	0	3
7993	0	6
7994	1	2
7995	0	5
7996	0	4
7997	2	5
7998	1	6
7999	0	4
8000	0	8
8001	1	6
8002	1	4
8003	0	2
8004	0	3
8005	0	5
8006	0	6
8007	0	2
8008	0	5
8009	2	3
8010	0	1
8011	0	3
8012	1	3
8013	0	4
8014	0	5
8015	0	8
8016	0	6
8017	1	3
8018	1	4
8019	0	5
8020	0	2
8021	0	5
8022	0	5
8023	1	4
8024	2	3
8026	0	4
8027	2	4
8028	0	1
8029	1	1
8030	1	1
8031	0	3
8032	0	2
8033	2	0
8034	0	4
8035	3	8
8036	2	6
8037	0	6
8038	0	3
8039	1	4
8040	1	5
8041	0	3
8042	0	1
8043	1	6
8044	1	5
8045	0	1
8046	0	2
8047	1	3
8048	1	3
8049	2	6
8050	0	1
8051	0	1
8052	0	1
8053	1	5
8054	3	3
8055	0	1
8056	0	5
8057	0	2
8058	2	2
8059	1	5
8060	1	7
8061	0	7
8062	0	4
8063	1	3
8064	1	3
8065	0	3
8066	1	3
8067	1	7
8068	0	6
8069	0	5
8070	0	6
8071	1	7
8072	1	5
8073	1	7
8074	0	7
8075	1	1
8076	1	1
8077	0	3
8078	0	2
8079	1	3
8080	2	4
8081	0	2
8082	0	7
8083	1	2
8084	0	1
8085	0	3
8086	1	10
8087	1	11
8088	0	8
8089	1	3
8090	0	3
8091	0	3
8092	1	6
8093	1	5
8094	0	3
8095	0	3
8096	3	2
8097	0	3
8098	3	5
8099	3	3
8100	1	6
8101	1	6
8102	1	4
8103	0	3
8104	1	4
8105	0	5
8106	2	7
8107	0	4
8108	0	5
8109	2	1
8110	0	3
8111	1	2
8112	1	0
8113	1	4
8114	0	4
8115	0	6
8116	0	5
8117	1	4
8118	2	2
8119	1	3
8120	4	1
8121	1	2
8122	1	8
8123	1	7
8124	2	5
8125	1	6
8126	1	4
8127	1	5
8128	0	2
8129	0	6
8130	1	10
8131	1	2
8132	0	5
8133	1	3
8136	0	4
8137	0	7
8138	1	3
8139	0	2
8141	0	3
8142	1	4
8143	0	2
8144	0	2
8145	0	4
8146	1	4
8147	1	2
8148	1	2
8149	0	5
8150	0	6
8151	0	3
8152	2	8
8153	2	4
8154	0	1
8155	1	5
8156	0	1
8157	0	5
8158	0	6
8159	1	5
8160	0	6
8161	0	10
8162	0	3
8163	0	3
8164	0	7
8165	1	5
8166	0	6
8167	1	4
8168	0	4
8169	1	4
8170	1	3
8171	0	7
8172	1	4
8173	0	6
8174	0	3
8175	0	2
8176	0	6
8177	0	1
8178	0	8
8179	1	5
8180	1	8
8181	1	6
8182	1	4
8183	1	2
8184	0	2
8185	0	2
8186	0	6
8187	0	5
8188	1	4
8189	1	4
8190	0	8
8191	0	6
8192	0	3
8193	0	3
8194	1	7
8195	1	5
8196	0	3
8197	0	3
8198	0	6
8199	0	3
8200	0	2
8201	0	5
8202	0	7
8203	1	0
8204	1	3
8205	0	7
8206	2	7
8207	0	3
8208	3	1
8209	3	4
8210	0	2
8211	3	6
8212	2	7
8213	0	5
8214	0	2
8215	0	5
8216	0	7
8217	0	3
8218	2	7
8219	1	2
8220	0	6
8221	0	5
8222	0	2
8223	0	5
8224	0	7
8225	1	6
8226	2	5
8227	0	9
8228	0	1
8229	1	8
8230	0	7
8231	1	2
8232	1	2
8233	1	2
8234	1	8
8235	0	7
8236	1	2
8237	0	6
8238	0	3
8239	1	1
8240	1	0
8241	1	1
8242	1	5
8243	0	2
8244	1	6
8245	1	1
8246	0	2
8247	0	10
8248	0	2
8249	0	8
8250	0	4
8251	1	4
8252	1	2
8253	0	3
8254	2	5
8255	3	2
8256	0	7
8257	1	7
8258	0	8
8259	0	3
8260	0	1
8261	0	1
8262	2	4
8263	0	2
8264	0	7
8265	1	3
8266	0	1
8267	1	2
8268	1	4
8269	0	4
8270	1	7
8271	1	0
8272	0	5
8273	0	1
8274	0	5
8275	1	4
8276	0	6
8277	1	2
8278	1	3
8279	2	3
8280	1	3
8281	0	1
8282	0	1
8283	1	3
8284	1	4
8285	1	0
8286	0	4
8287	1	3
8288	0	5
8290	0	3
8291	0	4
8292	2	1
8293	0	4
8294	0	2
8295	0	1
8296	0	4
8297	1	1
8298	0	3
8299	1	2
8300	1	1
8301	0	2
8302	1	2
8303	0	1
8304	1	3
8305	4	2
8306	1	1
8307	2	6
8308	0	4
8309	1	6
8310	1	4
8311	0	1
8312	1	1
8313	0	8
8314	0	1
8315	3	2
8316	0	5
8317	1	4
8318	0	8
8319	1	4
8320	1	9
8322	0	3
8323	1	5
8324	0	6
8325	0	2
8326	0	2
8327	0	4
8328	0	3
8329	0	2
8330	1	4
8331	2	7
8332	1	5
8333	4	4
8334	1	4
8335	3	5
8336	0	6
8337	2	1
8338	0	6
8339	0	7
8340	0	7
8341	1	3
8342	1	3
8343	0	4
8344	2	6
8345	1	3
8346	3	3
8347	2	7
8348	0	3
8349	0	4
8350	1	7
8351	0	1
8352	0	4
8353	1	3
8354	0	4
8355	0	4
8356	0	2
8357	0	3
8358	0	3
8359	0	6
8360	2	2
8362	0	2
8363	2	6
8364	2	6
8365	1	10
8366	0	2
8367	0	5
8368	0	5
8369	0	5
8370	1	6
8371	1	2
8372	1	2
8373	1	6
8374	0	3
8375	0	2
8376	0	3
8377	0	4
8378	1	2
8379	0	3
8380	0	2
8381	1	5
8382	1	4
8383	2	6
8384	0	6
8385	0	3
8386	0	5
8387	0	4
8388	0	7
8389	0	8
8390	0	5
8391	0	4
8392	0	6
8393	0	3
8394	0	4
8395	0	6
8396	0	5
8397	0	4
8398	0	7
8399	0	4
8400	0	4
8401	1	10
8402	0	3
8403	0	7
8404	0	4
8405	0	1
8406	0	2
8407	1	0
8408	1	5
8409	0	2
8410	1	6
8411	0	4
8412	0	3
8413	1	1
8414	1	1
8415	0	2
8416	0	9
8417	0	2
8418	3	7
8419	0	5
8420	1	1
8421	3	4
8422	0	5
8423	2	2
8424	2	1
8425	0	3
8426	1	1
8427	1	5
8428	0	3
8429	0	3
8430	0	6
8431	1	3
8432	0	3
8433	0	1
8434	2	4
8435	0	11
8436	0	9
8437	0	3
8438	0	6
8439	1	6
8440	1	9
8441	0	4
8442	0	6
8443	1	8
8444	2	3
8445	6	5
8446	1	7
8447	3	2
8448	0	6
8449	0	4
8450	1	4
8452	1	5
8453	0	5
8454	1	4
8455	0	3
8456	0	3
8457	1	8
8458	0	6
8459	0	2
8460	0	7
8461	0	3
8462	2	7
8463	0	3
8464	0	3
8465	0	4
8466	0	4
8467	1	6
8468	0	7
8469	2	6
8470	0	6
8471	0	4
8472	0	5
8473	1	5
8474	0	5
8475	3	3
8476	0	5
8477	0	2
8478	0	3
8479	0	3
8480	0	1
8481	0	4
8482	0	1
8483	0	4
8484	0	3
8485	1	3
8486	2	3
8487	1	3
8488	1	2
8489	3	10
8490	0	3
8491	2	3
8492	1	1
8493	2	1
8494	0	3
8495	1	3
8496	2	5
8497	0	3
8498	3	8
8499	3	6
8500	0	8
8501	1	4
8502	0	5
8503	0	4
8504	1	3
8505	0	1
8506	0	4
8507	1	4
8508	1	4
8509	0	3
8510	1	7
8511	1	2
8512	2	3
8513	1	3
8514	1	5
8515	0	2
8516	0	8
8517	0	3
8518	0	2
8519	0	4
8520	0	3
8521	0	9
8522	0	7
8523	0	6
8524	0	2
8525	0	1
8526	0	4
8527	0	3
8528	0	2
8529	0	4
8530	1	13
8531	1	1
8532	2	3
8533	2	9
8534	1	5
8535	1	5
8536	0	2
8537	1	7
8538	1	2
8539	1	2
8540	0	4
8541	0	3
8542	0	5
8543	1	1
8544	0	4
8545	0	4
8546	0	2
8547	1	5
8548	0	5
8549	0	4
8550	1	2
8551	0	3
8552	0	3
8553	1	7
8554	0	3
8555	1	3
8556	0	4
8557	1	6
8558	0	4
8559	1	4
8560	0	2
8561	4	5
8562	2	4
8563	0	4
8564	0	3
8565	3	3
8566	0	3
8567	0	4
8568	1	5
8569	1	5
8570	0	2
8571	1	3
8572	2	3
8573	1	7
8574	5	17
8575	0	3
8576	0	8
8577	0	5
8578	0	10
8579	0	7
8580	0	5
8581	0	2
8582	1	2
8583	1	3
8584	1	5
8586	0	1
8587	2	3
8588	2	6
8589	0	3
8590	0	9
8591	1	11
8592	0	3
8593	0	2
8594	0	3
8595	0	1
8596	1	2
8597	2	1
8598	1	8
8599	1	1
8600	0	5
8601	1	6
8602	0	4
8603	1	7
8604	1	6
8605	0	7
8606	0	3
8607	0	6
8608	0	4
8609	1	3
8610	2	8
8611	0	2
8612	1	2
8613	1	6
8614	1	3
8615	1	3
8616	0	3
8617	0	6
8618	0	1
8619	0	5
8620	3	2
8621	4	7
8622	0	5
8623	0	7
8624	0	9
8625	0	5
8626	1	2
8627	2	1
8628	1	10
8629	0	5
8630	0	2
8631	0	6
8632	2	2
8633	1	4
8634	0	4
8635	0	2
8636	1	4
8637	1	3
8638	1	4
8639	0	5
8640	0	4
8641	0	4
8642	1	6
8643	0	2
8644	0	4
8645	0	4
8646	0	1
8647	0	2
8648	0	10
8649	0	1
8650	0	3
8651	0	4
8652	0	2
8653	0	7
8654	0	4
8655	1	4
8656	0	6
8657	0	4
8658	0	6
8659	1	3
8660	0	4
8661	3	3
8662	2	1
8663	0	1
8664	0	9
8665	2	2
8666	3	4
8667	1	1
8668	1	6
8669	0	5
8670	0	10
8671	0	4
8672	0	7
8673	1	4
8674	2	3
8675	1	9
8676	0	4
8677	1	7
8678	0	4
8679	0	6
8680	1	7
8681	1	5
8682	0	6
8683	0	6
8684	0	6
8685	1	7
8686	1	4
8687	3	4
8688	2	8
8689	0	8
8690	0	7
8691	2	2
8692	0	7
8693	1	7
8694	1	9
8695	0	6
8696	1	10
8697	2	10
8698	0	3
8699	1	0
8700	0	6
8701	5	7
8702	0	10
8703	1	2
8704	1	3
8705	2	4
8706	1	4
8707	0	10
8708	0	6
8709	1	6
8710	5	5
8711	0	4
8712	2	6
8713	0	5
8714	1	1
8715	1	3
8716	1	2
8717	2	3
8719	1	4
8720	0	7
8721	0	3
8722	1	1
8723	0	2
8724	3	7
8725	2	10
8726	0	8
8727	0	2
8728	1	3
8729	2	3
8730	1	4
8731	1	1
8732	0	2
8733	2	4
8734	0	1
8735	1	8
8736	2	5
8737	0	3
8738	1	7
8739	0	4
8740	0	3
8741	0	8
8742	1	1
8743	0	5
8744	0	2
8745	0	2
8746	1	4
8747	0	6
8748	2	4
8749	0	3
8751	0	6
8752	0	3
8753	3	4
8754	0	5
8755	2	3
8756	2	11
8757	1	8
8758	1	5
8759	0	4
8760	0	1
8761	2	3
8762	0	3
8763	0	4
8764	1	7
8765	0	5
8766	0	1
8767	1	10
8768	0	4
8769	1	6
8770	0	6
8771	2	13
8772	0	4
8773	1	6
8774	0	2
8775	0	4
8776	1	4
8777	0	8
8778	0	5
8779	0	8
8780	3	5
8781	2	1
8782	0	5
8783	0	4
8784	0	5
8785	1	2
8786	0	4
8787	0	3
8788	0	7
8789	0	4
8790	0	12
8791	2	1
8792	0	6
8793	0	3
8794	0	5
8795	0	6
8796	1	3
8797	0	8
8798	0	4
8799	0	4
8800	2	2
8801	0	5
8802	0	6
8803	0	5
8804	1	2
8805	0	6
8806	0	4
8807	0	4
8808	1	4
8809	0	3
8810	1	3
8811	0	8
8812	0	7
8813	2	5
8814	0	9
8815	1	4
8816	0	4
8817	0	8
8818	1	3
8819	0	7
8820	0	5
8821	0	7
8822	0	6
8823	0	5
8824	0	6
8825	0	4
8826	0	4
8827	0	6
8828	0	3
8829	0	7
8830	0	7
8831	0	5
8832	0	1
8833	1	5
8834	0	7
8835	0	7
8836	1	4
8837	3	5
8838	0	3
8839	0	8
8840	1	6
8841	2	9
8842	0	3
8843	0	1
8844	0	8
8845	0	5
8847	0	3
8848	0	1
8849	0	5
8850	0	3
8851	0	3
8852	0	4
8853	0	4
8854	1	5
8855	5	6
8856	3	3
8857	0	8
8858	0	5
8859	1	5
8860	0	2
8861	1	2
8862	0	1
8863	0	2
8864	2	2
8865	0	4
8866	0	6
8867	1	1
8868	1	8
8869	0	5
8870	1	3
8871	0	4
8872	0	3
8873	0	2
8874	1	0
8875	0	5
8876	1	3
8877	0	9
8878	0	11
8879	0	3
8880	0	7
8881	0	2
8882	0	3
8883	1	4
8884	1	5
8885	0	1
8886	0	5
8887	0	2
8888	0	9
8889	4	3
8890	0	3
8891	0	4
8892	0	5
8893	1	9
8894	2	3
8895	1	7
8896	0	4
8897	0	8
8898	1	3
8899	0	5
8900	2	2
8901	0	6
8902	1	5
8903	1	3
8904	0	6
8905	0	6
8906	1	9
8907	1	6
8908	1	3
8909	1	5
8910	0	5
8911	0	2
8912	2	6
8913	1	4
8914	0	1
8915	3	4
8916	0	2
8917	1	1
8918	0	5
8919	1	5
8920	2	5
8921	0	2
8922	2	3
8923	2	1
8924	0	5
8925	3	1
8926	1	3
8927	0	5
8928	0	3
8929	0	4
8930	1	4
8931	0	3
8932	0	3
8933	0	4
8934	0	4
8935	0	3
8936	1	5
8937	0	5
8938	0	6
8939	1	3
8940	1	7
8941	0	5
8942	3	5
8943	1	4
8944	1	1
8945	0	3
8946	0	9
8947	0	4
8948	0	5
8949	0	2
8950	0	2
8951	2	6
8952	1	7
8953	0	1
8954	0	13
8955	1	4
8956	2	5
8957	1	2
8958	1	1
8959	1	3
8960	1	3
8961	0	5
8962	0	4
8963	2	3
8964	1	2
8965	1	5
8966	1	6
8967	0	5
8968	0	6
8969	0	2
8970	3	1
8971	2	4
8972	1	8
8973	0	1
8974	0	1
8975	0	5
8976	0	6
8977	1	3
8978	0	2
8979	0	8
8980	0	5
8981	0	2
8982	1	3
8983	1	2
8984	0	6
8985	1	7
8986	0	9
8987	1	2
8988	4	3
8989	1	3
8990	2	2
8991	1	5
8992	3	4
8993	2	5
8995	1	2
8996	0	8
8997	0	7
8998	0	6
8999	0	2
9000	2	5
9001	2	4
9002	3	4
9003	2	7
9004	0	5
9005	1	2
9006	0	7
9007	1	5
9008	0	4
9009	0	3
9010	0	6
9011	0	2
9012	2	3
9013	0	1
9014	2	1
9015	3	3
9016	0	2
9017	0	6
9018	0	3
9019	1	5
9020	1	5
9021	1	6
9022	1	6
9023	1	4
9024	1	4
9025	0	2
9026	0	3
9027	0	5
9028	1	1
9029	1	5
9030	0	5
9031	0	6
9032	2	6
9033	0	2
9034	0	1
9035	0	1
9036	3	6
9037	2	4
9038	1	4
9039	3	2
9040	0	2
9041	1	6
9042	0	3
9043	0	3
9044	0	3
9045	0	1
9046	0	3
9047	0	4
9048	0	6
9049	1	7
9050	1	5
9051	0	1
9052	2	4
9053	0	4
9054	1	3
9055	3	5
9056	1	7
9057	0	1
9058	0	6
9059	0	7
9060	1	4
9061	1	2
9062	0	6
9063	0	4
9064	1	4
9065	1	7
9066	1	8
9067	1	5
9068	0	5
9069	0	3
9070	1	1
9071	0	2
9072	1	1
9073	0	6
9074	0	7
9075	0	3
9076	1	3
9077	0	4
9078	1	1
9079	1	3
9080	0	3
9081	0	6
9082	0	5
9083	1	2
9084	1	4
9085	0	4
9086	2	8
9087	0	3
9088	0	4
9089	0	4
9090	0	5
9091	0	7
9092	2	3
9093	0	3
9094	1	5
9095	0	4
9096	1	2
9097	0	2
9098	0	3
9099	0	5
9101	0	3
9102	0	3
9103	0	6
9105	2	1
9106	2	10
9107	0	3
9108	2	4
9109	0	4
9111	1	8
9112	2	7
9113	0	3
9114	1	6
9115	0	5
9116	1	4
9117	0	6
9119	0	7
9120	0	4
9121	0	3
9122	0	4
9123	0	6
9124	0	7
9125	3	3
9126	2	3
9127	0	4
9128	0	6
9129	0	6
9130	0	5
9131	1	3
9132	5	0
9133	3	3
9134	1	2
9135	0	5
9136	0	4
9137	0	2
9138	0	3
9139	1	7
9140	0	4
9141	1	4
9142	2	6
9143	1	9
9144	0	4
9145	1	6
9146	0	3
9147	0	6
9148	1	6
9149	2	5
9150	2	1
9151	1	9
9152	1	7
9153	1	4
9154	0	6
9155	1	5
9156	3	2
9157	2	3
9158	1	2
9159	0	2
9160	2	7
9161	1	3
9162	0	4
9163	0	6
9164	1	1
9165	0	2
9166	1	5
9167	0	4
9168	0	2
9169	0	7
9170	1	4
9171	0	4
9172	2	6
9173	1	6
9174	0	3
9175	1	7
9176	0	6
9177	0	1
9178	1	6
9179	2	3
9180	0	3
9181	0	4
9182	0	1
9183	1	5
9184	1	9
9185	1	6
9186	0	2
9187	0	7
9188	1	5
9189	2	2
9190	0	3
9191	0	3
9192	0	6
9193	2	3
9194	3	2
9195	0	3
9196	0	2
9197	1	6
9198	1	5
9199	0	5
9200	2	2
9201	0	5
9202	0	5
9203	0	3
9204	0	8
9205	1	0
9206	0	2
9207	1	1
9208	0	2
9209	1	9
9210	2	4
9211	1	5
9212	1	3
9213	0	7
9214	0	3
9215	0	3
9216	1	7
9217	0	5
9218	0	3
9219	0	3
9220	0	6
9221	1	3
9222	2	1
9223	0	4
9224	0	6
9225	0	3
9226	0	6
9227	0	5
9228	0	5
9229	0	6
9230	1	5
9231	0	2
9232	2	2
9233	0	5
9234	0	3
9235	0	6
9236	1	4
9237	2	3
9238	2	2
9239	0	3
9240	0	1
9241	1	5
9242	0	13
9243	1	4
9244	0	5
9245	0	4
9247	0	2
9248	0	1
9249	0	2
9250	2	2
9251	0	5
9252	0	5
9253	1	2
9254	0	8
9255	0	2
9256	0	1
9257	0	6
9258	1	5
9259	0	5
9260	0	4
9261	2	6
9262	1	6
9263	0	2
9264	0	2
9265	1	3
9266	1	3
9267	2	3
9268	0	4
9269	0	5
9270	1	4
9271	0	3
9272	3	5
9273	1	4
9274	1	7
9275	0	3
9276	0	4
9277	0	1
9278	1	4
9279	1	3
9280	1	5
9281	1	8
9282	1	7
9283	2	0
9284	0	4
9285	2	3
9286	1	4
9287	1	1
9288	1	4
9289	0	3
9290	1	5
9291	0	3
9292	0	1
9293	0	2
9294	1	3
9295	0	6
9296	0	2
9297	2	4
9298	1	4
9299	0	5
9300	0	3
9302	1	1
9303	0	3
9304	1	2
9305	0	4
9306	0	7
9307	1	8
9308	0	4
9309	0	1
9310	0	3
9311	1	3
9312	1	4
9313	1	7
9314	0	2
9315	1	2
9316	1	5
9317	1	4
9318	1	6
9319	0	5
9320	0	3
9321	1	6
9322	0	3
9323	0	5
9324	0	3
9326	0	5
9327	3	2
9328	0	3
9329	0	4
9330	1	4
9331	0	2
9333	0	5
9334	0	6
9335	0	6
9336	0	6
9337	0	9
9338	0	4
9339	1	1
9340	0	5
9341	1	3
9342	0	5
9343	2	2
9344	0	2
9345	0	7
9346	1	1
9347	0	6
9348	0	3
9349	0	8
9350	0	2
9351	0	6
9352	1	4
9353	0	7
9354	1	3
9355	0	5
9356	1	2
9357	0	4
9358	1	9
9359	2	8
9360	1	3
9361	0	5
9362	1	0
9363	0	1
9364	1	2
9365	0	3
9366	2	5
9367	0	2
9368	2	1
9369	0	2
9370	1	9
9371	0	3
9372	2	4
9373	0	9
9374	1	3
9375	0	6
9376	1	3
9377	0	3
9378	0	5
9379	1	2
9380	0	4
9381	1	5
9382	3	6
9383	1	3
9384	0	4
9385	0	4
9386	0	7
9387	0	2
9388	0	4
9389	0	5
9390	1	2
9391	0	2
9392	1	5
9393	0	5
9394	0	3
9395	0	9
9396	1	5
9397	1	7
9398	0	6
9399	0	3
9400	0	3
9401	0	3
9402	2	4
9403	0	5
9404	2	3
9405	0	2
9406	0	4
9407	0	2
9408	1	3
9409	2	3
9410	0	3
9411	1	5
9412	0	5
9413	1	5
9414	0	4
9415	0	3
9416	1	2
9417	0	3
9418	3	3
9419	0	2
9420	1	0
9422	2	5
9423	0	7
9424	0	3
9425	3	2
9426	1	2
9427	0	3
9428	1	4
9429	3	2
9430	3	0
9431	0	4
9432	1	1
9433	0	4
9434	0	4
9435	1	3
9436	0	3
9437	0	3
9438	2	6
9439	0	5
9440	0	6
9441	1	3
9442	0	5
9443	3	4
9444	0	7
9445	0	2
9446	0	4
9447	0	2
9448	0	5
9449	2	2
9450	0	6
9451	2	1
9452	0	8
9453	1	8
9454	1	3
9455	0	3
9456	0	2
9457	1	3
9458	2	4
9459	0	3
9460	1	1
9461	1	8
9462	2	4
9463	0	3
9464	0	2
9465	0	7
9466	1	2
9467	0	1
9468	1	3
9469	0	7
9470	2	4
9471	0	5
9472	1	2
9473	2	2
9474	1	0
9475	1	4
9476	0	9
9477	0	6
9478	0	2
9479	0	3
9480	1	8
9481	0	3
9482	0	3
9483	0	4
9484	1	1
9485	1	1
9486	1	5
9487	1	3
9488	0	7
9489	0	7
9490	0	2
9491	0	4
9492	0	4
9493	0	3
9494	0	2
9495	0	6
9496	0	7
9497	0	2
9498	2	4
9499	0	4
9500	1	6
9501	1	3
9502	2	3
9503	2	1
9504	0	6
9505	1	5
9506	1	0
9507	1	2
9508	0	4
9509	0	8
9510	2	3
9511	1	4
9512	0	8
9513	0	3
9514	0	6
9515	0	2
9516	0	5
9517	0	5
9518	0	3
9519	0	7
9520	1	12
9521	1	3
9522	0	6
9523	0	3
9524	0	6
9525	1	2
9526	2	4
9527	1	10
9528	0	4
9529	0	4
9530	0	6
9531	0	2
9532	0	2
9533	0	4
9534	0	3
9535	0	9
9536	0	3
9537	1	2
9538	0	1
9540	0	2
9541	0	3
9542	1	1
9543	1	3
9544	2	1
9545	0	2
9546	2	6
9547	0	1
9548	0	6
9549	0	3
9550	0	2
9551	1	6
9552	1	4
9553	2	5
9554	1	3
9555	1	7
9556	0	8
9557	0	7
9558	0	3
9559	0	3
9560	0	5
9561	1	4
9562	0	3
9563	0	10
9564	0	5
9565	0	2
9566	0	4
9567	0	2
9568	1	6
9569	0	2
9570	0	4
9571	2	6
9572	0	3
9573	0	1
9574	1	7
9575	1	7
9576	0	3
9577	1	3
9578	0	5
9579	0	3
9580	0	4
9581	0	2
9582	0	2
9583	0	4
9584	0	1
9585	2	4
9586	0	3
9587	0	6
9588	1	2
9589	1	5
9590	2	4
9591	1	4
9592	0	5
9593	0	7
9594	1	3
9595	0	3
9596	0	5
9597	0	4
9598	2	5
9599	0	3
9600	1	0
9601	0	2
9602	2	2
9603	0	8
9604	2	2
9605	0	8
9606	1	3
9607	0	1
9608	0	7
9609	0	9
9610	0	12
9611	3	6
9612	0	5
9613	1	4
9614	0	2
9615	0	6
9616	0	2
9617	1	3
9618	0	4
9619	0	3
9620	2	5
9621	1	4
9622	1	5
9623	1	7
9624	0	6
9625	0	5
9626	2	4
9627	0	5
9628	0	1
9629	0	6
9630	0	4
9631	0	4
9632	0	5
9633	0	7
9634	0	5
9635	1	3
9636	0	5
9637	1	8
9638	0	9
9639	0	7
9640	1	6
9641	0	8
9642	2	4
9643	1	4
9644	0	7
9645	0	1
9646	0	3
9647	0	2
9648	1	5
9649	0	3
9650	1	6
9651	1	7
9652	1	5
9653	0	3
9654	1	3
9655	1	4
9656	3	3
9657	0	3
9658	1	5
9659	0	2
9660	0	4
9661	0	7
9662	1	0
9663	0	6
9664	0	3
9665	0	5
9666	0	1
9667	0	4
9668	1	7
9669	4	4
9670	0	1
9671	1	4
9672	2	3
9673	1	2
9674	0	8
9675	6	6
9676	1	9
9677	2	3
9678	0	1
9679	0	2
9680	1	1
9681	1	2
9682	0	4
9683	1	4
9684	2	5
9685	1	4
9686	1	6
9687	0	2
9688	1	8
9689	0	3
9690	1	5
9691	0	9
9692	0	2
9693	0	6
9694	1	3
9695	1	2
9696	0	2
9697	0	5
9698	0	6
9699	2	5
9700	0	5
9701	0	2
9702	1	5
9703	1	2
9704	1	6
9705	1	3
9706	0	5
9707	0	2
9708	0	2
9709	0	1
9710	0	1
9711	1	5
9712	0	2
9713	1	5
9714	0	3
9715	0	7
9716	0	5
9717	0	5
9718	0	3
9719	0	3
9720	0	2
9721	0	2
9722	0	6
9723	1	4
9724	1	4
9725	0	5
9726	0	3
9727	0	7
9728	3	8
9729	1	4
9730	0	5
9731	0	2
9732	0	4
9733	2	0
9734	1	9
9735	1	8
9736	1	3
9737	0	6
9738	2	3
9739	1	3
9740	2	6
9741	0	8
9742	2	2
9743	1	2
9744	0	3
9745	0	7
9746	0	3
9747	0	1
9748	0	1
9749	0	1
9750	2	2
9751	0	8
9752	0	3
9753	0	3
9754	0	2
9755	0	3
9756	1	8
9757	1	2
9759	0	1
9760	2	4
9761	2	5
9762	2	1
9763	1	7
9764	2	5
9765	1	2
9766	0	6
9767	0	4
9768	1	4
9769	0	3
9770	0	5
9771	0	2
9772	0	5
9773	1	8
9774	0	2
9775	0	1
9776	1	9
9777	0	7
9778	0	2
9779	2	5
9780	0	2
9781	0	4
9782	0	4
9783	0	5
9784	0	5
9785	0	4
9786	0	3
9787	1	1
9788	1	4
9789	1	5
9790	0	6
9791	1	4
9792	0	2
9793	0	3
9794	0	2
9795	1	1
9796	1	1
9797	0	4
9798	0	2
9799	1	4
9800	1	1
9801	0	4
9802	0	1
9803	0	3
9804	0	2
9805	0	3
9806	0	3
9808	0	7
9809	0	3
9810	0	2
9811	0	5
9812	1	1
9813	0	2
9814	2	6
9815	1	4
9816	2	2
9817	1	3
9818	0	3
9819	0	7
9820	0	5
9821	0	6
9822	1	2
9823	0	7
9824	0	2
9825	2	2
9826	0	4
9827	0	3
9828	2	5
9829	0	3
9830	2	2
9831	4	5
9832	1	0
9833	1	2
9834	1	2
9835	0	5
9836	0	5
9837	1	9
9838	0	2
9839	0	7
9840	1	12
9841	0	7
9842	2	5
9843	0	1
9844	0	2
9845	1	8
9846	1	7
9847	0	1
9848	0	8
9849	0	4
9851	0	5
9852	0	2
9853	0	8
9854	0	4
9855	2	5
9856	1	7
9857	1	3
9858	0	8
9859	0	9
9860	1	4
9861	2	7
9862	0	1
9863	0	8
9864	0	7
9865	1	6
9866	2	3
9867	0	6
9868	0	8
9869	0	2
9870	0	5
9871	0	2
9872	0	3
9873	0	1
9874	1	7
9875	0	3
9876	1	0
9877	1	5
9878	2	9
9879	0	6
9880	1	10
9881	0	5
9882	0	2
9883	0	1
9884	0	1
9885	0	2
9886	1	5
9887	0	3
9888	0	3
9889	1	2
9890	0	3
9891	0	3
9892	0	7
9893	0	1
9894	0	5
9895	0	6
9896	0	3
9897	2	8
9898	1	5
9899	0	1
9900	0	5
9901	0	4
9902	0	6
9903	0	5
9904	1	1
9905	0	4
9906	0	3
9907	1	4
9908	0	4
9909	0	7
9910	0	1
9911	0	6
9912	1	3
9913	0	4
9914	0	6
9915	0	6
9916	0	10
9917	0	3
9918	0	4
9919	1	3
9920	0	4
9921	1	3
9922	0	3
9923	1	4
9924	0	5
9925	1	7
9926	0	3
9927	0	9
9928	2	1
9929	1	1
9931	2	5
9932	1	3
9933	0	6
9934	0	4
9935	3	5
9936	0	6
9937	0	6
9938	0	1
9939	1	6
9940	0	5
9941	0	7
9942	0	4
9943	0	2
9944	0	7
9945	0	6
9946	1	2
9947	2	3
9948	0	5
9949	1	4
9950	3	0
9951	0	1
9952	0	4
9953	0	4
9954	0	5
9955	0	4
9956	0	4
9957	1	10
9958	1	4
9959	1	4
9960	0	4
9961	0	5
9962	0	3
9963	1	6
9964	2	2
9965	0	4
9966	1	1
9967	0	5
9968	0	6
9969	0	2
9970	0	4
9971	0	3
9972	0	3
9973	0	3
9974	1	4
9975	0	2
9976	0	6
9977	0	4
9978	0	6
9979	0	3
9980	1	3
9981	0	2
9982	0	4
9983	0	3
9984	0	5
9985	0	3
9986	0	4
9987	0	2
9988	0	4
9989	0	3
9990	1	7
9991	0	1
9992	0	4
9993	2	3
9994	0	4
9995	2	3
9996	0	5
9997	1	2
9998	0	1
9999	1	6
10000	0	3
10001	0	1
10002	0	6
10003	0	3
10004	1	3
10005	0	1
10006	1	3
10007	0	10
10008	0	4
10009	0	7
10010	1	8
10011	0	6
10012	0	4
10013	1	4
10014	0	1
10015	0	1
10016	0	3
10017	2	4
10018	0	8
10019	0	4
10020	0	2
10021	0	1
10022	0	4
10023	1	4
10024	0	2
10025	2	5
10026	0	6
10027	0	6
10028	0	1
10029	0	3
10030	0	5
10031	4	5
10032	0	3
10033	0	8
10034	0	5
10035	0	2
10036	0	3
10037	2	5
10038	0	1
10039	0	5
10040	0	3
10041	0	4
10042	0	1
10043	0	5
10044	0	4
10045	0	3
10046	1	3
10047	0	1
10048	0	6
10049	1	4
10050	0	3
10051	1	3
10052	1	6
10053	0	4
10054	0	1
10055	0	1
10056	1	1
10057	2	1
10058	0	2
10059	0	7
10060	1	3
10061	0	6
10062	0	9
10063	0	2
10064	1	1
10065	0	4
10066	2	4
10067	1	4
10068	0	4
10069	1	2
10070	1	6
10071	0	7
10072	1	2
10073	1	2
10074	2	5
10075	0	5
10076	0	5
10077	3	6
10078	5	4
10079	3	3
10080	0	3
10081	1	0
10082	0	3
10083	0	5
10084	0	1
10085	0	3
10086	1	6
10087	1	5
10088	3	7
10089	2	9
10090	2	6
10091	0	4
10092	0	4
10093	0	4
10094	1	4
10095	2	3
10096	2	6
10097	3	5
10098	2	6
10099	1	5
10100	0	2
10101	2	4
10103	1	3
10104	0	4
10105	0	4
10106	2	3
10107	0	8
10108	0	6
10109	1	2
10110	0	5
10111	0	5
10112	2	6
10113	0	2
10114	3	5
10115	0	3
10116	1	1
10117	2	5
10118	0	4
10119	1	1
10120	0	3
10121	0	5
10122	0	3
10123	1	2
10124	1	4
10125	0	3
10126	0	3
10127	0	4
10128	0	3
10129	0	3
10130	2	2
10131	1	5
10132	0	3
10133	1	3
10134	1	5
10135	2	1
10136	0	2
10137	1	4
10138	1	4
10139	1	1
10140	2	1
10141	0	5
10142	1	4
10143	1	4
10144	0	1
10145	1	7
10146	2	3
10147	2	3
10148	1	6
10149	1	1
10150	3	4
10151	0	2
10152	0	3
10153	0	6
10154	0	3
10155	4	4
10156	0	4
10157	0	4
10158	1	3
10159	2	3
10160	4	3
10161	6	13
10162	0	12
10163	2	2
10164	0	15
10165	1	4
10166	1	2
10167	0	1
10169	0	2
10170	3	5
10171	0	4
10172	1	3
10173	1	5
10174	0	4
10175	1	1
10176	0	6
10177	1	1
10178	2	4
10179	0	4
10180	0	5
10181	0	2
10182	0	4
10183	1	5
10184	1	1
10185	0	2
10186	1	5
10187	0	8
10188	1	1
10189	1	9
10190	0	1
10191	0	6
10192	0	4
10193	0	7
10194	1	5
10195	1	2
10196	0	4
10197	0	5
10198	0	3
10199	1	6
10200	0	3
10201	0	7
10202	1	6
10203	1	2
10204	1	5
10205	3	5
10206	0	6
10207	0	5
10208	2	4
10209	3	3
10210	1	6
10211	0	2
10212	1	2
10213	3	1
10214	5	4
10215	1	0
10216	1	2
10217	1	7
10218	0	6
10219	1	9
10220	0	7
10221	1	5
10222	0	7
10223	2	5
10224	0	3
10225	0	9
10226	1	6
10227	0	7
10228	3	2
10229	0	6
10230	0	2
10231	1	4
10232	0	3
10234	0	1
10235	0	4
10236	0	6
10237	0	1
10238	1	5
10239	1	8
10240	1	8
10241	0	3
10242	0	4
10243	1	5
10244	0	8
10245	2	5
10246	0	6
10247	2	5
10248	1	4
10249	1	5
10250	1	12
10251	0	4
10252	0	3
10253	0	4
10254	1	7
10255	0	8
10256	0	5
10257	0	8
10258	2	3
10259	1	3
10260	1	5
10261	1	6
10262	3	8
10263	0	6
10264	1	4
10265	0	3
10266	1	1
10267	0	3
10268	5	3
10269	2	3
10270	1	2
10271	0	4
10272	0	2
10273	1	1
10274	0	3
10275	2	2
10276	0	3
10277	1	3
10278	0	5
10279	1	4
10280	0	5
10281	0	1
10282	1	2
10283	1	3
10284	0	9
10285	1	1
10286	1	3
10287	0	4
10288	0	3
10289	0	4
10290	3	4
10291	0	2
10292	0	1
10293	0	7
10294	0	4
10295	0	4
10296	0	4
10297	1	4
10298	1	2
10299	0	1
10300	1	1
10301	0	7
10302	0	1
10303	0	3
10304	0	4
10305	1	4
10306	0	2
10307	0	4
10308	0	4
10309	0	4
10310	0	1
10311	1	4
10312	4	3
10313	0	7
10314	0	6
10315	0	4
10316	0	4
10317	1	5
10318	0	6
10319	3	3
10320	2	6
10321	1	5
10322	1	1
10323	1	2
10324	0	3
10325	2	5
10326	1	5
10327	0	6
10328	0	1
10329	4	1
10330	8	4
10331	12	2
10332	10	2
10333	15	2
10334	16	8
10335	6	1
10336	4	1
10337	4	2
10338	4	3
10339	1	1
10340	3	2