1	0	2
2	0	1
3	0	5
4	0	3
5	0	2
6	0	7
7	0	5
8	3	4
9	0	4
10	0	6
11	1	6
12	0	3
13	2	5
14	1	1
15	0	3
16	0	3
17	0	7
18	1	5
19	0	3
20	0	4
21	0	6
22	2	3
23	1	5
24	1	6
25	0	4
26	0	2
27	0	4
28	0	3
29	0	3
30	0	3
31	0	6
32	1	4
33	0	2
34	0	4
35	0	3
36	1	5
37	0	1
38	3	1
39	1	1
40	0	3
41	0	3
42	0	2
43	1	4
44	1	1
45	0	3
46	0	4
47	0	2
48	0	1
49	1	5
50	1	4
51	0	6
52	1	2
53	0	4
54	0	4
55	1	5
56	0	4
57	0	8
58	3	8
59	0	8
60	1	7
61	1	7
62	0	4
63	1	6
64	1	10
65	1	8
66	0	8
67	0	4
68	1	3
69	0	5
70	1	2
71	0	7
72	2	7
73	0	2
74	0	6
75	1	9
76	0	6
77	1	4
78	0	2
79	0	2
80	1	6
81	1	6
82	1	5
83	1	4
84	0	1
85	3	2
86	1	8
87	0	1
88	3	4
89	0	5
90	3	4
91	1	6
92	0	5
93	1	7
94	1	6
95	0	12
96	3	6
97	0	6
98	1	9
99	0	4
100	0	4
101	0	3
102	1	9
103	1	3
104	0	9
106	3	3
107	1	6
108	0	6
109	1	5
110	0	4
111	1	7
112	2	5
113	0	2
114	0	3
115	0	7
116	0	3
117	0	4
118	1	7
119	0	2
120	0	4
121	1	5
122	1	3
123	0	3
124	0	2
125	0	3
126	0	6
127	0	2
128	0	6
129	0	8
130	1	4
131	0	7
132	2	3
133	0	3
134	0	2
135	0	6
136	1	4
138	0	3
139	1	4
140	3	5
141	3	4
142	3	2
143	0	4
144	0	3
145	1	3
146	0	6
147	2	2
148	0	2
149	0	1
150	0	2
151	0	7
152	0	4
153	1	7
154	0	4
155	1	6
156	0	3
157	2	5
158	0	3
159	2	6
160	1	2
161	0	5
162	0	6
163	1	1
164	0	11
165	1	6
166	0	4
167	0	2
168	1	4
169	2	9
170	0	3
171	0	7
172	2	2
173	0	8
174	1	6
175	0	3
176	2	8
177	3	2
178	0	2
179	0	7
180	2	3
181	1	3
182	0	1
183	0	4
184	0	2
185	1	3
186	0	4
187	0	4
188	1	4
189	1	0
190	1	5
191	1	1
192	0	2
193	0	5
194	0	4
195	1	8
196	4	3
197	1	2
198	0	4
199	1	7
200	0	5
201	0	2
202	1	5
203	0	6
204	2	3
205	1	5
206	1	5
207	1	5
208	0	3
209	0	2
210	4	10
211	8	2
212	0	3
213	0	3
214	0	9
215	0	3
216	0	6
217	0	4
218	0	5
219	1	1
220	1	3
221	2	4
222	0	4
223	1	1
224	1	4
225	0	7
226	0	2
227	0	8
228	0	5
229	1	4
230	0	2
231	1	1
232	1	9
233	1	7
234	0	9
235	0	4
236	0	3
237	1	9
238	1	7
239	0	4
240	1	10
241	1	11
242	0	5
243	0	11
244	2	0
245	1	7
246	0	4
247	0	4
248	0	13
249	0	4
250	0	4
251	0	9
252	0	9
253	0	5
254	0	6
255	0	3
256	0	1
257	0	6
258	0	6
259	1	4
260	0	7
261	0	4
262	0	6
263	1	7
264	1	11
265	0	4
266	1	8
267	2	6
268	0	4
269	0	6
270	1	10
271	0	5
272	2	2
273	1	5
274	0	4
275	2	1
276	1	10
277	0	2
278	3	3
279	1	4
280	0	2
281	2	3
282	1	2
283	1	4
284	1	5
285	0	6
286	1	3
287	1	2
288	0	8
289	2	8
290	2	6
291	1	7
292	0	6
293	1	4
294	2	4
295	0	5
296	0	5
297	1	5
298	0	5
299	0	4
300	0	5
301	0	5
302	1	2
303	6	3
304	0	5
305	1	2
306	0	3
307	2	5
308	2	5
309	1	8
310	1	10
311	1	3
312	0	6
313	1	4
314	0	3
315	2	3
316	0	2
317	0	1
318	1	5
319	1	2
320	1	5
321	0	6
322	0	9
323	0	3
324	0	4
325	0	6
326	0	1
327	0	1
328	2	6
329	0	10
330	0	3
331	1	2
332	2	6
333	1	3
334	1	4
335	3	3
336	0	4
337	0	5
338	1	2
339	1	3
340	0	2
341	0	4
342	1	5
344	0	2
345	1	14
346	0	2
347	1	4
348	1	5
349	1	2
350	0	3
351	1	2
352	0	2
353	1	5
354	2	3
355	3	6
356	1	2
357	2	5
358	0	5
359	0	3
360	3	8
361	1	4
362	0	5
363	1	1
364	0	8
365	0	5
366	0	3
367	0	2
369	1	4
370	0	4
371	1	1
372	0	5
373	2	6
374	0	6
375	0	9
376	1	4
377	1	3
378	0	2
379	0	5
380	1	3
381	2	5
382	0	2
383	0	6
384	0	8
385	0	8
386	0	7
387	1	10
388	0	7
389	0	11
390	1	7
391	0	8
392	1	7
393	1	3
394	5	8
395	1	2
396	0	2
397	1	2
398	0	5
399	0	5
400	0	5
401	1	10
402	0	2
403	0	7
404	1	0
405	0	9
406	1	3
407	2	2
408	1	3
409	0	2
410	0	2
411	0	3
412	0	4
413	0	4
414	0	4
415	3	9
416	1	5
417	1	3
418	2	3
419	0	5
420	0	5
421	1	0
422	0	5
423	2	5
424	0	2
425	0	5
426	0	2
427	0	1
428	1	7
429	1	6
430	0	3
431	0	4
432	1	2
433	0	6
434	0	4
435	1	1
436	3	6
437	3	3
438	0	7
439	0	2
440	1	4
441	0	8
442	0	7
443	0	3
444	0	3
445	2	3
446	0	7
447	0	3
448	0	2
449	2	6
450	1	6
451	1	2
452	0	3
453	0	4
454	0	5
455	0	6
456	0	4
457	0	4
458	0	4
459	1	5
460	0	1
461	0	1
462	2	5
463	0	9
464	0	13
465	0	10
466	0	8
467	0	9
468	0	2
469	0	1
470	0	3
471	0	4
472	0	3
473	0	4
474	2	5
475	0	3
476	1	7
477	2	8
478	0	6
479	0	7
480	1	8
481	0	6
482	0	6
483	0	4
484	0	3
485	0	10
486	0	9
487	1	1
488	0	6
489	0	6
490	4	6
491	2	3
492	0	5
493	5	3
494	0	4
496	2	11
497	0	4
498	1	5
499	0	3
500	0	8
501	0	6
502	1	5
503	1	3
504	2	6
505	1	3
506	0	1
507	0	5
508	1	9
509	3	4
510	0	10
511	4	5
512	1	4
513	0	5
514	0	4
515	0	8
516	1	3
517	0	6
518	0	9
519	3	6
520	3	1
521	5	2
522	1	4
523	1	2
524	1	8
525	0	2
526	0	3
527	1	1
528	1	2
529	1	9
530	1	3
531	1	3
532	1	8
533	0	3
534	1	5
535	1	5
536	0	1
538	1	6
539	3	1
540	4	2
541	2	1
542	3	4
543	1	6
544	2	1
545	1	2
546	2	5
547	0	3
548	1	2
549	1	4
550	2	5
551	0	6
552	0	5
553	1	4
554	0	9
555	0	7
556	1	3
557	1	2
558	0	7
559	1	7
560	3	8
561	1	6
562	3	2
563	2	5
564	1	3
565	2	2
566	1	7
567	0	2
568	1	8
569	2	2
570	3	4
571	1	3
572	3	2
573	0	1
574	2	3
575	0	6
576	0	8
577	1	2
578	0	7
579	1	3
580	1	3
581	2	4
582	0	4
583	0	3
584	2	2
585	0	2
586	0	2
587	1	7
588	0	8
590	1	5
591	0	5
592	0	4
593	0	7
594	0	3
595	0	4
596	1	5
597	0	4
598	2	3
599	1	5
600	1	5
601	0	6
602	0	3
603	1	6
604	0	2
605	1	7
606	1	3
607	0	1
608	0	3
609	3	3
610	2	7
611	2	4
612	3	1
613	3	6
614	1	2
615	0	3
616	0	3
617	0	8
618	2	6
619	3	3
620	0	4
621	1	4
622	1	3
623	1	1
624	1	4
625	1	2
626	0	3
627	1	6
628	2	4
629	0	7
630	0	11
631	0	5
632	0	3
633	0	2
634	1	5
635	0	7
636	0	4
637	3	6
638	2	2
639	3	3
640	2	7
641	0	3
642	0	11
643	2	7
644	3	3
645	0	4
646	0	6
647	1	8
648	1	2
649	0	5
650	0	8
651	1	5
652	0	8
653	3	3
654	0	4
655	0	6
656	1	3
657	0	4
658	5	3
659	2	4
660	1	3
661	2	3
662	0	3
663	15	3
664	1	6
665	1	4
666	2	8
667	0	3
668	3	2
669	3	2
670	0	2
671	1	3
672	2	2
673	0	2
674	2	3
675	0	6
676	0	11
677	1	4
678	0	6
679	0	4
680	0	9
681	0	3
682	3	9
683	4	5
684	3	2
685	0	3
686	1	2
687	0	4
688	0	6
689	1	2
690	2	3
691	0	3
692	1	4
693	0	3
694	0	5
695	2	3
696	0	2
697	0	5
698	1	3
699	0	5
700	0	3
701	0	4
702	2	8
703	0	1
704	1	1
705	0	6
706	0	3
707	0	3
708	0	2
709	1	7
710	0	3
711	1	7
712	1	2
713	1	3
714	1	2
715	3	5
716	0	3
717	4	5
718	0	1
719	1	5
720	1	3
721	0	8
722	0	2
723	0	5
724	2	5
725	0	3
726	0	6
727	2	7
728	1	2
729	0	3
730	1	4
731	0	4
732	0	4
733	1	4
735	1	3
736	0	5
737	0	3
738	0	3
739	0	1
740	0	2
741	0	2
742	2	4
743	0	11
744	1	7
745	0	1
746	1	3
747	1	4
748	0	6
749	1	5
750	0	6
751	2	6
752	1	2
753	1	9
754	0	3
755	2	6
756	0	4
757	0	3
758	0	3
759	1	1
760	2	6
761	1	3
762	0	5
763	1	4
764	0	3
765	2	2
766	0	5
767	0	7
768	1	2
769	0	2
770	2	1
771	0	4
772	4	5
773	0	5
774	0	4
775	1	8
776	0	9
777	1	4
778	2	1
779	2	4
780	0	3
781	0	5
782	1	9
783	0	2
784	0	4
785	1	5
786	0	2
787	0	9
788	0	4
789	0	2
790	0	6
791	3	3
792	0	3
793	3	5
794	0	5
795	0	5
796	0	7
797	0	9
798	0	6
799	0	3
800	2	4
801	2	5
802	2	1
803	1	4
804	1	2
805	1	4
806	4	4
807	0	3
808	1	0
809	0	3
810	1	9
811	0	8
812	3	5
813	0	7
814	1	4
815	1	5
816	2	3
817	1	4
818	0	7
819	0	5
820	0	8
821	1	6
822	0	9
823	0	4
824	3	5
825	1	5
826	1	4
827	2	3
828	3	3
829	0	8
830	1	7
831	2	5
832	0	5
833	2	3
834	0	1
835	1	4
836	1	2
837	0	4
838	0	4
839	0	5
840	1	5
841	0	2
842	0	6
843	0	8
844	0	4
845	0	3
846	0	2
847	0	6
848	0	7
849	1	5
850	0	5
851	0	9
852	0	7
853	0	6
854	0	5
855	0	2
856	0	4
857	0	2
858	0	2
859	1	2
860	0	8
861	1	4
862	0	6
863	1	3
864	0	3
865	0	5
866	2	4
867	0	7
868	0	2
869	0	4
870	1	5
871	0	4
873	2	9
874	1	4
875	0	2
876	0	2
877	1	9
878	1	3
879	0	5
880	2	4
881	0	5
882	0	6
883	0	8
884	1	3
885	3	5
886	0	3
887	0	3
888	0	4
889	1	2
890	1	4
891	1	2
892	0	4
893	1	4
894	1	2
895	2	2
896	6	6
897	2	7
898	0	3
899	0	5
900	1	2
901	1	1
902	0	7
903	1	7
904	0	2
905	1	1
906	3	5
907	2	2
908	2	3
909	0	2
910	0	7
911	0	3
912	0	5
913	2	6
914	1	2
915	3	7
916	1	4
917	0	4
918	2	3
919	1	2
920	0	3
921	1	4
922	3	3
923	0	5
924	0	5
925	2	1
926	1	2
927	0	7
928	0	1
929	1	4
930	1	3
931	0	6
932	3	3
933	0	5
934	0	7
935	1	3
936	0	6
937	0	3
938	1	3
939	0	3
940	0	5
941	0	6
942	1	0
943	1	2
944	0	2
946	0	1
950	1	1
951	1	4
952	0	1
953	0	3
954	0	9
955	1	2
956	0	3
957	3	4
959	0	5
960	1	0
961	1	4
962	2	3
963	1	4
964	1	4
965	2	5
966	0	4
967	1	3
968	2	8
969	2	4
970	0	7
971	0	7
972	1	2
973	2	5
974	0	2
975	1	8
976	1	2
977	2	3
978	0	2
979	1	1
980	4	6
981	3	2
982	0	3
983	0	4
984	0	2
985	0	2
986	0	4
987	0	2
988	1	4
989	0	5
990	0	7
991	2	6
992	1	7
993	1	11
994	0	4
995	1	2
996	0	8
997	0	3
998	1	3
999	0	4
1000	0	5
1001	0	3
1002	1	6
1003	1	9
1004	0	4
1005	0	3
1006	0	7
1007	3	2
1008	3	1
1009	1	5
1010	3	3
1011	0	2
1012	3	4
1013	1	5
1014	1	4
1015	1	11
1016	1	7
1017	1	1
1018	0	4
1019	1	6
1020	0	3
1021	2	2
1022	0	4
1023	4	1
1024	0	3
1025	1	2
1026	0	5
1027	0	6
1028	0	1
1029	0	3
1030	1	1
1031	2	2
1032	1	2
1033	2	5
1034	1	5
1035	0	7
1036	0	1
1037	0	4
1038	1	5
1039	1	4
1040	2	2
1041	1	6
1042	0	3
1043	1	3
1044	0	1
1045	1	6
1046	0	2
1047	1	1
1048	2	2
1049	1	6
1050	0	8
1051	1	6
1052	3	6
1053	1	2
1054	0	5
1055	2	4
1056	0	1
1057	1	3
1058	0	6
1059	1	8
1060	0	3
1061	0	4
1062	0	4
1063	0	3
1064	2	10
1065	1	4
1066	1	7
1067	0	7
1068	0	5
1069	0	4
1070	0	5
1071	0	1
1072	1	4
1073	1	4
1074	0	5
1075	0	3
1076	0	4
1077	0	1
1078	0	5
1079	0	3
1080	2	6
1081	0	2
1082	0	4
1083	2	3
1084	2	9
1085	1	3
1086	0	2
1087	0	3
1088	1	4
1089	1	5
1090	0	7
1091	2	2
1092	0	6
1093	0	3
1094	1	1
1095	1	8
1096	1	3
1097	0	2
1098	0	4
1099	0	4
1100	0	1
1101	1	2
1102	1	6
1103	0	4
1104	1	5
1105	0	3
1106	1	5
1107	0	4
1108	0	3
1109	2	5
1110	0	1
1111	2	4
1112	0	4
1113	0	5
1114	1	3
1115	0	6
1116	0	4
1117	1	4
1118	0	9
1119	2	4
1120	1	2
1121	0	3
1122	1	4
1123	0	4
1124	1	1
1125	0	5
1126	0	7
1127	0	3
1128	1	10
1129	0	6
1130	0	5
1131	2	7
1132	0	4
1133	0	5
1134	0	5
1135	0	3
1136	1	2
1137	0	6
1138	0	2
1139	1	6
1140	0	2
1141	0	3
1142	0	2
1143	0	3
1144	2	1
1145	1	1
1146	2	5
1147	1	4
1148	1	5
1149	1	1
1150	0	8
1151	0	11
1152	1	1
1153	0	2
1154	1	3
1155	0	2
1156	1	6
1157	1	7
1158	0	4
1159	0	2
1160	0	3
1161	0	7
1162	1	4
1163	1	2
1164	3	9
1165	0	6
1166	1	3
1167	0	5
1168	0	9
1169	0	4
1170	0	3
1171	0	2
1172	0	2
1173	0	1
1174	0	7
1175	2	2
1176	0	4
1177	0	6
1178	0	8
1179	0	4
1180	0	5
1181	0	3
1182	0	5
1183	0	8
1184	1	4
1185	1	5
1186	1	4
1187	0	5
1188	0	6
1189	0	3
1190	2	7
1191	0	3
1192	0	4
1193	1	5
1194	0	5
1195	0	7
1196	2	5
1197	0	5
1198	0	8
1199	1	6
1200	0	4
1201	0	4
1202	0	8
1203	2	2
1204	0	6
1205	3	3
1206	1	5
1207	0	2
1208	1	6
1209	0	5
1210	0	8
1211	1	4
1212	1	1
1213	2	2
1214	3	1
1215	1	6
1216	0	6
1218	1	3
1219	1	5
1220	1	6
1221	1	6
1222	0	3
1223	1	2
1224	1	3
1225	0	5
1226	2	5
1227	3	3
1228	1	4
1229	0	4
1230	0	4
1231	1	3
1232	1	4
1233	1	2
1234	0	2
1235	0	6
1236	0	4
1237	0	1
1238	0	7
1239	1	1
1240	0	5
1241	0	2
1242	0	4
1243	0	6
1244	0	4
1245	0	1
1246	1	4
1247	1	5
1248	1	4
1249	1	3
1250	1	5
1251	0	7
1252	0	3
1253	3	3
1254	0	8
1255	0	4
1256	1	7
1257	0	2
1258	0	6
1259	0	7
1260	0	8
1261	1	5
1262	2	4
1263	1	3
1264	1	3
1265	0	5
1266	1	4
1267	0	3
1268	2	7
1269	0	3
1270	1	4
1271	0	3
1273	0	4
1274	0	4
1275	1	6
1276	1	2
1277	0	3
1278	0	7
1279	0	1
1280	0	2
1281	0	8
1282	1	6
1283	1	6
1284	2	2
1285	0	3
1286	2	3
1287	2	1
1288	2	7
1289	1	7
1290	0	5
1291	1	5
1292	0	7
1293	1	5
1294	1	7
1295	0	8
1296	0	4
1297	2	10
1298	7	3
1299	0	3
1300	0	5
1301	0	3
1302	0	7
1303	1	2
1304	1	4
1305	1	5
1306	0	3
1307	1	7
1308	0	6
1309	0	2
1310	0	3
1311	1	4
1312	2	10
1313	1	5
1314	1	14
1315	0	3
1316	1	4
1317	1	9
1318	0	4
1319	0	7
1320	3	1
1321	0	4
1322	1	6
1323	0	2
1324	0	2
1325	1	3
1326	0	3
1327	0	2
1328	0	3
1329	1	7
1330	1	9
1331	0	1
1332	0	2
1333	2	5
1334	1	6
1335	3	5
1336	0	1
1337	0	4
1338	1	4
1339	1	4
1340	1	3
1341	0	6
1342	2	1
1343	0	7
1344	0	2
1345	0	4
1346	0	1
1347	1	2
1348	0	2
1349	0	5
1350	0	4
1351	4	5
1352	2	3
1353	0	7
1354	0	2
1355	1	5
1356	1	7
1357	0	5
1358	0	9
1359	0	4
1360	0	5
1361	0	10
1362	3	5
1363	2	5
1364	1	3
1365	1	4
1366	1	5
1367	1	10
1368	4	10
1369	0	4
1370	1	8
1371	0	7
1372	1	3
1373	0	5
1374	2	5
1375	1	9
1376	3	5
1377	0	7
1378	0	8
1379	0	7
1380	0	7
1381	0	5
1382	0	6
1383	0	5
1384	0	8
1385	3	6
1386	0	5
1387	0	4
1388	0	4
1389	0	5
1390	0	4
1391	2	5
1392	3	4
1393	0	4
1394	1	11
1395	0	8
1396	2	2
1397	0	2
1398	1	3
1399	1	8
1400	1	4
1401	1	6
1402	0	2
1403	1	5
1404	1	7
1405	1	1
1406	0	3
1407	1	3
1408	0	9
1409	1	0
1410	6	5
1411	0	7
1412	0	3
1413	0	5
1414	1	3
1415	2	5
1416	2	1
1417	0	1
1418	2	1
1419	0	6
1420	0	3
1421	2	3
1422	1	2
1423	0	7
1424	0	5
1425	0	8
1426	2	4
1427	1	6
1428	0	1
1429	0	6
1430	1	8
1431	0	1
1432	0	4
1433	1	2
1434	2	7
1435	0	3
1436	0	2
1437	0	6
1438	0	5
1439	2	4
1440	0	2
1441	0	5
1442	1	4
1443	0	4
1444	1	6
1445	0	11
1446	0	4
1447	1	7
1448	2	4
1449	0	9
1450	2	8
1451	0	2
1452	0	4
1453	0	2
1454	0	4
1455	2	4
1456	1	2
1457	1	7
1458	3	5
1459	2	2
1460	1	6
1461	2	11
1462	2	1
1463	0	4
1464	0	6
1465	0	6
1466	2	3
1467	1	1
1468	0	3
1469	2	0
1470	1	2
1471	0	1
1472	1	2
1474	0	1
1475	1	4
1476	0	2
1477	1	2
1478	0	1
1479	0	4
1480	0	1
1481	0	3
1482	0	10
1483	0	6
1484	0	7
1485	1	2
1486	0	2
1487	0	2
1488	0	2
1489	0	2
1490	1	3
1491	2	3
1492	2	2
1493	1	5
1494	1	7
1495	1	1
1496	1	4
1497	0	5
1498	0	5
1499	1	2
1500	1	6
1501	1	7
1502	0	8
1503	0	3
1504	0	3
1505	0	4
1506	0	1
1507	0	2
1508	1	5
1509	0	3
1510	1	5
1511	0	6
1512	0	3
1513	0	2
1514	0	4
1515	0	6
1516	1	3
1517	1	6
1518	2	1
1519	1	2
1520	0	2
1521	3	1
1522	0	4
1523	0	4
1524	1	6
1525	2	3
1526	0	4
1527	0	2
1528	0	3
1529	0	10
1531	1	3
1532	2	1
1533	0	3
1534	1	6
1535	0	4
1536	1	1
1537	0	11
1538	2	11
1539	0	5
1540	0	4
1541	0	2
1542	4	2
1543	0	6
1544	2	9
1545	1	3
1546	0	7
1547	1	4
1548	1	3
1549	0	1
1550	2	2
1551	0	8
1552	0	5
1553	0	6
1554	1	7
1555	0	3
1556	0	2
1557	1	8
1558	0	3
1560	0	6
1561	0	2
1562	0	8
1563	1	4
1564	0	10
1565	0	5
1566	0	4
1567	0	3
1568	0	8
1569	0	7
1570	1	4
1571	0	5
1572	1	3
1573	2	7
1574	2	3
1575	1	6
1576	0	1
1577	1	4
1578	0	3
1579	0	4
1580	0	3
1581	2	3
1582	0	3
1583	1	4
1584	0	3
1585	2	0
1586	2	7
1587	1	2
1588	2	3
1589	1	4
1590	0	7
1591	1	2
1592	0	1
1593	1	5
1594	0	5
1595	0	2
1596	4	7
1597	0	2
1598	0	5
1599	0	2
1600	0	10
1601	1	5
1602	1	4
1603	1	4
1604	1	2
1605	0	4
1606	0	1
1607	2	2
1608	0	7
1609	0	2
1610	0	5
1611	0	5
1612	1	2
1613	3	4
1614	0	9
1615	1	4
1616	0	3
1617	2	0
1618	2	5
1619	1	2
1620	0	5
1621	0	1
1622	0	3
1623	1	4
1624	0	11
1625	1	3
1626	1	1
1627	0	5
1628	1	2
1629	0	4
1630	2	1
1631	0	5
1632	2	5
1633	1	5
1634	1	4
1635	0	7
1636	0	4
1637	1	6
1638	0	2
1639	0	6
1640	0	5
1641	1	4
1642	2	4
1643	0	6
1644	0	7
1645	0	8
1646	1	10
1647	1	5
1648	2	9
1649	1	7
1650	1	9
1651	3	6
1652	0	14
1653	3	5
1654	1	10
1655	1	5
1656	0	8
1657	0	7
1658	0	8
1659	0	6
1660	4	5
1661	0	5
1662	1	8
1663	0	5
1664	1	2
1665	0	10
1666	0	9
1667	0	5
1668	0	4
1669	1	4
1670	0	4
1671	2	2
1672	2	5
1673	1	6
1675	0	2
1676	2	2
1677	0	5
1678	0	4
1679	0	4
1680	1	4
1681	1	3
1682	0	5
1683	0	2
1684	0	4
1685	0	5
1686	1	9
1687	4	4
1688	1	3
1689	0	4
1690	1	6
1691	2	3
1692	1	4
1693	1	7
1694	0	4
1695	0	4
1696	1	3
1697	2	4
1698	0	4
1699	0	4
1700	0	3
1701	1	5
1702	3	4
1703	0	4
1704	0	1
1705	0	3
1706	1	4
1707	0	5
1708	0	3
1709	0	4
1710	1	4
1711	0	7
1712	1	2
1713	0	6
1714	0	2
1715	1	2
1716	1	2
1718	0	6
1719	0	6
1720	2	5
1721	0	3
1722	2	3
1723	0	3
1724	0	4
1725	1	9
1726	1	3
1727	1	0
1728	1	3
1729	2	2
1730	0	5
1731	0	3
1732	0	5
1733	0	3
1734	1	6
1735	0	6
1736	0	4
1737	0	4
1738	0	3
1739	1	3
1740	0	4
1741	0	7
1742	0	1
1743	1	1
1744	0	6
1745	0	4
1746	1	6
1747	3	4
1748	2	4
1749	0	8
1750	2	5
1751	0	2
1752	0	2
1753	0	5
1754	1	3
1755	0	7
1756	0	7
1757	0	1
1758	0	2
1759	1	4
1760	0	3
1761	1	3
1762	0	10
1763	0	1
1764	0	6
1765	0	9
1766	2	1
1767	1	4
1768	0	2
1769	0	10
1770	3	4
1771	1	3
1772	0	6
1773	0	4
1774	0	5
1775	0	5
1776	1	3
1777	1	3
1778	0	4
1779	1	5
1780	1	5
1781	0	7
1782	0	6
1783	0	2
1784	0	4
1785	1	3
1786	1	5
1787	2	3
1788	1	3
1789	1	3
1790	0	4
1791	0	4
1792	0	9
1793	0	5
1794	3	3
1795	1	5
1796	0	6
1797	0	7
1799	0	2
1800	1	4
1801	0	6
1802	0	6
1803	1	4
1804	3	6
1805	1	5
1806	1	6
1807	0	2
1808	0	7
1809	1	4
1810	0	6
1811	1	3
1812	2	1
1813	0	5
1814	0	4
1815	0	6
1816	0	5
1817	0	1
1818	1	3
1819	0	6
1820	0	1
1821	1	2
1822	0	3
1823	0	6
1824	2	2
1825	1	1
1826	0	1
1827	0	5
1828	0	5
1829	0	4
1830	0	8
1831	1	3
1832	0	5
1833	1	7
1834	0	3
1835	0	1
1836	0	6
1837	0	6
1838	2	2
1839	0	5
1840	0	6
1841	0	3
1842	1	3
1843	0	3
1844	0	6
1845	1	3
1846	3	4
1847	0	6
1848	0	4
1849	0	1
1850	0	3
1851	0	5
1852	2	11
1853	1	2
1854	1	5
1855	1	4
1856	1	5
1857	2	4
1858	0	3
1859	1	5
1860	0	3
1861	0	4
1862	0	3
1863	0	2
1864	0	2
1865	0	5
1866	0	4
1867	0	5
1868	0	1
1869	0	4
1870	1	2
1871	0	4
1872	1	5
1873	0	6
1874	1	2
1875	0	3
1876	1	5
1877	1	0
1878	0	6
1879	1	4
1880	0	4
1881	0	3
1882	0	4
1883	11	6
1884	2	2
1885	3	4
1886	0	6
1887	0	4
1888	1	8
1889	0	2
1890	0	4
1892	0	4
1893	0	4
1894	1	9
1895	1	6
1896	0	1
1897	0	5
1898	0	3
1899	0	8
1900	0	3
1901	1	4
1902	0	5
1903	0	3
1904	0	3
1905	1	4
1906	0	2
1907	0	2
1908	0	6
1909	2	6
1910	0	6
1911	0	3
1912	0	5
1913	0	6
1914	0	2
1915	0	2
1916	0	4
1917	0	1
1918	1	3
1919	1	7
1920	0	4
1921	0	4
1922	0	2
1923	0	7
1924	1	2
1925	1	5
1926	1	1
1927	0	11
1928	0	6
1929	2	5
1930	1	5
1931	2	1
1932	1	2
1933	1	4
1934	0	2
1935	0	6
1936	0	4
1937	0	8
1939	0	3
1940	0	2
1941	2	3
1942	0	4
1943	1	7
1944	0	9
1945	1	9
1946	2	2
1947	0	4
1948	0	3
1949	0	2
1950	0	5
1951	1	4
1952	1	3
1953	0	1
1954	0	6
1955	1	4
1956	0	4
1957	0	3
1958	0	4
1959	0	3
1960	0	5
1961	1	4
1962	1	4
1963	0	2
1965	0	3
1966	1	5
1967	0	2
1968	2	2
1969	2	4
1970	2	7
1971	3	5
1972	0	3
1973	0	5
1974	0	6
1975	3	3
1976	1	1
1977	0	3
1978	0	6
1979	0	5
1980	1	5
1981	1	7
1982	1	3
1983	0	7
1984	1	4
1985	0	2
1986	0	2
1987	2	0
1988	2	2
1989	9	2
1990	2	1
1991	0	5
1992	1	2
1993	0	5
1994	0	5
1995	0	8
1996	0	8
1997	0	1
1998	0	6
1999	0	5
2000	0	4
2001	2	3
2002	0	1
2003	1	1
2004	1	3
2005	0	2
2006	0	2
2007	2	4
2008	0	5
2009	1	2
2010	2	3
2011	1	0
2012	1	5
2014	0	3
2015	0	4
2016	1	2
2017	2	3
2018	0	6
2019	1	7
2020	1	2
2021	0	4
2022	0	4
2023	1	5
2025	0	7
2026	1	3
2027	0	10
2028	0	3
2029	2	4
2030	0	6
2031	0	1
2032	0	6
2033	1	4
2034	0	2
2035	0	6
2036	1	4
2037	0	3
2038	0	7
2039	2	6
2040	0	5
2041	1	4
2042	0	6
2043	1	4
2044	1	4
2045	0	3
2046	1	4
2047	0	2
2048	1	3
2049	0	3
2050	1	3
2051	3	3
2052	1	2
2053	0	5
2054	0	3
2055	0	3
2056	0	3
2057	0	2
2058	1	3
2059	1	7
2060	0	2
2061	0	1
2062	0	3
2063	0	2
2064	0	3
2065	0	3
2066	0	6
2067	0	8
2068	0	3
2069	1	8
2070	0	4
2071	1	4
2072	0	4
2073	1	3
2074	0	2
2075	0	8
2076	2	1
2077	0	2
2078	0	5
2079	0	4
2080	1	5
2081	0	2
2082	1	0
2083	0	4
2084	0	1
2085	0	6
2086	0	9
2087	1	6
2088	0	9
2089	0	6
2090	0	3
2091	0	3
2092	1	2
2093	0	2
2094	2	4
2095	0	4
2096	0	2
2097	0	6
2098	0	6
2099	0	8
2100	0	3
2101	0	5
2102	2	3
2103	1	4
2104	1	8
2105	1	6
2106	0	2
2107	3	4
2109	1	8
2110	3	6
2112	0	3
2113	0	4
2114	1	4
2115	0	4
2116	0	3
2117	1	3
2118	1	4
2119	0	4
2120	0	5
2121	0	1
2122	0	4
2123	1	8
2124	0	3
2125	0	4
2126	0	5
2127	1	2
2128	0	3
2129	0	4
2131	0	1
2132	0	6
2133	0	4
2134	0	1
2135	0	6
2136	0	8
2137	0	3
2138	0	1
2139	0	3
2140	1	4
2141	1	3
2142	2	2
2143	1	5
2144	1	7
2145	1	1
2146	0	1
2147	0	4
2148	1	1
2149	0	3
2150	0	3
2151	1	7
2152	0	3
2153	3	6
2154	0	3
2155	0	3
2156	0	2
2157	0	7
2158	0	1
2159	0	1
2160	0	5
2161	0	4
2162	0	2
2163	0	5
2164	0	5
2165	1	5
2166	0	7
2167	1	0
2168	1	6
2169	1	4
2170	6	0
2171	2	1
2172	2	4
2173	2	0
2174	1	0
2175	5	3
2176	1	3
2177	1	10
2178	0	8
2179	1	5
2180	1	7
2181	1	4
2182	0	3
2183	1	3
2184	0	4
2185	0	2
2186	0	6
2187	0	2
2188	1	4
2189	0	1
2190	0	2
2191	0	1
2192	1	2
2193	1	5
2194	0	1
2195	0	7
2196	0	2
2197	1	3
2198	0	6
2199	0	5
2200	0	4
2201	1	2
2202	0	6
2203	0	2
2204	1	2
2205	1	3
2206	3	3
2207	0	4
2208	2	4
2209	0	4
2210	0	7
2211	0	2
2212	2	1
2213	1	5
2214	1	0
2215	1	2
2216	1	2
2217	1	4
2218	0	1
2219	0	4
2220	0	4
2221	2	5
2222	0	6
2223	0	6
2224	0	5
2225	0	9
2226	3	5
2227	2	5
2228	0	1
2229	0	6
2230	0	3
2231	4	5
2232	2	1
2233	0	7
2234	0	6
2235	0	4
2236	1	9
2237	0	7
2238	0	5
2239	0	5
2240	1	4
2241	0	5
2242	0	5
2243	0	2
2244	1	3
2245	1	5
2246	1	5
2247	0	6
2248	0	3
2249	2	4
2250	2	4
2251	0	5
2252	2	7
2253	1	5
2254	1	6
2255	1	3
2256	1	5
2257	0	4
2258	1	2
2259	1	4
2260	0	3
2261	0	2
2262	2	5
2263	0	4
2264	0	3
2265	0	3
2266	1	1
2268	0	5
2269	0	2
2270	0	2
2271	1	4
2272	0	8
2273	1	7
2274	2	4
2275	0	3
2276	0	4
2277	2	4
2278	2	5
2279	0	3
2280	1	7
2281	1	3
2282	2	2
2283	2	6
2284	0	5
2285	0	4
2286	1	6
2287	1	3
2288	1	5
2289	0	2
2291	0	3
2292	0	6
2293	1	2
2294	1	5
2295	0	3
2296	2	3
2297	0	5
2298	0	4
2299	0	3
2300	0	8
2301	0	7
2302	2	3
2303	0	7
2304	1	6
2305	1	9
2306	1	6
2307	0	4
2308	0	5
2309	1	4
2310	0	3
2311	0	5
2312	3	7
2313	2	1
2314	1	2
2315	0	4
2316	0	2
2317	0	3
2318	0	6
2319	1	6
2320	0	2
2321	0	2
2322	1	2
2323	0	4
2324	1	5
2325	0	2
2326	0	2
2327	0	6
2328	0	5
2329	0	4
2330	0	4
2331	0	3
2332	0	9
2333	0	8
2334	1	3
2335	0	7
2336	0	6
2337	0	9
2338	0	7
2339	0	1
2340	0	4
2341	1	3
2342	1	6
2343	0	1
2344	0	1
2345	1	10
2346	1	7
2347	0	11
2348	0	6
2349	1	2
2350	2	0
2351	1	7
2352	0	5
2353	0	9
2355	0	8
2356	0	10
2357	0	3
2358	0	1
2359	1	3
2360	1	4
2361	0	2
2362	1	4
2363	1	2
2364	0	7
2365	4	5
2367	0	5
2368	0	5
2369	0	1
2370	0	3
2371	1	2
2372	2	3
2373	0	4
2374	1	2
2375	0	2
2376	0	2
2377	1	4
2378	0	5
2379	1	2
2380	0	4
2381	2	2
2382	1	4
2383	0	3
2384	0	2
2385	0	4
2386	1	3
2387	0	5
2388	0	4
2389	0	4
2390	0	5
2391	2	5
2392	1	8
2393	0	7
2394	1	5
2395	0	4
2396	0	2
2397	0	5
2398	0	3
2399	1	4
2400	0	1
2401	0	7
2402	0	5
2403	2	1
2404	0	1
2405	1	3
2406	2	4
2407	1	4
2409	0	4
2410	0	2
2411	0	3
2412	3	9
2413	1	6
2414	0	11
2415	1	3
2416	2	6
2417	2	2
2418	0	10
2419	1	7
2420	0	3
2421	0	8
2422	0	6
2423	0	5
2424	2	7
2425	0	3
2426	1	2
2427	0	4
2428	2	2
2429	0	3
2430	0	4
2431	2	3
2432	0	4
2433	0	5
2434	0	2
2435	0	3
2436	1	6
2437	0	4
2438	1	1
2439	0	6
2440	0	2
2441	0	6
2442	0	5
2443	1	4
2444	2	4
2445	0	1
2446	0	3
2447	0	5
2448	0	6
2449	1	5
2450	1	7
2451	0	4
2452	2	2
2453	2	3
2454	1	9
2455	3	6
2456	2	3
2457	1	3
2458	1	5
2459	0	6
2460	0	2
2461	1	2
2462	1	3
2463	1	6
2464	1	5
2465	3	2
2466	1	6
2467	0	1
2468	1	3
2469	4	1
2470	1	6
2471	2	2
2472	0	4
2473	0	6
2474	3	2
2475	0	4
2476	2	6
2477	0	3
2478	0	4
2479	2	3
2480	0	2
2481	1	6
2482	1	7
2483	0	5
2484	2	1
2485	0	5
2486	1	5
2487	0	4
2488	0	6
2489	1	4
2490	0	5
2491	0	5
2492	1	4
2493	1	5
2494	0	6
2495	0	1
2496	0	4
2497	0	4
2498	0	2
2499	2	4
2500	0	8
2501	0	8
2502	0	6
2503	0	7
2504	0	4
2505	0	4
2506	0	3
2507	1	8
2508	0	2
2509	0	6
2510	0	7
2511	0	6
2512	1	2
2514	0	4
2515	0	3
2516	1	2
2517	0	6
2518	1	7
2519	1	3
2520	1	7
2521	1	5
2522	0	4
2523	0	5
2524	0	10
2525	0	7
2526	0	6
2527	3	1
2528	0	5
2529	0	4
2530	1	5
2531	0	8
2532	0	3
2533	0	3
2534	1	3
2535	1	1
2536	2	5
2537	1	7
2538	0	5
2539	2	5
2540	0	6
2541	0	5
2542	0	4
2543	5	11
2544	1	1
2545	2	5
2546	0	13
2547	2	1
2548	3	2
2549	1	5
2550	4	1
2551	3	7
2552	1	5
2553	1	5
2554	1	4
2555	4	1
2556	0	5
2557	0	2
2558	0	3
2559	0	2
2560	2	8
2561	1	5
2562	0	7
2563	2	0
2564	7	2
2565	0	2
2566	1	3
2567	3	2
2568	0	9
2569	0	7
2570	0	2
2571	1	4
2572	0	6
2573	0	5
2574	1	10
2575	1	3
2576	0	3
2577	0	3
2578	1	5
2579	2	2
2580	0	4
2581	0	6
2582	0	3
2583	0	4
2584	1	4
2585	1	3
2586	0	2
2587	0	3
2588	0	3
2589	0	5
2590	0	3
2591	2	3
2592	1	4
2593	1	4
2594	1	4
2595	0	7
2596	0	2
2597	1	1
2598	2	5
2599	0	4
2600	0	3
2601	0	2
2602	0	1
2603	0	2
2604	0	4
2605	0	6
2606	2	4
2607	1	2
2608	0	4
2609	0	5
2610	0	3
2611	0	2
2612	0	5
2613	1	5
2614	0	4
2615	2	2
2616	0	4
2617	1	1
2618	2	5
2619	1	3
2620	0	8
2621	0	2
2622	0	4
2623	0	4
2624	1	6
2625	0	3
2626	1	7
2627	0	6
2628	1	4
2629	1	8
2630	1	3
2631	0	3
2632	0	3
2633	1	2
2634	1	7
2635	0	6
2636	0	3
2637	0	2
2638	2	1
2639	0	7
2640	1	3
2641	1	3
2642	0	6
2643	0	3
2644	0	7
2645	0	3
2646	1	7
2647	0	8
2648	0	6
2649	1	2
2650	0	2
2651	0	5
2652	1	4
2653	0	2
2654	0	2
2655	0	1
2656	0	2
2657	0	5
2658	1	2
2659	1	4
2660	1	4
2661	0	2
2662	0	3
2663	2	1
2664	0	3
2665	3	3
2666	0	6
2667	0	4
2668	0	8
2669	1	2
2670	0	3
2671	2	9
2672	2	5
2673	3	4
2674	1	5
2675	0	3
2676	1	3
2677	0	4
2678	1	6
2679	0	6
2680	0	3
2681	0	2
2682	1	8
2683	0	3
2684	1	6
2685	0	2
2686	0	5
2687	0	6
2688	1	1
2689	1	7
2690	0	4
2691	1	4
2692	1	1
2693	2	3
2694	2	9
2695	1	5
2696	2	1
2697	1	2
2698	0	4
2699	0	6
2700	0	2
2701	2	7
2702	0	7
2703	1	7
2704	1	2
2705	0	3
2706	1	2
2707	1	7
2708	1	6
2709	0	3
2710	0	4
2711	1	4
2712	0	4
2713	0	5
2714	1	4
2715	2	1
2716	0	2
2717	0	2
2718	1	0
2719	4	2
2720	3	5
2721	1	1
2722	0	6
2723	1	1
2724	0	3
2725	0	4
2726	0	3
2727	1	2
2728	2	2
2729	1	8
2730	0	1
2731	1	4
2732	0	2
2733	0	6
2734	0	2
2735	1	5
2736	0	5
2737	0	3
2738	0	4
2739	1	0
2740	0	8
2741	0	4
2742	0	5
2743	0	1
2744	2	3
2745	1	3
2746	2	4
2747	0	7
2748	0	5
2749	0	4
2750	1	1
2751	0	6
2752	0	3
2753	1	2
2754	3	8
2755	0	4
2756	0	6
2757	0	3
2758	0	1
2759	0	5
2760	1	2
2761	2	2
2762	0	5
2763	1	2
2764	0	3
2765	0	3
2766	1	3
2767	0	1
2768	0	5
2769	0	3
2770	1	4
2771	0	3
2772	0	5
2773	1	4
2774	0	3
2775	1	5
2776	0	1
2777	0	2
2778	0	5
2779	0	3
2780	1	4
2781	0	6
2782	0	3
2783	0	6
2784	1	3
2785	1	3
2786	0	5
2787	1	5
2788	0	8
2789	2	8
2790	0	4
2791	1	4
2792	0	3
2793	0	2
2794	1	7
2795	0	6
2796	0	4
2797	1	2
2798	1	3
2799	0	5
2800	0	4
2801	0	2
2802	0	5
2803	1	5
2804	0	10
2805	0	6
2806	6	9
2807	3	3
2808	1	7
2809	2	5
2810	1	3
2811	0	1
2812	1	4
2813	0	3
2814	1	7
2815	1	2
2816	0	7
2817	2	6
2818	1	3
2819	0	6
2820	0	7
2821	1	3
2822	0	1
2823	0	4
2824	1	5
2825	2	4
2826	0	4
2827	2	1
2828	0	3
2829	1	2
2830	1	3
2831	4	5
2832	2	4
2833	1	5
2834	3	3
2835	2	3
2836	2	4
2837	0	1
2838	0	6
2839	0	3
2840	0	3
2841	0	1
2843	0	2
2844	1	5
2845	0	3
2846	0	5
2847	0	4
2848	1	3
2849	0	2
2850	1	3
2851	0	3
2852	0	7
2853	0	3
2854	1	5
2855	0	4
2856	0	8
2857	0	6
2858	0	3
2859	0	7
2860	0	6
2861	4	7
2862	1	4
2863	2	3
2864	2	9
2865	0	4
2866	1	1
2867	0	4
2868	1	2
2869	2	8
2870	1	7
2871	0	5
2872	2	2
2873	0	5
2874	1	3
2875	0	4
2876	3	8
2877	2	5
2878	1	2
2879	2	3
2880	0	4
2881	0	7
2882	1	5
2883	0	5
2884	0	6
2885	1	4
2886	0	2
2887	0	5
2888	0	5
2889	1	9
2890	1	6
2891	1	2
2892	0	4
2893	1	3
2894	1	1
2895	2	3
2896	1	1
2897	0	3
2898	1	6
2899	1	4
2900	0	3
2901	0	5
2902	0	6
2903	0	7
2904	0	5
2905	0	5
2906	2	2
2907	0	1
2909	0	4
2910	0	6
2911	1	3
2912	0	2
2913	0	4
2914	1	3
2915	0	5
2916	0	1
2917	1	4
2919	0	3
2920	0	2
2921	3	4
2922	2	4
2923	0	4
2924	0	1
2925	0	7
2926	0	2
2927	1	1
2928	0	1
2929	1	1
2930	0	1
2931	0	6
2932	0	7
2933	0	6
2934	0	5
2935	0	4
2936	0	4
2937	0	3
2938	0	1
2939	1	2
2940	0	2
2941	0	3
2942	1	3
2943	1	4
2945	0	2
2946	2	4
2947	0	4
2948	0	4
2949	1	5
2950	1	0
2951	0	5
2952	2	4
2953	0	5
2954	0	3
2955	1	3
2956	0	5
2957	0	1
2958	1	5
2959	0	6
2960	1	5
2961	1	4
2962	0	4
2963	1	5
2964	0	2
2966	2	4
2967	2	3
2968	0	5
2969	1	1
2970	0	4
2971	1	5
2972	0	2
2973	0	3
2974	0	5
2975	1	3
2976	0	3
2977	0	7
2978	1	4
2979	2	3
2980	2	4
2981	0	1
2982	0	7
2983	0	11
2984	0	5
2985	0	1
2986	1	5
2987	1	4
2988	1	1
2989	0	6
2990	1	5
2991	0	5
2992	3	4
2993	4	2
2994	2	3
2995	0	2
2996	0	5
2997	0	8
2998	0	7
2999	0	3
3000	2	2
3001	0	5
3002	0	2
3003	2	7
3004	0	2
3005	0	7
3006	0	5
3007	0	2
3008	1	4
3009	0	4
3010	2	0
3011	0	3
3012	2	3
3013	0	2
3014	0	6
3015	0	6
3016	0	4
3017	1	1
3018	0	4
3019	3	3
3020	3	2
3021	2	1
3022	1	4
3023	0	5
3024	2	2
3025	1	5
3026	0	3
3027	1	1
3028	3	5
3029	0	2
3030	1	5
3031	0	4
3032	1	5
3033	0	6
3034	0	3
3035	2	7
3036	1	4
3037	1	1
3038	0	11
3039	3	6
3040	0	6
3041	0	2
3042	0	3
3043	0	4
3044	0	3
3045	2	7
3046	0	8
3047	0	7
3048	0	1
3049	1	2
3050	3	5
3051	0	2
3052	2	3
3054	1	3
3055	0	2
3056	1	3
3057	0	1
3058	0	3
3059	0	5
3060	0	4
3061	0	5
3062	0	4
3063	0	4
3064	1	3
3065	3	3
3066	0	7
3067	1	7
3068	1	1
3069	0	4
3070	0	2
3071	1	3
3072	0	3
3073	0	2
3074	0	2
3075	1	5
3076	1	7
3077	1	2
3078	3	3
3079	0	6
3080	0	3
3081	1	2
3082	4	2
3083	1	4
3084	2	4
3085	0	3
3086	1	1
3087	0	1
3088	0	1
3089	0	3
3090	1	5
3091	1	3
3092	1	2
3093	2	2
3094	2	4
3095	0	10
3096	1	3
3097	1	3
3098	0	7
3099	1	5
3100	0	5
3101	0	3
3102	1	7
3103	3	4
3104	0	1
3105	0	1
3106	1	5
3107	1	7
3108	0	3
3109	0	3
3110	1	1
3111	0	10
3112	0	5
3113	1	5
3114	5	6
3115	0	5
3116	1	1
3117	0	5
3118	0	2
3119	0	3
3120	0	3
3121	0	3
3122	0	1
3123	0	4
3124	0	3
3125	0	3
3126	1	0
3127	0	2
3128	0	6
3129	0	2
3130	1	4
3131	1	1
3132	1	1
3133	1	5
3134	1	4
3135	0	2
3136	2	3
3137	0	5
3138	3	5
3139	0	5
3140	0	6
3141	0	2
3143	1	3
3144	1	0
3145	3	3
3146	3	6
3147	1	2
3148	0	5
3149	0	2
3150	0	4
3151	2	4
3152	1	7
3153	0	4
3154	1	2
3155	1	2
3156	0	7
3157	0	3
3158	0	3
3159	2	7
3160	0	5
3161	0	6
3162	0	2
3163	0	2
3164	2	1
3165	0	4
3166	0	1
3167	0	3
3168	1	7
3169	2	3
3170	0	6
3171	1	3
3172	0	4
3173	0	4
3174	0	2
3175	0	4
3176	0	2
3177	1	3
3178	0	3
3179	0	3
3180	1	4
3181	0	1
3182	1	0
3185	1	3
3186	0	4
3188	1	8
3189	0	2
3190	0	3
3191	4	3
3192	1	4
3193	0	5
3194	0	3
3195	0	6
3196	2	4
3197	0	4
3198	2	3
3199	0	6
3200	0	2
3201	1	5
3202	1	5
3203	0	4
3204	1	1
3205	0	1
3206	1	5
3207	1	2
3208	1	5
3209	0	2
3210	0	3
3211	0	5
3212	2	5
3213	1	3
3214	0	2
3215	0	2
3216	0	6
3217	0	7
3218	2	4
3219	0	5
3220	0	5
3221	1	4
3222	1	4
3223	1	3
3224	1	8
3225	0	4
3226	2	5
3227	1	3
3228	2	3
3229	0	4
3230	1	4
3231	1	1
3232	0	5
3233	0	5
3234	0	2
3235	0	1
3236	0	3
3237	0	4
3238	0	3
3239	1	4
3240	0	2
3241	0	4
3242	0	3
3243	0	1
3244	0	4
3245	0	7
3246	0	5
3247	0	7
3248	0	3
3249	0	1
3250	0	6
3251	2	2
3252	2	3
3253	1	1
3254	0	2
3255	0	2
3256	4	2
3257	1	2
3258	0	1
3259	1	3
3260	1	3
3261	0	3
3262	0	4
3263	0	1
3264	1	3
3265	2	4
3266	1	4
3267	0	5
3268	0	2
3269	0	6
3270	2	3
3271	1	6
3272	1	5
3273	2	5
3274	0	3
3275	0	4
3276	0	1
3277	0	3
3278	0	4
3279	0	2
3280	1	5
3281	1	4
3282	1	4
3283	0	3
3284	0	2
3285	0	8
3286	0	7
3287	0	3
3288	1	5
3289	1	3
3290	0	2
3291	0	9
3293	1	2
3294	3	3
3295	1	2
3296	2	4
3297	2	3
3298	2	2
3299	0	2
3300	0	5
3301	0	3
3302	0	6
3303	1	3
3304	0	7
3305	0	3
3306	0	3
3307	0	4
3308	0	4
3309	0	3
3310	0	2
3311	1	6
3312	2	8
3313	0	4
3314	1	2
3315	1	1
3316	0	2
3317	0	3
3318	0	4
3319	0	3
3320	0	3
3321	0	4
3322	2	4
3323	0	3
3324	0	5
3325	0	4
3326	0	3
3327	0	2
3328	0	5
3329	0	4
3330	1	3
3331	1	4
3332	0	7
3333	0	7
3334	0	6
3335	0	6
3336	0	2
3337	0	3
3338	0	5
3339	0	6
3340	1	2
3341	1	8
3342	0	4
3343	0	6
3344	1	7
3345	0	6
3346	1	5
3347	1	5
3348	1	4
3349	1	4
3350	0	3
3351	0	3
3352	2	2
3353	1	3
3354	1	2
3355	0	1
3356	1	4
3357	0	6
3358	1	5
3359	1	2
3360	1	8
3361	1	7
3362	2	4
3363	0	2
3364	0	2
3365	1	3
3366	0	5
3367	0	5
3368	1	0
3369	1	4
3370	1	6
3371	0	3
3372	0	1
3373	0	2
3374	0	4
3375	0	7
3376	1	3
3377	0	3
3378	0	4
3379	0	2
3380	0	3
3381	1	2
3382	0	3
3383	3	1
3384	0	1
3385	0	2
3386	0	1
3387	0	5
3388	0	2
3389	0	5
3390	0	2
3391	0	2
3392	0	3
3393	1	5
3394	0	3
3395	1	3
3396	0	6
3397	0	3
3398	0	7
3399	0	11
3400	4	5
3401	1	4
3402	0	8
3403	3	2
3404	2	1
3405	0	2
3406	0	2
3407	1	6
3408	0	3
3409	1	3
3410	2	4
3411	1	4
3412	0	5
3413	0	2
3414	0	2
3415	0	2
3416	0	4
3417	0	5
3418	1	3
3419	0	6
3420	0	1
3421	0	4
3422	0	5
3423	1	2
3424	0	4
3425	0	4
3426	1	4
3427	1	8
3428	0	4
3429	0	3
3430	0	4
3431	0	3
3432	0	5
3433	1	4
3434	0	3
3435	2	3
3436	0	3
3437	1	5
3438	0	5
3439	0	2
3440	0	5
3441	0	2
3442	0	3
3443	1	1
3444	1	7
3445	1	4
3446	1	2
3447	0	4
3448	0	6
3449	0	1
3450	0	6
3451	0	4
3452	2	5
3453	0	4
3454	0	2
3455	1	2
3456	0	2
3457	1	5
3458	1	4
3459	0	4
3460	0	3
3461	1	0
3462	0	2
3463	0	5
3464	1	2
3465	0	3
3466	0	3
3467	0	1
3468	0	7
3469	1	2
3470	0	11
3471	0	2
3472	0	6
3474	0	2
3475	0	5
3476	2	6
3477	1	8
3478	1	4
3479	0	5
3480	1	3
3481	0	3
3482	1	3
3483	0	5
3484	1	3
3485	0	5
3486	0	1
3487	0	7
3488	0	5
3489	1	3
3490	1	6
3491	1	6
3492	1	8
3493	2	4
3494	1	3
3495	0	3
3496	0	10
3497	0	7
3498	0	3
3499	0	5
3500	0	4
3502	2	4
3503	1	6
3504	0	6
3505	0	3
3506	1	2
3507	0	4
3508	1	2
3509	0	9
3510	0	7
3511	1	2
3512	2	1
3513	0	4
3514	0	2
3515	0	8
3516	0	5
3517	1	7
3518	0	6
3519	1	9
3520	2	4
3521	0	6
3522	2	4
3523	0	8
3524	0	2
3525	0	2
3526	0	8
3527	1	7
3528	0	2
3529	0	5
3530	0	3
3531	2	8
3532	1	7
3533	0	2
3534	2	3
3535	0	1
3536	4	9
3537	1	5
3538	1	5
3539	0	11
3540	0	8
3541	0	6
3542	0	2
3543	0	5
3544	3	3
3545	0	5
3546	1	6
3547	1	5
3548	1	2
3549	4	5
3550	1	7
3551	0	5
3552	0	5
3553	1	10
3554	0	3
3555	0	5
3556	1	3
3557	0	3
3558	0	7
3559	0	4
3560	1	2
3561	1	12
3562	0	4
3563	2	2
3564	0	9
3565	0	6
3566	0	8
3567	0	6
3569	0	12
3570	0	4
3571	0	2
3572	0	3
3573	3	6
3574	1	7
3575	0	4
3576	1	8
3577	1	6
3578	0	8
3579	0	4
3580	1	8
3581	0	4
3582	3	5
3583	0	8
3584	0	2
3585	1	1
3586	1	2
3587	1	7
3588	0	7
3589	1	5
3590	4	4
3591	0	1
3592	0	2
3593	0	7
3594	1	7
3595	0	5
3596	1	6
3597	0	2
3598	1	5
3599	1	4
3601	0	4
3602	0	1
3603	0	3
3604	0	5
3605	0	2
3606	1	3
3607	1	3
3608	0	1
3609	0	4
3610	0	2
3611	1	2
3612	0	7
3613	1	4
3614	0	3
3615	0	8
3616	0	3
3617	0	3
3618	1	3
3619	0	5
3620	1	2
3621	0	9
3622	0	3
3623	1	5
3624	2	3
3625	1	6
3626	0	5
3627	1	4
3628	0	4
3629	1	1
3630	0	4
3632	2	6
3633	1	4
3634	0	1
3635	0	6
3636	0	3
3637	1	2
3638	0	9
3639	1	2
3640	1	3
3641	0	3
3642	0	2
3643	0	3
3644	1	5
3645	1	5
3646	4	2
3647	0	2
3648	2	4
3649	1	2
3650	0	2
3651	0	6
3652	0	4
3653	0	6
3654	0	12
3655	3	7
3656	0	2
3657	0	5
3658	1	2
3659	2	4
3660	0	2
3661	0	4
3662	0	4
3663	1	1
3664	0	2
3665	5	3
3666	0	3
3667	0	2
3668	2	3
3669	2	5
3670	0	3
3671	0	6
3672	0	4
3673	0	8
3674	0	12
3675	0	6
3676	1	6
3677	1	6
3678	0	5
3679	0	6
3680	0	10
3681	0	2
3682	0	4
3683	2	3
3684	2	1
3685	0	7
3686	1	4
3687	2	7
3688	1	9
3689	0	7
3690	0	2
3691	0	2
3692	0	4
3693	0	6
3694	0	3
3695	3	1
3696	1	0
3697	1	3
3698	1	3
3699	0	7
3700	0	2
3701	0	5
3702	0	3
3703	0	1
3704	0	1
3705	0	6
3706	0	3
3707	0	1
3708	0	9
3709	1	4
3710	0	5
3711	1	9
3712	0	1
3713	0	8
3714	3	5
3715	1	3
3716	2	3
3717	0	3
3718	0	4
3719	0	4
3720	0	3
3721	1	4
3722	0	6
3723	1	4
3724	0	1
3725	1	1
3726	0	4
3727	0	4
3728	0	4
3729	1	6
3730	1	2
3731	1	4
3732	0	4
3733	0	8
3734	0	3
3735	0	1
3736	0	1
3737	0	5
3738	2	5
3739	0	3
3740	2	3
3741	0	7
3742	1	5
3743	0	6
3744	2	2
3745	0	4
3746	0	6
3747	0	3
3748	0	7
3749	0	7
3750	0	4
3751	0	3
3752	0	3
3753	0	3
3754	0	2
3755	0	5
3756	1	2
3757	0	3
3758	1	7
3759	2	2
3760	0	5
3761	3	1
3762	1	0
3763	0	9
3764	0	5
3765	1	5
3766	0	5
3767	0	4
3768	0	4
3769	0	1
3770	0	4
3771	1	7
3772	3	2
3773	2	2
3774	0	2
3775	0	2
3776	0	2
3777	1	3
3778	0	6
3779	0	5
3780	0	3
3781	0	3
3782	0	4
3783	0	2
3784	1	0
3785	0	5
3786	0	6
3787	2	4
3788	0	4
3789	0	7
3790	1	3
3791	1	2
3792	0	4
3793	0	4
3794	0	4
3795	1	1
3796	2	1
3797	0	6
3798	0	6
3799	1	3
3800	0	9
3802	1	7
3803	1	3
3804	1	3
3805	0	2
3806	0	2
3807	1	5
3808	0	2
3809	1	6
3810	3	4
3811	0	7
3812	1	2
3813	0	4
3814	2	3
3815	0	5
3816	0	2
3817	1	5
3818	0	6
3819	0	7
3820	1	4
3821	1	4
3822	0	6
3823	0	8
3824	3	3
3825	2	7
3826	0	2
3827	0	1
3828	0	5
3829	1	7
3830	2	10
3831	0	9
3832	1	3
3833	0	3
3834	0	4
3835	1	7
3836	0	9
3837	2	11
3838	1	7
3839	0	1
3840	1	6
3841	0	3
3842	0	4
3843	0	3
3844	0	2
3845	0	5
3846	1	2
3847	0	4
3848	0	8
3849	1	4
3850	2	6
3851	0	1
3852	1	4
3853	1	5
3854	0	5
3855	0	6
3856	1	4
3857	0	3
3858	0	3
3859	4	1
3860	1	7
3861	6	3
3862	0	2
3863	1	9
3864	1	4
3865	2	4
3866	0	3
3867	0	6
3868	0	1
3869	1	2
3870	0	2
3871	0	3
3872	0	5
3873	1	2
3874	0	6
3875	0	2
3876	0	6
3877	0	6
3878	0	6
3879	0	2
3880	0	2
3881	1	3
3882	0	8
3883	2	4
3884	0	7
3885	1	4
3886	0	4
3887	0	5
3888	0	5
3890	1	0
3891	0	3
3892	1	2
3893	0	9
3894	0	3
3895	0	2
3896	1	2
3897	0	1
3898	1	4
3899	0	6
3900	2	1
3901	0	9
3902	0	7
3903	0	3
3904	0	8
3905	0	3
3906	0	3
3907	3	4
3908	0	8
3909	2	5
3910	0	4
3911	0	4
3912	2	6
3913	0	2
3914	0	2
3915	0	8
3916	0	7
3917	1	3
3918	0	4
3919	2	5
3920	1	5
3921	0	2
3922	0	4
3923	0	3
3924	0	3
3925	0	1
3926	0	9
3927	1	5
3928	1	8
3929	1	1
3930	0	4
3931	0	4
3932	0	4
3933	0	5
3934	0	4
3935	1	7
3937	0	6
3938	1	3
3939	0	1
3940	0	3
3941	1	3
3942	2	2
3943	0	1
3944	1	2
3945	0	5
3946	0	3
3947	0	3
3948	1	7
3949	0	2
3950	1	9
3951	0	8
3952	1	2
3953	1	4
3954	2	3
3955	1	5
3956	1	3
3957	3	4
3958	1	1
3959	0	1
3960	0	4
3961	2	5
3962	4	4
3963	0	3
3964	0	5
3965	0	1
3966	1	5
3967	0	4
3968	1	2
3969	0	3
3970	0	7
3971	1	8
3972	1	3
3973	0	7
3974	0	1
3975	0	7
3976	1	7
3977	0	2
3978	2	2
3979	1	5
3980	1	2
3981	0	7
3982	1	3
3983	0	3
3984	0	4
3985	0	2
3986	0	3
3987	0	2
3988	1	4
3989	1	4
3990	1	4
3991	0	2
3992	2	4
3993	2	4
3994	0	4
3995	0	5
3996	0	5
3997	1	2
3998	2	3
3999	1	2
4000	0	1
4001	0	2
4002	0	5
4003	0	4
4004	0	2
4005	0	3
4006	0	1
4007	1	1
4008	1	7
4009	2	6
4010	0	4
4011	1	4
4012	1	7
4013	0	3
4014	2	7
4015	0	5
4016	0	2
4017	2	0
4018	0	6
4019	0	3
4020	2	6
4021	0	2
4022	0	2
4023	0	1
4024	2	3
4025	0	3
4026	0	3
4027	1	1
4028	0	3
4029	0	5
4030	0	5
4031	2	2
4032	0	3
4033	1	5
4034	0	2
4035	2	3
4036	1	4
4037	1	6
4038	1	3
4039	0	5
4040	2	2
4041	0	1
4042	0	3
4043	0	3
4044	0	4
4045	1	6
4046	2	2
4047	1	6
4048	0	4
4049	1	3
4050	1	6
4051	3	3
4052	8	3
4053	0	2
4054	0	6
4055	0	2
4056	0	5
4057	0	4
4058	2	4
4059	2	5
4060	0	6
4061	0	3
4062	0	5
4063	1	7
4064	1	0
4065	0	4
4066	0	3
4067	1	3
4068	0	6
4069	0	3
4070	0	3
4071	1	7
4072	0	2
4073	0	3
4074	0	4
4075	1	5
4076	1	8
4077	0	4
4078	0	1
4079	0	1
4080	0	4
4081	1	4
4082	3	5
4083	0	6
4084	0	3
4085	0	8
4086	1	0
4087	0	5
4088	0	2
4089	0	5
4090	1	1
4091	1	4
4092	2	6
4093	0	6
4094	0	2
4095	0	5
4096	1	2
4097	0	6
4098	0	1
4099	1	6
4100	0	8
4101	1	3
4102	0	4
4103	1	9
4104	0	4
4105	0	2
4106	1	6
4107	1	6
4108	0	2
4109	0	5
4110	1	2
4111	0	3
4112	3	4
4113	1	2
4114	0	5
4115	1	2
4116	0	3
4117	2	7
4118	1	2
4119	0	6
4120	0	5
4121	0	3
4122	1	8
4123	0	4
4124	1	5
4125	0	5
4126	1	1
4127	0	3
4128	0	1
4129	0	4
4130	0	7
4131	2	3
4132	0	4
4133	0	2
4134	1	4
4135	1	4
4136	1	5
4137	1	3
4138	0	5
4139	0	2
4140	1	5
4141	3	5
4142	0	6
4143	0	6
4144	1	4
4145	0	8
4146	0	5
4147	0	1
4148	0	4
4149	0	1
4150	1	5
4151	1	6
4152	0	5
4153	0	5
4154	0	6
4155	0	1
4156	0	6
4157	0	5
4158	0	3
4159	2	1
4160	0	7
4161	2	8
4162	0	7
4163	0	5
4164	1	3
4165	1	9
4166	0	7
4167	0	8
4168	1	4
4169	1	8
4170	0	5
4171	0	7
4172	0	5
4173	1	1
4175	0	4
4176	0	3
4177	2	6
4178	0	6
4179	0	1
4180	1	4
4181	0	5
4182	0	3
4183	1	2
4184	2	3
4185	1	3
4186	0	1
4187	1	2
4188	0	5
4189	0	3
4190	0	2
4191	1	1
4192	0	2
4193	2	8
4194	0	4
4195	0	4
4196	0	6
4197	0	5
4198	1	7
4199	0	3
4200	1	2
4201	0	2
4202	0	4
4203	0	2
4204	0	1
4205	0	2
4206	1	3
4207	1	2
4208	0	6
4209	0	2
4210	3	6
4211	0	4
4212	1	2
4213	0	6
4214	0	6
4215	0	5
4216	0	3
4217	1	4
4218	3	7
4219	2	4
4220	0	2
4221	1	1
4222	0	1
4223	0	3
4224	2	5
4225	1	3
4226	0	4
4227	1	5
4228	0	3
4229	0	6
4230	0	3
4231	3	3
4232	0	4
4233	0	3
4234	0	3
4235	0	7
4236	0	6
4237	0	5
4238	0	4
4239	0	3
4240	1	9
4241	1	4
4242	0	3
4243	0	4
4244	1	3
4245	0	2
4246	0	3
4247	0	9
4248	1	4
4249	1	5
4250	1	4
4251	0	8
4252	0	2
4253	0	1
4254	1	1
4255	0	4
4256	1	2
4257	1	7
4258	0	4
4259	0	3
4260	0	4
4261	0	4
4262	0	8
4263	0	7
4264	0	3
4265	3	4
4266	1	5
4267	1	3
4268	1	5
4269	1	4
4270	0	2
4271	0	1
4272	0	3
4273	0	3
4274	0	5
4275	0	4
4276	0	5
4277	1	4
4278	0	5
4279	0	6
4280	0	3
4281	0	12
4282	0	8
4283	0	8
4284	1	3
4285	1	2
4286	1	3
4287	0	4
4288	0	4
4289	3	7
4290	1	4
4291	0	2
4292	1	1
4294	2	2
4295	0	3
4296	0	2
4297	0	4
4298	0	7
4299	0	4
4300	3	5
4301	0	4
4302	2	2
4303	1	7
4304	0	2
4305	2	1
4306	0	3
4307	1	3
4308	1	7
4309	1	4
4310	0	6
4311	2	5
4313	0	1
4314	1	7
4315	0	4
4316	0	1
4317	0	3
4318	0	4
4319	0	3
4320	0	3
4321	1	0
4322	0	3
4323	0	6
4325	2	8
4326	1	4
4327	0	8
4328	1	2
4329	0	7
4330	1	5
4331	1	4
4332	2	4
4333	1	3
4334	1	5
4335	1	4
4336	0	5
4337	0	5
4338	0	6
4339	0	4
4340	1	4
4341	2	6
4342	1	4
4343	0	5
4344	0	3
4345	0	3
4346	0	5
4347	0	3
4348	1	4
4349	0	6
4350	0	3
4351	1	4
4352	0	3
4353	0	3
4354	1	3
4355	1	2
4356	0	7
4357	2	3
4358	1	3
4359	1	2
4360	1	5
4361	0	5
4362	3	4
4363	0	9
4364	0	3
4365	0	2
4366	0	5
4367	2	2
4368	0	3
4369	2	4
4370	2	7
4371	1	2
4372	1	2
4373	1	2
4374	0	1
4375	0	2
4376	0	5
4377	1	5
4378	2	6
4379	0	3
4380	1	3
4381	0	3
4382	0	4
4383	1	7
4384	0	4
4385	0	6
4386	0	2
4387	4	2
4388	0	1
4389	0	6
4390	1	4
4391	0	3
4392	0	6
4393	2	1
4394	1	7
4395	2	5
4396	1	1
4397	0	4
4398	1	2
4399	0	2
4400	0	5
4401	1	3
4402	0	7
4403	0	5
4404	2	4
4405	1	4
4406	0	4
4407	0	2
4408	3	9
4409	0	2
4410	1	4
4411	1	2
4412	0	3
4413	0	4
4414	2	0
4415	0	4
4416	0	2
4417	0	3
4418	1	2
4419	1	6
4420	0	2
4421	3	5
4422	2	8
4423	0	5
4424	2	2
4425	4	0
4426	1	2
4427	0	3
4428	0	8
4429	1	2
4430	1	7
4431	1	4
4432	2	3
4433	1	6
4434	0	6
4435	2	3
4436	1	4
4437	0	4
4438	3	4
4439	1	4
4440	0	2
4441	1	1
4442	0	6
4443	1	2
4444	2	6
4445	1	5
4446	1	5
4447	3	3
4448	0	7
4449	4	7
4450	2	4
4451	2	4
4452	3	4
4453	1	4
4454	0	5
4455	1	3
4456	1	5
4457	0	3
4458	0	1
4459	0	3
4460	1	4
4461	0	5
4462	0	4
4463	0	3
4464	0	1
4465	1	7
4466	0	7
4467	1	4
4468	0	8
4469	0	1
4470	2	6
4471	0	3
4472	1	7
4473	0	9
4474	0	3
4475	1	4
4476	0	8
4477	1	4
4478	0	5
4479	1	4
4480	0	3
4481	0	5
4482	0	2
4483	2	4
4484	1	7
4485	0	1
4486	0	1
4487	1	2
4488	1	7
4489	0	2
4490	1	10
4491	0	6
4492	3	10
4493	2	5
4494	1	5
4495	3	7
4496	1	11
4497	1	7
4498	1	9
4499	1	6
4500	1	4
4501	0	5
4502	0	8
4503	1	8
4504	0	3
4505	0	8
4506	2	8
4507	0	3
4508	2	7
4509	1	7
4510	4	6
4511	0	2
4512	0	6
4513	1	7
4514	1	3
4515	1	5
4516	0	5
4517	1	2
4518	1	2
4519	0	2
4520	0	3
4521	2	7
4522	0	3
4523	2	3
4524	1	4
4525	0	6
4526	0	3
4527	0	3
4528	0	2
4529	1	1
4530	0	3
4531	0	1
4532	0	1
4533	1	2
4534	0	6
4535	1	7
4536	2	3
4537	0	5
4538	0	6
4539	0	7
4540	0	3
4541	1	4
4542	0	2
4543	0	4
4544	0	2
4545	0	3
4546	0	4
4547	0	6
4548	1	6
4549	1	8
4550	0	4
4551	1	1
4552	1	4
4553	0	6
4554	0	2
4555	0	2
4556	0	1
4557	1	2
4558	0	1
4559	3	6
4560	0	2
4561	1	2
4562	1	3
4563	2	3
4564	1	4
4565	1	1
4566	1	4
4567	0	2
4568	0	6
4569	1	3
4570	0	4
4571	3	4
4572	0	3
4573	0	2
4574	0	8
4575	0	7
4576	1	2
4577	0	3
4578	0	2
4579	0	5
4580	1	5
4581	0	5
4582	0	5
4583	0	4
4584	0	3
4585	0	1
4586	0	3
4587	0	4
4588	1	5
4589	0	7
4590	2	5
4591	1	1
4593	1	8
4594	1	8
4595	0	2
4596	1	11
4597	1	4
4598	0	5
4599	0	1
4600	0	3
4601	1	5
4602	0	2
4603	1	3
4604	0	5
4605	0	4
4606	0	5
4607	0	5
4608	1	5
4609	0	3
4610	0	1
4611	1	5
4612	0	3
4613	0	3
4614	2	7
4615	0	6
4616	0	5
4617	0	3
4618	1	3
4619	0	5
4620	1	6
4621	4	3
4622	2	6
4623	1	3
4624	1	3
4625	0	6
4626	0	7
4627	0	8
4628	2	4
4629	2	5
4630	0	2
4631	1	3
4632	0	4
4633	0	1
4634	1	5
4635	1	9
4636	0	6
4637	0	5
4638	0	7
4639	3	6
4640	0	2
4641	2	4
4642	0	5
4643	0	4
4644	0	5
4645	0	8
4646	0	10
4647	0	4
4648	0	1
4649	0	3
4650	0	1
4651	3	2
4652	0	4
4653	2	8
4654	1	4
4655	0	4
4656	0	4
4657	0	6
4658	1	4
4659	0	6
4660	1	2
4661	0	4
4662	0	4
4663	0	3
4664	2	3
4665	0	3
4666	1	4
4667	1	1
4668	1	11
4669	0	2
4670	0	3
4671	0	5
4672	1	4
4673	1	5
4674	0	5
4675	1	3
4676	2	2
4677	0	5
4678	1	5
4679	0	4
4680	0	4
4681	1	5
4682	0	3
4683	2	6
4684	0	1
4685	0	3
4686	1	1
4687	1	5
4688	0	6
4689	0	4
4690	0	4
4691	0	3
4692	0	2
4693	0	8
4694	0	2
4695	0	3
4696	2	3
4697	1	2
4698	1	3
4699	0	4
4700	0	3
4701	1	4
4702	0	3
4703	0	2
4704	0	2
4705	1	3
4706	0	3
4707	0	7
4708	0	7
4709	0	6
4710	0	3
4711	0	8
4712	0	6
4713	0	4
4714	0	2
4715	0	5
4716	0	9
4717	0	7
4718	0	3
4719	0	5
4720	1	4
4721	0	4
4722	0	5
4723	0	3
4724	0	4
4725	1	4
4726	0	2
4727	1	2
4728	1	5
4729	0	3
4730	1	5
4731	1	2
4732	0	5
4733	1	4
4734	1	4
4735	2	3
4736	0	2
4737	3	3
4738	1	5
4739	0	4
4740	1	2
4741	0	1
4742	0	2
4743	0	1
4744	1	1
4745	2	2
4746	0	2
4747	0	4
4748	1	7
4749	0	4
4750	1	6
4751	0	3
4752	1	10
4753	1	4
4755	0	3
4756	0	4
4757	0	4
4758	0	5
4759	1	7
4760	2	3
4761	0	6
4762	2	3
4763	0	3
4764	0	5
4765	0	4
4766	0	8
4767	1	1
4768	0	8
4769	1	4
4770	0	4
4771	0	4
4772	0	2
4773	0	4
4774	0	4
4776	0	3
4777	0	6
4778	3	3
4779	1	8
4780	0	3
4781	0	8
4782	0	4
4783	2	7
4784	1	7
4785	1	1
4786	0	5
4787	0	9
4788	1	3
4789	0	1
4790	1	6
4791	0	5
4792	0	2
4793	1	3
4794	0	7
4795	1	2
4796	0	3
4797	0	2
4798	0	3
4799	0	4
4800	0	2
4801	0	3
4802	1	5
4803	0	8
4804	0	4
4805	1	4
4806	0	3
4807	0	2
4808	1	5
4809	2	4
4810	2	2
4811	1	3
4812	0	4
4813	0	4
4814	2	6
4815	0	6
4816	1	4
4817	1	9
4818	0	2
4819	1	6
4820	0	1
4821	0	5
4822	0	4
4823	0	4
4824	0	2
4825	1	8
4826	0	1
4827	0	4
4828	1	7
4829	0	5
4830	0	2
4831	0	3
4832	0	7
4833	0	2
4834	0	2
4835	0	7
4836	2	4
4837	1	5
4838	0	4
4839	0	5
4840	1	5
4841	1	3
4842	0	3
4843	1	1
4844	1	7
4845	0	4
4846	1	2
4847	0	4
4848	0	8
4849	0	6
4850	1	8
4851	0	5
4852	0	6
4853	3	3
4854	3	4
4855	0	2
4856	0	3
4857	0	5
4858	0	3
4860	1	4
4861	0	2
4862	3	2
4863	3	4
4864	0	3
4865	0	8
4866	2	2
4867	1	3
4868	0	6
4869	1	3
4870	1	5
4871	0	6
4872	1	2
4873	1	2
4874	2	4
4875	0	4
4876	0	5
4877	0	4
4878	1	4
4879	0	5
4880	0	1
4881	0	6
4882	0	4
4883	1	1
4884	0	3
4885	2	3
4886	1	1
4887	0	3
4888	0	2
4889	1	4
4890	1	3
4892	0	2
4893	1	2
4895	1	4
4896	1	1
4897	3	4
4898	4	2
4899	1	1
4900	2	2
4901	0	2
4902	1	1
4903	1	5
4904	0	7
4905	0	8
4906	2	6
4907	1	5
4908	0	6
4909	3	4
4910	1	3
4912	1	2
4913	1	3
4914	0	6
4915	2	2
4916	1	5
4917	1	3
4918	2	2
4919	0	4
4920	1	2
4921	0	3
4922	0	9
4923	0	4
4924	0	7
4925	0	4
4926	1	8
4927	0	7
4928	2	2
4929	2	6
4930	2	3
4931	0	2
4932	1	8
4933	1	1
4934	2	7
4935	0	6
4936	1	5
4937	0	4
4938	0	1
4939	1	3
4940	0	3
4941	0	2
4942	0	3
4943	1	1
4944	0	3
4945	0	1
4946	0	2
4947	0	5
4948	0	3
4950	1	2
4951	1	4
4952	0	8
4953	0	6
4954	0	3
4955	0	3
4956	0	4
4957	3	4
4958	0	7
4959	1	4
4960	0	4
4961	2	5
4962	0	6
4963	1	0
4964	1	6
4965	1	2
4966	1	4
4967	1	6
4968	3	3
4969	0	2
4970	0	2
4971	0	5
4972	0	3
4973	0	7
4974	0	6
4975	0	4
4976	0	3
4977	0	4
4978	1	3
4979	1	3
4980	1	5
4981	0	3
4982	1	3
4983	0	2
4984	0	3
4985	0	1
4986	3	3
4987	0	3
4988	0	5
4989	0	6
4990	0	2
4991	1	4
4992	0	1
4993	2	3
4994	1	4
4995	0	4
4996	0	4
4997	1	3
4998	1	4
4999	0	5
5000	0	4
5001	0	6
5002	1	1
5003	1	3
5004	1	4
5005	0	8
5006	0	5
5007	0	1
5008	1	2
5009	0	2
5010	0	11
5011	2	1
5012	0	3
5013	2	11
5014	1	6
5015	0	3
5017	1	5
5018	0	3
5019	1	4
5020	0	3
5021	1	1
5022	1	5
5023	1	1
5024	0	2
5025	1	2
5026	0	2
5027	1	4
5028	0	4
5029	0	4
5030	0	8
5031	1	2
5032	0	1
5033	0	6
5034	1	2
5035	0	2
5037	1	7
5038	0	8
5039	0	5
5040	1	4
5041	1	4
5042	1	4
5043	0	1
5044	0	5
5045	0	6
5046	0	2
5047	0	2
5048	0	1
5049	0	7
5050	1	3
5051	0	5
5052	2	6
5053	0	4
5054	0	7
5055	0	4
5056	0	6
5057	0	8
5058	1	2
5059	0	5
5060	0	3
5061	2	11
5062	0	3
5063	1	5
5064	1	4
5065	0	4
5066	0	3
5067	1	6
5068	0	5
5069	0	3
5070	1	4
5071	1	6
5072	0	3
5073	1	1
5074	0	5
5075	0	3
5076	0	7
5077	1	3
5078	0	4
5079	0	7
5080	1	6
5081	0	5
5082	1	4
5083	0	4
5084	0	6
5085	2	3
5086	0	8
5087	1	7
5088	1	4
5089	0	3
5090	1	5
5091	0	3
5092	2	5
5093	1	4
5094	0	5
5095	0	5
5096	1	11
5097	0	4
5098	1	5
5099	0	3
5100	1	5
5102	1	6
5103	0	4
5104	0	8
5105	0	6
5106	0	1
5107	0	3
5108	1	7
5109	1	3
5110	2	2
5111	0	1
5112	1	4
5113	0	7
5114	0	2
5115	1	4
5116	1	3
5118	2	8
5119	0	6
5120	0	3
5121	0	10
5122	1	3
5123	0	3
5124	0	3
5125	1	3
5126	3	5
5127	2	2
5128	1	5
5129	0	3
5130	2	4
5131	1	4
5132	0	5
5133	1	2
5134	2	4
5135	0	3
5136	0	4
5137	2	7
5138	0	2
5139	0	4
5140	0	6
5141	1	7
5142	1	6
5143	1	8
5144	0	4
5145	1	5
5146	2	1
5147	2	6
5148	2	8
5149	1	4
5150	1	4
5151	2	3
5152	1	1
5153	0	3
5154	0	4
5155	2	5
5156	0	5
5157	0	5
5158	2	3
5159	1	2
5160	1	5
5161	0	5
5162	0	1
5163	0	5
5164	1	6
5165	0	3
5166	2	2
5167	0	3
5168	0	4
5169	1	6
5170	0	3
5171	0	4
5172	0	7
5173	0	3
5174	1	5
5175	2	6
5176	0	4
5177	0	5
5178	0	4
5179	1	1
5180	1	5
5181	0	4
5182	0	5
5183	0	6
5184	2	1
5185	0	3
5186	0	2
5187	2	4
5188	0	4
5189	4	2
5190	0	2
5191	1	0
5192	2	4
5193	0	10
5194	0	5
5195	0	5
5196	0	5
5197	0	2
5198	1	4
5199	0	7
5200	1	1
5201	0	5
5202	0	3
5203	1	5
5204	1	2
5205	0	11
5206	0	9
5207	0	6
5208	1	4
5209	0	4
5210	0	6
5211	1	4
5212	1	4
5213	1	8
5214	0	6
5215	1	7
5216	0	7
5217	0	2
5218	0	1
5219	0	6
5220	0	5
5221	0	5
5222	2	9
5223	0	7
5224	0	9
5225	0	6
5226	0	3
5227	0	6
5228	0	4
5229	0	3
5230	2	4
5231	0	6
5232	0	2
5233	0	5
5234	2	4
5235	0	6
5236	0	6
5237	0	4
5238	1	5
5239	2	6
5240	2	5
5241	1	1
5242	1	3
5243	0	4
5244	0	5
5245	1	8
5246	0	4
5247	1	7
5248	1	8
5249	0	6
5250	1	5
5251	0	9
5252	1	8
5253	1	3
5254	1	0
5255	0	3
5256	0	4
5257	0	7
5258	1	9
5259	0	2
5260	2	3
5261	1	6
5262	0	3
5263	1	4
5264	1	6
5265	0	4
5266	1	1
5267	0	3
5268	0	2
5269	0	4
5270	2	6
5271	1	2
5272	0	2
5273	5	3
5274	1	5
5275	1	4
5276	0	5
5277	0	8
5278	0	2
5279	1	5
5280	1	3
5281	1	4
5282	3	2
5283	1	3
5284	0	3
5285	0	6
5286	0	11
5287	1	4
5288	0	4
5289	0	7
5290	0	4
5291	0	3
5292	2	4
5293	0	4
5294	0	6
5295	3	1
5296	2	8
5297	1	4
5298	0	4
5299	2	6
5300	1	0
5301	0	9
5302	2	2
5303	0	4
5304	1	2
5305	0	3
5306	1	4
5307	0	6
5308	0	7
5309	0	4
5310	0	2
5311	1	4
5312	1	5
5313	0	5
5314	2	6
5315	3	6
5316	2	3
5317	1	2
5318	0	6
5319	2	2
5320	3	3
5321	1	4
5323	0	5
5324	0	10
5325	1	4
5326	0	1
5327	1	6
5328	2	5
5329	0	3
5330	1	2
5331	2	2
5332	0	4
5333	0	6
5334	0	8
5335	0	5
5336	0	8
5337	0	4
5338	2	6
5339	3	3
5340	3	1
5341	1	4
5342	2	1
5343	0	1
5344	0	1
5345	0	8
5346	0	3
5347	0	3
5348	0	1
5349	1	1
5350	0	6
5351	0	5
5352	2	5
5353	0	4
5354	0	1
5355	1	4
5356	1	3
5357	0	4
5358	0	4
5359	0	4
5360	1	4
5361	1	4
5362	1	1
5363	1	3
5364	2	3
5365	1	3
5366	1	4
5367	0	1
5368	0	4
5369	1	5
5370	0	3
5371	4	9
5372	0	2
5373	0	7
5374	0	8
5375	0	8
5376	0	5
5377	0	4
5378	0	2
5379	0	2
5380	0	4
5381	1	1
5382	0	5
5383	0	6
5384	2	3
5385	2	8
5386	1	0
5387	0	1
5388	1	5
5389	0	8
5390	0	7
5391	0	1
5392	0	4
5393	1	3
5394	1	12
5395	1	4
5396	0	6
5397	1	7
5398	1	4
5399	1	1
5400	0	3
5401	0	4
5402	0	6
5403	1	6
5404	0	5
5405	1	3
5406	0	3
5407	0	5
5408	0	1
5409	1	7
5410	0	8
5411	0	2
5412	0	3
5413	1	4
5414	0	7
5415	0	1
5416	0	3
5417	2	4
5418	2	7
5419	0	4
5420	1	6
5421	1	7
5422	1	5
5423	3	3
5424	2	6
5425	0	5
5426	1	6
5427	0	6
5429	0	5
5430	1	5
5431	1	10
5432	0	3
5433	2	3
5434	1	9
5435	4	6
5436	1	2
5437	2	3
5438	0	4
5439	0	4
5440	1	2
5441	1	5
5442	0	7
5443	0	3
5444	0	5
5445	0	4
5446	1	5
5447	3	5
5448	1	8
5449	0	3
5450	0	3
5451	1	3
5452	0	6
5453	1	7
5454	1	2
5455	0	6
5456	0	6
5457	3	4
5458	0	8
5459	0	2
5460	2	5
5461	0	1
5462	0	7
5463	0	1
5464	0	2
5465	2	1
5466	0	2
5467	0	3
5468	0	4
5469	2	3
5470	0	4
5471	0	1
5472	0	3
5473	0	4
5474	0	3
5475	0	5
5476	1	3
5477	0	3
5478	1	8
5479	0	5
5480	2	5
5481	1	1
5482	2	6
5483	1	3
5484	0	3
5485	0	2
5486	1	0
5487	2	4
5488	0	7
5489	0	3
5490	0	5
5491	0	4
5492	1	3
5493	1	6
5494	0	5
5495	1	6
5496	2	5
5497	0	4
5498	1	1
5499	0	7
5500	0	2
5501	2	4
5502	3	3
5503	1	7
5504	2	1
5505	1	3
5506	0	7
5507	0	7
5508	0	4
5509	0	4
5510	0	1
5511	0	7
5512	1	2
5513	0	8
5514	0	2
5515	1	5
5516	0	5
5517	1	6
5518	0	6
5519	0	5
5520	0	1
5521	0	3
5522	0	4
5523	0	2
5524	0	2
5525	0	2
5526	1	4
5527	0	6
5528	0	5
5529	0	5
5530	1	3
5531	1	3
5532	3	1
5533	0	1
5534	0	7
5535	0	6
5536	1	0
5537	0	4
5538	0	3
5539	0	8
5540	0	1
5541	1	7
5542	0	2
5544	0	3
5545	0	3
5546	0	5
5547	0	4
5548	0	11
5549	0	2
5550	0	3
5551	1	4
5552	3	6
5553	0	5
5554	0	3
5555	1	6
5556	0	3
5557	0	3
5558	2	7
5559	0	1
5560	0	2
5561	2	4
5562	1	5
5564	0	5
5565	0	3
5566	0	6
5567	1	7
5568	0	4
5569	1	3
5570	1	5
5571	0	4
5572	0	1
5573	0	3
5574	0	6
5575	0	8
5576	0	4
5577	2	1
5578	0	7
5579	0	6
5580	0	1
5581	0	4
5582	1	6
5583	0	2
5584	0	1
5585	1	4
5586	0	5
5587	1	3
5588	0	2
5589	1	1
5590	0	8
5591	0	5
5592	0	1
5593	1	1
5594	0	1
5595	2	5
5596	0	7
5597	0	2
5598	0	3
5599	2	4
5600	0	7
5601	3	5
5602	0	5
5603	0	7
5604	0	7
5605	3	9
5606	1	2
5607	0	3
5608	2	3
5609	3	4
5610	0	4
5611	0	6
5612	0	5
5613	0	1
5614	2	2
5615	2	3
5616	0	3
5617	0	3
5618	1	4
5619	0	1
5620	0	2
5621	0	4
5623	0	4
5624	0	7
5625	0	3
5626	0	5
5627	0	9
5628	0	3
5629	0	4
5630	2	4
5631	0	9
5632	0	6
5633	0	5
5634	0	4
5635	0	1
5636	1	1
5637	0	5
5638	0	4
5639	1	6
5640	1	2
5641	1	2
5642	0	3
5643	1	1
5644	0	8
5645	2	2
5646	0	1
5647	1	3
5648	1	4
5649	1	3
5650	0	4
5651	1	3
5652	0	4
5653	0	8
5654	0	4
5655	3	2
5656	0	7
5657	2	6
5658	2	3
5659	4	5
5660	0	5
5661	0	3
5662	0	3
5663	3	1
5664	0	3
5665	1	3
5666	0	4
5667	1	4
5668	3	7
5669	3	6
5670	0	1
5671	1	4
5672	0	7
5673	2	3
5674	1	1
5675	0	2
5677	0	5
5678	0	3
5679	0	8
5680	1	3
5681	0	6
5682	0	9
5683	2	4
5684	2	10
5685	1	8
5686	1	4
5687	0	2
5688	0	4
5689	0	4
5690	0	7
5691	1	2
5692	2	4
5693	1	4
5694	0	6
5695	5	3
5697	0	4
5698	0	5
5699	1	1
5700	0	3
5701	0	4
5702	1	2
5703	1	4
5704	0	2
5705	1	6
5706	0	1
5707	0	5
5708	2	4
5709	0	3
5711	0	3
5712	0	2
5713	0	3
5714	0	6
5715	1	2
5716	0	2
5717	0	5
5718	0	2
5719	0	3
5720	0	5
5721	0	6
5722	2	3
5723	0	3
5724	2	5
5725	1	7
5726	1	3
5727	0	4
5728	1	5
5729	2	5
5730	0	4
5732	1	6
5733	0	6
5734	0	3
5735	0	6
5736	0	7
5737	3	4
5739	1	3
5740	0	3
5741	2	3
5742	0	4
5743	0	4
5744	0	4
5745	0	8
5746	0	2
5747	1	4
5748	1	5
5749	1	8
5750	3	6
5751	0	5
5752	0	5
5753	0	2
5754	0	2
5755	1	3
5756	1	3
5757	0	8
5758	1	1
5759	1	4
5760	1	6
5761	0	3
5762	0	6
5763	1	5
5764	1	5
5765	0	5
5766	2	7
5767	1	2
5768	3	9
5769	0	4
5770	0	4
5771	1	4
5773	0	4
5774	1	2
5775	0	3
5776	0	7
5777	1	4
5778	0	7
5779	1	10
5780	0	2
5781	0	8
5782	2	10
5783	3	6
5784	0	7
5785	1	6
5786	0	3
5787	0	5
5788	3	5
5789	1	2
5790	0	6
5791	0	3
5792	0	4
5793	0	4
5794	0	6
5795	1	7
5796	0	6
5797	1	5
5798	0	4
5799	1	3
5800	0	3
5801	0	6
5802	2	8
5803	1	4
5804	2	6
5805	0	8
5806	1	6
5807	0	4
5808	1	2
5809	2	4
5810	0	3
5811	2	5
5812	0	10
5813	0	2
5814	0	7
5815	1	2
5816	0	3
5817	1	7
5818	0	5
5819	0	4
5820	2	5
5821	2	7
5822	2	6
5823	1	4
5824	2	7
5825	1	7
5826	1	4
5827	1	10
5828	0	4
5829	1	10
5830	0	4
5831	0	4
5832	2	10
5833	0	2
5834	0	10
5835	0	3
5836	1	4
5837	0	3
5838	0	9
5839	1	7
5840	0	7
5841	0	6
5842	3	3
5843	0	5
5844	0	3
5845	2	6
5846	0	3
5847	0	4
5848	0	5
5849	2	2
5850	0	9
5851	1	9
5852	0	7
5853	0	7
5854	1	2
5855	0	4
5856	2	7
5857	0	6
5858	0	7
5859	1	9
5860	1	13
5861	1	3
5862	0	10
5863	0	4
5864	3	6
5865	3	4
5866	1	9
5867	2	7
5868	0	7
5869	0	8
5870	2	1
5871	3	4
5872	1	7
5873	2	13
5874	2	3
5875	2	8
5876	1	2
5877	0	11
5878	0	6
5879	4	3
5880	1	6
5881	0	3
5882	1	6
5883	2	4
5884	1	6
5885	0	5
5886	0	3
5887	0	4
5888	0	5
5889	0	5
5890	0	2
5891	0	1
5892	0	4
5893	0	3
5894	3	4
5895	4	0
5896	1	4
5897	3	3
5898	1	3
5899	1	9
5900	2	5
5901	2	5
5902	1	5
5903	4	4
5904	3	2
5905	0	7
5906	0	4
5907	0	10
5908	2	3
5909	3	3
5910	1	3
5911	1	7
5912	1	4
5913	0	6
5914	1	12
5915	1	1
5916	0	5
5917	0	2
5918	0	4
5919	0	4
5920	0	6
5921	0	5
5922	0	5
5923	0	3
5924	0	1
5925	0	3
5926	0	4
5927	0	3
5928	0	7
5929	0	8
5930	0	2
5931	0	4
5932	2	5
5933	0	1
5934	4	3
5935	0	4
5936	1	6
5937	1	6
5938	1	5
5939	0	2
5940	0	4
5941	0	6
5942	0	3
5943	0	4
5944	0	3
5945	1	4
5946	1	1
5947	0	2
5948	1	2
5949	1	5
5950	0	6
5951	0	7
5952	1	5
5953	0	6
5954	0	9
5955	0	2
5956	0	3
5957	0	3
5958	0	3
5959	0	4
5960	0	3
5961	1	6
5962	1	5
5963	1	3
5964	0	6
5965	1	6
5966	4	1
5967	0	5
5968	1	1
5969	1	4
5970	0	2
5971	0	4
5972	0	3
5973	0	1
5974	0	1
5975	1	6
5976	1	5
5977	0	1
5978	1	6
5979	1	5
5980	1	4
5981	0	4
5982	0	6
5983	0	6
5984	1	3
5985	0	7
5986	0	1
5987	0	3
5988	1	9
5989	1	7
5990	0	2
5991	1	8
5992	0	2
5993	1	3
5994	1	2
5995	2	8
5996	1	1
5997	3	5
5998	1	4
5999	3	4
6000	0	8
6001	0	3
6002	1	5
6003	0	4
6004	3	2
6005	1	3
6006	3	1
6007	0	3
6008	1	4
6009	3	4
6010	0	6
6011	1	3
6012	0	4
6014	0	4
6015	1	1
6016	0	6
6017	0	3
6018	2	1
6019	0	5
6020	0	5
6021	0	2
6022	0	3
6023	0	1
6024	0	1
6025	1	3
6026	1	3
6027	0	1
6028	0	6
6029	1	3
6030	1	8
6031	1	5
6032	0	3
6033	0	3
6034	0	5
6035	0	3
6036	0	6
6038	0	5
6039	1	5
6040	1	1
6041	0	3
6042	0	7
6043	1	4
6044	0	7
6045	3	2
6046	0	3
6047	1	7
6048	0	5
6049	1	5
6050	0	1
6051	0	4
6052	0	5
6053	0	3
6054	0	1
6055	1	3
6056	0	8
6057	0	6
6058	0	4
6059	5	1
6060	2	8
6061	0	9
6062	1	5
6063	3	9
6064	1	7
6065	0	3
6066	0	6
6067	1	7
6068	0	5
6069	0	2
6070	1	4
6071	0	3
6072	1	7
6073	0	7
6074	1	4
6075	1	5
6076	0	5
6077	0	7
6078	0	6
6079	2	6
6080	1	2
6081	2	8
6082	0	6
6083	0	3
6084	1	5
6085	1	4
6086	2	13
6087	2	5
6088	0	9
6089	0	5
6090	1	5
6091	2	4
6092	0	6
6093	0	1
6094	2	6
6095	1	5
6096	0	5
6098	2	4
6099	1	4
6100	1	9
6101	0	8
6102	0	6
6103	2	3
6104	1	4
6105	3	1
6106	1	2
6107	1	6
6108	0	8
6109	1	5
6110	1	3
6111	1	4
6112	0	7
6113	0	5
6114	0	8
6115	0	4
6116	1	4
6117	1	6
6118	2	1
6119	0	6
6120	0	6
6121	0	6
6122	0	6
6123	0	2
6124	0	2
6125	0	9
6126	0	3
6127	1	4
6128	0	3
6129	0	2
6130	0	9
6131	1	8
6132	0	8
6133	1	7
6134	0	4
6135	1	8
6136	2	4
6137	0	4
6138	0	5
6139	3	3
6140	0	6
6141	1	3
6142	0	6
6143	1	11
6144	2	4
6145	0	6
6146	0	8
6147	1	4
6148	1	5
6149	3	5
6150	0	3
6151	0	6
6152	1	3
6153	2	7
6154	0	7
6155	0	10
6156	0	11
6157	0	5
6158	0	4
6159	0	5
6160	0	10
6161	3	7
6162	1	6
6163	2	9
6164	0	5
6165	0	7
6166	0	4
6167	0	4
6168	1	10
6169	3	4
6170	2	8
6171	3	2
6172	0	4
6173	0	3
6174	1	2
6175	2	11
6176	1	6
6177	1	3
6178	2	4
6179	0	4
6180	2	3
6181	0	7
6182	2	7
6183	1	6
6184	1	2
6185	1	5
6186	1	5
6187	1	7
6188	1	7
6189	1	5
6190	0	4
6191	0	3
6192	0	8
6193	0	3
6194	0	5
6195	1	2
6196	0	9
6197	0	6
6198	0	4
6199	2	7
6200	0	4
6201	0	3
6202	0	4
6203	0	2
6204	1	10
6205	1	8
6206	3	2
6207	2	6
6208	0	4
6209	1	6
6210	0	5
6211	0	9
6212	0	3
6213	1	3
6214	0	3
6215	1	0
6216	0	7
6217	1	2
6218	0	3
6219	2	6
6220	0	3
6221	1	5
6222	0	2
6223	3	3
6224	2	7
6225	0	9
6226	1	5
6227	1	7
6228	1	3
6229	0	6
6230	1	3
6231	0	2
6232	0	5
6233	0	5
6234	0	2
6235	1	5
6236	1	4
6237	0	3
6238	0	6
6239	0	4
6240	0	3
6241	0	6
6242	0	2
6243	1	2
6244	1	5
6245	1	4
6246	2	6
6247	2	3
6248	0	3
6249	0	3
6250	0	4
6251	1	6
6252	1	7
6253	0	5
6254	0	2
6255	3	6
6257	1	4
6258	0	2
6259	0	4
6260	0	4
6261	0	5
6262	2	2
6263	1	3
6264	1	3
6265	0	6
6266	2	3
6267	0	3
6268	0	6
6269	1	5
6270	0	1
6271	0	1
6272	0	4
6273	0	3
6274	2	5
6275	2	3
6276	0	6
6277	2	6
6278	0	3
6279	1	1
6280	2	5
6281	1	6
6282	1	3
6283	2	5
6284	2	6
6285	0	2
6286	1	4
6287	0	2
6288	0	8
6289	0	4
6290	0	6
6291	0	3
6292	1	11
6293	1	4
6294	2	1
6295	0	3
6296	0	11
6297	0	5
6298	0	6
6299	0	5
6300	0	4
6301	0	2
6302	0	3
6303	0	1
6304	0	4
6305	1	4
6306	0	4
6307	1	2
6308	1	4
6309	1	6
6310	1	3
6311	0	5
6312	0	2
6313	0	4
6314	0	3
6315	0	7
6316	0	2
6317	0	3
6318	1	3
6319	3	7