1	1	2
2	0	5
3	1	0
4	1	0
5	2	3
6	0	3
7	0	1
8	0	3
9	1	1
10	1	3
11	0	4
12	1	3
13	0	6
14	2	2
15	0	5
16	0	2
17	0	4
18	0	4
19	0	2
20	1	1
21	0	5
22	0	6
23	1	4
24	0	1
25	0	3
26	2	4
27	2	3
28	0	4
29	0	2
30	1	4
31	0	1
33	0	2
34	1	4
35	1	2
36	1	5
37	1	3
38	1	7
39	0	4
40	2	3
41	0	1
42	2	4
43	2	5
44	0	3
45	1	6
46	0	7
47	0	3
48	1	4
49	0	2
50	0	2
51	0	5
52	0	3
53	1	2
54	1	7
55	0	3
56	2	0
57	1	6
58	0	7
60	0	1
62	0	4
63	1	4
64	0	3
65	1	3
66	2	3
67	0	3
68	0	3
69	0	4
70	1	4
71	1	4
72	1	3
73	1	4
74	1	6
75	0	5
76	0	4
77	3	5
78	0	4
79	3	3
80	2	5
81	1	1
82	0	2
83	2	3
84	0	6
85	0	7
86	0	2
87	0	1
88	0	7
89	0	3
90	0	4
91	1	2
92	1	2
93	2	5
94	1	6
95	1	5
96	0	4
97	1	5
98	1	3
99	1	1
100	0	6
101	0	5
102	1	6
103	1	2
104	1	5
106	2	3
107	0	4
108	0	2
109	3	6
110	1	1
111	1	3
112	1	3
113	0	4
114	0	3
115	1	3
116	0	3
118	2	4
119	1	5
120	1	5
121	1	5
122	0	4
123	0	5
124	1	6
125	1	4
126	2	2
127	0	6
128	0	5
129	0	2
130	0	2
131	0	2
132	0	2
133	0	3
134	0	5
135	0	2
136	1	3
137	0	3
138	0	2
139	0	2
140	0	4
141	1	5
142	0	9
143	0	2
144	0	1
145	0	4
146	0	3
147	0	2
148	1	4
149	0	5
150	0	2
151	0	5
152	0	5
153	0	3
154	1	3
155	1	4
156	1	4
157	1	6
158	0	2
159	2	4
160	1	3
161	0	4
162	1	2
163	0	2
164	0	5
165	0	2
166	1	1
167	1	0
168	0	3
169	0	1
170	0	4
171	0	2
172	0	1
173	2	10
174	0	4
175	0	6
176	0	2
177	1	2
178	0	3
179	0	5
180	0	5
181	3	3
182	1	1
183	1	4
184	0	4
185	2	0
186	1	3
187	0	2
188	0	4
189	0	1
190	1	2
191	0	2
192	0	5
193	0	6
194	0	3
195	0	5
196	2	2
197	1	9
198	1	5
199	1	3
200	0	2
201	0	3
202	1	2
203	0	6
204	0	6
205	2	2
206	0	2
207	3	5
208	0	2
209	1	4
210	0	3
211	0	1
212	0	3
213	1	3
214	1	2
215	0	2
216	0	4
217	0	3
218	0	1
219	0	3
220	0	4
221	0	5
222	1	1
223	0	3
224	1	1
225	0	2
226	0	3
227	0	5
228	0	4
229	2	6
230	1	5
231	1	2
232	0	7
233	0	1
234	1	3
235	1	3
236	0	2
237	0	6
238	1	0
239	0	5
240	0	4
241	0	1
242	0	3
243	0	4
244	1	3
246	1	5
247	0	3
248	0	4
249	0	4
250	0	6
251	0	2
252	1	2
253	0	2
254	0	5
255	1	2
256	0	1
257	0	3
258	0	2
259	1	2
260	1	5
261	2	3
262	3	1
263	2	4
264	1	2
265	2	6
266	2	2
267	1	5
268	1	3
269	1	6
270	0	2
271	0	4
272	1	4
273	1	3
274	1	6
275	2	0
276	0	4
277	1	5
278	2	5
279	0	2
280	0	5
281	1	6
282	0	1
283	1	8
284	1	5
285	2	3
286	1	5
287	1	3
288	1	3
289	2	3
290	1	4
291	0	7
292	0	5
293	1	0
294	1	7
295	0	1
296	0	9
297	2	4
298	0	3
299	1	3
300	1	4
301	0	8
302	0	6
303	0	3
304	0	3
305	1	1
306	1	3
307	1	4
308	0	1
309	1	4
310	0	5
311	1	4
312	0	4
313	1	1
314	2	4
315	1	2
316	1	0
317	0	2
318	2	3
319	0	4
320	0	3
321	1	1
322	1	3
323	1	3
324	0	2
325	1	4
326	1	2
327	0	5
328	0	3
329	1	4
330	1	0
331	0	3
332	0	4
333	0	9
334	1	2
335	0	4
336	0	5
337	0	2
338	1	2
339	1	3
340	0	6
341	1	1
342	0	5
343	1	6
344	1	4
345	0	4
346	0	3
347	0	7
348	0	2
349	1	5
350	0	4
351	0	2
352	2	2
353	2	4
354	1	5
355	0	4
356	1	5
357	1	3
358	1	6
359	1	2
360	1	2
361	1	6
362	1	4
363	2	3
364	0	4
365	0	3
366	1	4
367	0	1
368	1	2
369	0	3
370	0	2
371	0	2
372	0	7
373	2	4
374	0	1
375	0	3
376	0	7
377	1	1
378	1	3
379	0	3
380	1	2
381	0	4
382	1	3
383	0	3
384	1	3
385	0	3
386	0	5
387	0	1
388	1	4
389	0	5
390	0	2
391	0	3
392	0	4
393	0	9
394	0	6
395	0	3
396	2	6
397	0	7
398	1	8
399	0	6
400	0	1
401	1	2
402	0	3
403	0	2
404	2	4
405	2	9
406	2	5
407	2	3
408	0	6
409	0	5
410	1	4
411	0	3
412	1	4
413	1	4
414	3	2
416	1	3
417	1	6
418	2	4
419	1	2
420	1	6
421	1	5
422	1	7
423	0	7
424	4	10
425	7	11
426	0	6
427	0	2
428	0	4
429	0	1
430	1	3
431	2	4
432	1	5
433	0	5
435	1	2
436	0	1
437	0	1
438	1	4
439	2	5
440	1	1
441	1	0
442	0	2
444	3	3
445	2	3
446	1	5
447	2	3
448	1	4
449	0	2
450	1	2
451	0	4
452	0	8
453	1	2
454	0	1
455	1	3
456	0	6
457	0	5
458	0	5
459	0	2
460	1	4
461	1	3
462	0	2
463	0	4
464	0	7
465	2	8
466	0	1
467	0	4
468	1	3
469	0	5
470	0	5
471	0	1
472	1	3
473	0	3
474	0	5
475	1	1
476	1	2
477	0	3
478	0	4
479	0	2
480	0	3
481	0	5
482	1	5
483	1	6
484	1	3
485	0	2
486	1	10
487	2	5
488	0	3
489	1	2
490	0	2
491	0	3
492	0	3
493	0	3
494	1	7
495	0	5
496	0	2
498	1	3
499	2	3
500	1	6
501	0	5
502	1	4
503	0	2
504	1	5
505	4	2
506	0	3
507	1	4
508	0	2
509	0	5
510	0	1
511	0	6
512	1	2
513	1	8
514	0	4
515	0	9
516	1	3
517	1	5
518	0	5
519	2	3
520	1	4
521	0	4
522	1	1
523	1	0
524	0	4
525	0	5
526	0	5
527	0	1
528	1	3
529	0	3
530	1	1
531	1	3
532	0	3
533	1	4
534	0	2
535	0	2
536	0	1
537	0	5
538	0	5
540	0	2
541	0	5
542	0	5
543	0	5
544	0	4
545	0	6
546	2	1
547	1	2
548	2	4
549	0	2
550	1	3
551	0	1
552	1	2
553	0	3
554	0	2
555	1	4
556	0	4
557	0	3
558	1	1
559	0	5
560	0	7
561	0	3
562	0	8
563	0	2
564	2	0
565	1	3
566	0	2
567	2	3
568	2	8
569	1	5
570	2	7
571	1	4
572	0	3
574	0	2
575	0	4
576	0	3
577	0	5
578	1	3
579	0	6
580	0	4
581	1	7
582	2	0
583	0	3
584	2	4
585	1	5
586	1	4
587	2	3
588	2	0
589	3	4
590	1	3
591	1	3
592	0	3
593	0	5
594	1	1
595	1	1
596	0	5
597	0	7
598	1	6
599	0	2
600	0	1
601	0	6
602	0	1
603	1	1
604	0	7
605	0	3
606	1	5
607	1	3
608	1	4
610	0	4
611	2	5
612	1	6
613	2	5
614	0	3
615	2	2
616	1	2
617	0	7
618	0	5
619	0	4
620	0	5
621	2	3
622	0	5
623	0	4
624	1	3
625	0	2
626	0	4
627	1	5
628	0	3
629	1	1
630	0	7
631	0	5
633	0	3
634	1	3
635	1	4
636	0	3
637	2	1
638	1	2
639	1	1
640	2	4
641	1	2
642	0	4
643	0	5
644	0	2
645	2	1
646	0	5
647	1	4
648	0	5
649	0	2
650	0	5
651	1	2
652	0	2
653	0	3
654	0	2
655	0	6
656	1	4
657	1	4
658	1	3
659	1	4
660	0	1
661	2	4
662	0	5
663	3	2
664	1	5
665	0	4
666	1	4
667	1	5
668	0	1
669	0	2
670	1	3
671	0	3
672	2	2
673	2	5
674	0	4
675	2	6
676	2	3
677	1	5
678	2	5
679	0	7
680	1	7
681	0	3
682	0	4
683	0	1
684	1	5
685	1	2
686	0	4
687	1	3
688	0	5
689	0	6
690	0	3
691	2	2
692	1	7
693	1	8
694	1	0
695	0	2
696	0	4
697	0	4
698	0	1
699	0	2
700	0	4
701	0	3
702	1	9
703	0	4
704	0	3
705	1	4
706	0	6
707	1	5
708	2	2
709	0	2
710	0	4
711	0	4
712	0	3
713	0	1
714	0	5
715	0	6
716	0	4
717	0	1
718	0	1
719	1	4
720	0	3
721	1	1
722	2	4
724	1	2
725	1	7
726	0	1
727	1	3
728	0	3
729	0	5
730	0	5
731	0	4
732	0	5
733	0	3
734	1	4
735	1	4
736	0	6
737	0	2
738	1	2
739	0	5
740	2	3
741	0	4
742	0	3
743	1	5
744	1	3
745	0	4
746	0	4
747	2	8
748	0	1
749	1	4
750	0	3
751	1	2
752	0	2
753	0	4
754	0	5
755	2	5
756	0	5
757	1	2
758	0	3
759	1	4
760	0	2
761	1	2
762	1	6
763	0	1
764	1	1
765	0	3
766	1	3
767	0	2
768	0	4
769	1	2
770	2	7
771	0	6
772	0	6
773	0	2
774	1	1
775	0	1
776	2	6
777	1	3
779	0	1
780	0	2
781	0	3
782	0	2
783	0	3
784	1	4
785	1	3
786	0	5
787	0	1
788	0	3
789	0	3
790	0	4
791	0	4
792	1	5
793	0	5
794	0	5
795	0	3
796	2	3
797	0	6
798	0	4
799	0	2
800	1	5
801	0	7
802	0	7
803	0	8
804	0	8
805	1	7
806	1	2
807	1	5
808	0	1
809	1	2
810	0	3
811	0	6
812	0	2
813	0	3
814	0	2
815	0	4
816	0	4
817	1	7
818	0	4
819	0	4
820	0	1
821	2	5
822	0	2
823	1	3
824	0	1
825	1	4
826	2	6
827	1	4
828	0	2
829	1	4
830	0	2
831	0	3
832	1	4
833	1	4
834	0	7
835	0	1
836	0	3
837	0	8
838	0	1
839	1	3
841	0	3
842	2	2
843	0	5
844	1	3
845	0	2
846	1	2
847	0	5
848	0	4
849	0	2
850	0	4
851	0	2
852	0	3
853	2	3
854	0	3
855	1	1
856	1	4
857	0	5
858	1	4
859	0	3
860	1	1
862	1	3
863	0	3
864	2	3
865	0	2
866	2	2
867	1	1
868	0	3
869	1	2
870	0	5
871	1	1
872	0	2
874	0	3
875	0	3
876	0	1
878	0	1
879	2	4
880	0	6
881	0	4
882	1	7
883	0	7
884	0	8
885	1	3
886	0	4
887	0	6
888	1	1
889	2	3
890	0	2
891	1	2
892	2	6
893	0	2
894	0	3
895	0	3
896	2	0
897	0	7
898	0	7
899	0	2
900	1	6
901	0	4
902	0	4
903	1	2
904	0	5
905	0	5
906	1	4
907	1	3
908	0	5
909	0	1
910	1	0
911	0	1
913	0	1
914	0	8
915	0	3
916	0	1
917	0	3
918	1	2
919	1	3
920	0	3
921	0	1
922	0	4
923	0	2
924	0	4
925	0	1
926	1	1
927	1	4
928	1	4
929	1	0
930	1	2
931	1	2
932	0	4
933	0	2
934	0	1
935	0	1
936	1	8
937	3	6
938	1	2
939	1	4
940	1	1
941	0	3
942	1	4
943	1	1
944	2	9
945	3	4
946	1	4
947	1	4
948	2	1
949	0	3
950	1	1
951	0	2
952	0	6
953	0	7
954	0	7
955	1	6
956	0	2
957	1	7
958	0	2
959	0	3
960	1	2
961	1	5
962	0	5
964	0	1
965	2	5
966	0	2
968	0	2
969	0	3
970	0	2
971	1	1
972	0	2
973	0	3
974	0	3
975	1	4
976	1	2
977	0	3
978	1	3
979	0	5
980	1	2
981	1	4
982	1	3
983	0	2
984	1	3
985	0	4
986	1	2
987	0	2
988	1	2
989	2	5
990	1	1
991	1	2
992	2	3
993	0	5
994	1	4
995	1	2
996	2	6
997	0	5
998	3	7
999	1	8
1000	1	4
1001	0	4
1002	1	3
1003	0	7
1004	2	3
1005	0	3
1006	0	4
1007	0	9
1008	0	5
1009	1	3
1010	0	3
1011	0	2
1012	0	5
1013	0	5
1014	0	4
1015	1	5
1016	0	5
1017	0	5
1018	0	8
1019	0	6
1020	0	1
1021	1	4
1022	1	6
1023	0	1
1024	0	2
1025	1	1
1026	0	5
1027	0	2
1028	0	5
1029	0	6
1030	0	5
1031	1	1
1032	0	1
1033	1	5
1034	1	3
1035	0	6
1036	2	0
1037	0	3
1038	1	0
1039	0	4
1040	2	3
1042	2	5
1043	5	10
1044	1	2
1045	0	4
1046	1	2
1047	3	0
1048	1	5
1049	1	2
1050	1	4
1051	1	2
1052	0	2
1053	1	3
1054	0	2
1055	1	4
1056	1	4
1057	2	5
1058	0	5
1059	0	4
1060	2	6
1061	2	2
1062	0	2
1063	1	5
1064	0	1
1065	0	2
1066	0	2
1067	0	3
1068	1	5
1069	1	5
1070	0	4
1071	0	1
1072	1	2
1073	1	5
1074	0	4
1075	0	4
1076	0	4
1077	0	1
1078	0	2
1079	1	0
1080	0	1
1081	0	6
1082	0	1
1083	2	5
1084	0	1
1085	0	3
1086	0	2
1087	0	2
1088	0	5
1089	1	2
1090	2	1
1091	0	3
1093	0	5
1094	1	3
1095	1	2
1096	0	4
1097	0	2
1098	1	2
1099	1	2
1100	0	4
1101	0	5
1102	0	4
1103	1	2
1104	2	7
1105	0	1
1106	0	7
1107	0	2
1108	0	7
1109	0	3
1110	0	2
1111	0	3
1112	0	6
1113	1	7
1114	0	3
1115	1	5
1116	1	6
1117	0	1
1118	1	2
1119	0	2
1120	0	4
1121	0	5
1122	1	6
1123	0	3
1124	1	4
1125	1	5
1126	0	7
1127	0	4
1128	0	1
1129	1	1
1130	1	4
1131	2	4
1132	0	4
1133	0	4
1134	1	6
1135	0	3
1136	0	3
1137	1	4
1138	1	3
1140	0	2
1141	2	1
1142	0	5
1143	0	4
1144	0	3
1145	0	2
1146	1	2
1147	0	4
1148	1	5
1149	0	6
1150	1	4
1151	0	3
1152	1	4
1153	0	2
1154	0	2
1155	1	6
1156	0	1
1157	0	3
1158	2	2
1159	0	5
1160	1	1
1161	0	2
1162	2	3
1163	0	2
1164	1	0
1165	2	3
1166	1	2
1167	0	5
1168	1	3
1169	0	2
1170	2	7
1171	2	3
1172	2	8
1173	2	5
1174	0	1
1175	2	3
1176	2	3
1177	0	4
1178	0	5
1179	1	4
1180	1	3
1181	2	8
1182	1	1
1183	1	5
1184	0	9
1185	0	3
1186	0	2
1187	1	5
1188	0	5
1189	1	6
1190	0	1
1191	2	8
1192	1	0
1193	0	2
1194	0	2
1195	2	7
1196	0	1
1197	0	1
1198	0	2
1199	0	6
1200	0	4
1201	1	2
1202	2	2
1203	0	1
1204	0	4
1205	0	4
1206	0	4
1207	1	6
1208	1	6
1209	0	8
1210	0	7
1211	0	4
1212	0	4
1213	1	3
1214	0	2
1215	2	6
1216	2	5
1217	0	2
1218	0	3
1219	2	2
1220	1	0
1221	1	2
1222	0	6
1223	0	6
1224	1	3
1225	0	6
1226	0	5
1227	2	2
1228	1	4
1229	0	2
1230	0	4
1231	1	4
1232	1	3
1233	0	1
1234	1	1
1235	1	3
1236	0	2
1237	2	4
1238	2	1
1239	0	4
1240	0	3
1241	0	1
1242	0	3
1243	1	3
1244	1	6
1245	0	5
1246	0	3
1247	1	4
1248	0	5
1249	0	3
1250	1	3
1251	0	6
1252	1	5
1253	2	5
1254	1	8
1255	0	2
1256	2	1
1257	0	6
1258	0	3
1259	1	5
1260	0	2
1261	1	1
1262	0	6
1263	1	8
1264	0	1
1266	1	1
1267	0	2
1268	0	7
1269	0	3
1270	0	6
1271	1	2
1272	0	6
1273	1	3
1274	1	3
1275	0	1
1276	0	3
1277	0	5
1278	1	4
1279	1	2
1280	0	3
1281	0	4
1282	0	3
1283	4	2
1284	2	4
1285	0	1
1286	1	3
1287	1	5
1288	1	6
1289	1	2
1290	0	3
1291	0	2
1292	1	4
1293	0	4
1294	0	1
1295	1	1
1296	0	2
1297	1	3
1298	0	5
1299	1	5
1300	0	6
1301	0	5
1302	2	7
1303	0	3
1304	0	1
1305	0	8
1306	0	2
1307	1	1
1308	1	2
1309	1	2
1310	0	5
1311	1	1
1312	0	1
1313	1	5
1314	0	3
1315	0	2
1316	0	2
1317	0	5
1318	2	3
1319	1	3
1320	0	4
1321	1	4
1322	0	3
1323	0	2
1324	0	5
1325	0	3
1326	0	5
1327	1	2
1328	0	5
1329	0	5
1330	2	6
1331	1	8
1332	0	4
1333	1	5
1334	0	2
1335	1	4
1336	0	2
1337	1	2
1338	1	5
1339	0	2
1340	0	7
1341	0	4
1342	0	4
1343	0	2
1344	1	4
1345	1	2
1346	2	0
1347	0	2
1348	2	3
1349	1	4
1350	1	5
1351	0	2
1352	1	5
1353	1	4
1354	0	5
1355	0	2
1356	0	3
1357	1	0
1358	0	5
1359	0	4
1360	0	2
1361	1	3
1363	1	5
1364	3	2
1365	0	2
1366	1	2
1367	2	4
1368	2	4
1369	2	6
1370	0	4
1371	1	4
1372	0	2
1373	2	6
1374	1	2
1375	0	2
1376	0	1
1377	0	2
1378	0	2
1379	2	5
1380	2	4
1381	1	3
1382	1	4
1383	0	5
1384	1	3
1385	1	2
1386	1	5
1387	0	7
1388	0	4
1389	0	4
1390	3	1
1391	0	5
1392	0	1
1393	0	5
1394	1	4
1395	2	1
1396	0	3
1397	0	2
1398	0	3
1399	0	2
1400	0	7
1401	0	6
1402	0	4
1403	0	6
1404	2	2
1405	1	4
1406	1	4
1407	2	3
1408	0	4
1409	1	4
1410	0	4
1411	0	5
1412	1	6
1413	2	5
1414	0	2
1415	0	5
1416	0	1
1417	0	1
1418	1	2
1419	1	2
1420	0	1
1421	0	5
1422	1	3
1423	0	2
1424	1	0
1425	1	2
1426	0	8
1427	0	2
1428	2	3
1429	1	2
1430	1	2
1431	1	1
1432	0	6
1433	0	6
1434	0	2
1435	0	3
1436	0	1
1437	0	5
1438	0	3
1439	0	4
1440	0	6
1441	2	2
1442	0	5
1443	0	5
1444	0	5
1445	2	6
1446	0	1
1447	1	5
1448	1	0
1449	0	5
1450	2	2
1451	0	2
1452	1	5
1453	1	3
1454	1	2
1455	0	4
1456	2	1
1457	0	1
1458	1	3
1459	0	1
1460	0	4
1461	2	4
1462	0	3
1463	1	9
1464	1	2
1466	0	2
1467	2	3
1468	0	2
1469	1	2
1470	0	1
1471	1	1
1473	1	5
1474	1	1
1475	1	0
1476	0	3
1477	0	2
1478	0	2
1479	0	4
1480	1	3
1481	0	4
1482	1	2
1483	1	2
1484	1	3
1485	0	5
1486	0	3
1487	0	3
1488	0	2
1489	2	4
1490	0	3
1491	0	4
1492	1	1
1494	0	5
1495	0	4
1496	0	3
1498	2	2
1499	1	2
1500	1	4
1501	1	3
1502	0	5
1503	1	5
1504	0	6
1505	1	4
1506	0	5
1507	2	1
1508	1	5
1509	1	4
1510	1	4
1511	1	1
1512	1	5
1513	0	4
1514	0	3
1515	0	2
1516	1	3
1517	2	3
1518	0	5
1519	1	1
1520	1	5
1521	0	3
1522	0	4
1523	2	2
1524	2	2
1525	1	1
1526	0	7
1527	0	3
1528	1	1
1529	0	5
1530	0	3
1531	0	1
1532	1	6
1533	0	1
1534	0	2
1535	0	5
1536	0	2
1537	1	4
1538	0	3
1539	2	5
1540	0	4
1541	1	1
1542	0	3
1543	1	3
1544	0	6
1545	1	5
1546	1	7
1547	0	1
1548	0	2
1549	0	5
1550	1	3
1551	0	6
1552	1	3
1553	1	1
1554	2	0
1555	0	6
1556	0	2
1557	0	11
1558	1	4
1559	0	2
1560	0	3
1561	1	3
1562	1	4
1563	0	2
1564	0	2
1565	0	4
1566	2	4
1567	1	3
1568	0	4
1569	2	5
1570	0	1
1571	0	5
1572	0	4
1573	0	1
1574	1	4
1575	0	1
1576	0	5
1577	0	1
1578	2	5
1579	2	4
1580	1	4
1581	2	5
1582	0	1
1583	0	3
1584	0	3
1585	0	6
1586	0	1
1587	0	6
1588	0	1
1589	1	5
1590	0	3
1591	0	7
1592	0	5
1593	1	0
1594	0	4
1595	0	1
1596	0	3
1597	0	7
1598	2	3
1599	0	3
1600	0	2
1601	0	2
1602	1	3
1603	0	5
1604	0	3
1605	0	5
1606	2	0
1607	0	7
1608	0	6
1610	1	3
1611	2	2
1612	1	2
1613	1	4
1614	0	4
1615	1	4
1616	0	3
1617	1	5
1618	0	4
1619	0	3
1621	1	5
1622	1	2
1623	2	4
1624	0	4
1625	1	3
1626	1	2
1627	0	2
1628	1	9
1629	2	4
1630	0	7
1631	1	7
1632	0	1
1633	1	6
1634	0	2
1635	1	2
1636	0	6
1637	0	3
1638	1	1
1639	0	1
1640	1	3
1641	1	1
1642	0	5
1643	1	6
1644	1	6
1645	1	3
1646	2	1
1647	2	3
1648	0	7
1649	0	2
1650	0	3
1651	1	5
1652	1	6
1653	0	2
1654	0	3
1655	1	3
1656	0	3
1657	1	3
1658	0	5
1659	3	1
1660	0	1
1661	2	5
1662	2	4
1663	0	3
1664	0	9
1665	1	3
1666	0	4
1667	1	2
1668	1	4
1669	1	1
1670	2	4
1671	2	4
1672	0	5
1673	0	4
1674	2	3
1675	0	6
1676	2	4
1677	0	3
1678	0	2
1679	0	2
1680	2	3
1681	1	1
1682	0	5
1683	0	6
1684	1	4
1685	0	5
1686	0	3
1687	0	2
1688	0	3
1689	0	1
1690	2	3
1691	1	6
1692	1	6
1693	1	4
1694	1	2
1695	0	4
1696	1	4
1697	0	4
1698	0	4
1699	0	5
1700	0	2
1701	1	6
1702	1	3
1703	0	1
1704	1	4
1705	3	1
1706	0	3
1707	1	5
1708	0	4
1709	0	6
1710	0	2
1711	0	4
1712	2	4
1713	0	1
1714	0	2
1716	0	2
1717	0	5
1718	1	4
1719	0	3
1720	1	2
1721	1	7
1722	0	4
1723	0	4
1724	1	7
1725	2	4
1726	0	3
1727	0	4
1728	0	3
1729	1	2
1730	0	2
1731	0	6
1732	0	3
1733	0	3
1734	0	1
1735	1	2
1736	0	6
1737	0	3
1738	0	1
1739	3	4
1740	0	2
1741	0	4
1742	0	4
1743	0	3
1744	0	4
1745	0	4
1746	2	3
1747	1	3
1748	1	5
1749	0	1
1750	0	9
1751	0	4
1752	1	3
1753	1	2
1754	2	3
1755	1	2
1756	1	6
1757	1	2
1758	0	1
1759	0	5
1760	0	5
1761	0	2
1762	0	5
1763	1	5
1764	1	5
1765	1	3
1766	2	0
1767	0	1
1768	2	2
1769	0	7
1770	1	2
1771	0	5
1772	0	2
1773	1	2
1774	0	4
1775	0	2
1776	0	4
1777	1	2
1778	0	1
1779	0	4
1781	1	1
1782	1	4
1783	1	2
1784	1	6
1785	0	3
1786	0	1
1787	1	7
1788	0	3
1789	0	2
1790	2	5
1791	0	5
1792	3	5
1793	1	7
1794	0	1
1795	0	3
1796	2	2
1797	0	2
1798	0	5
1799	0	4
1800	0	5
1801	0	6
1802	0	1
1803	0	5
1804	0	1
1805	0	2
1806	0	4
1807	2	3
1808	1	4
1809	0	1
1810	1	3
1811	0	1
1812	2	2
1813	1	3
1814	1	5
1815	0	4
1816	1	0
1817	3	0
1818	0	3
1819	0	4
1820	2	5
1821	1	7
1822	1	7
1823	3	2
1824	0	2
1825	1	5
1827	0	5
1828	2	5
1829	0	5
1830	1	2
1831	0	1
1832	0	4
1833	0	3
1834	1	3
1835	0	6
1836	1	5
1837	1	4
1838	0	6
1839	0	3
1840	1	1
1841	0	6
1842	0	3
1843	1	2
1844	0	4
1845	0	3
1846	2	4
1848	0	4
1849	1	1
1850	0	4
1851	0	4
1852	0	2
1853	1	2
1854	0	1
1855	2	8
1856	0	8
1857	2	2
1858	0	5
1859	0	5
1860	1	3
1862	0	2
1863	1	6
1864	2	3
1865	0	3
1866	0	5
1867	0	6
1868	0	7
1869	1	5
1870	0	2
1871	0	2
1872	0	2
1873	0	1
1874	0	1
1875	0	6
1876	0	5
1877	0	2
1878	0	5
1879	0	3
1880	0	1
1881	0	3
1882	1	4
1883	0	3
1884	0	3
1885	0	6
1886	2	5
1887	1	5
1889	0	5
1890	0	4
1891	2	5
1892	0	5
1893	1	1
1894	1	2
1895	0	6
1896	1	2
1897	1	3
1898	0	8
1899	0	7
1900	0	3
1901	0	3
1902	1	3
1903	0	4
1904	1	1
1905	0	1
1906	1	2
1907	1	6
1908	0	4
1909	1	1
1910	1	6
1911	0	2
1912	0	4
1913	0	9
1914	0	4
1915	0	4
1916	1	8
1917	0	4
1918	0	1
1919	1	4
1920	0	5
1921	0	4
1922	0	4
1923	0	1
1924	0	6
1925	0	3
1926	1	1
1927	0	4
1928	0	4
1929	0	2
1930	0	5
1931	1	2
1932	1	3
1933	0	4
1934	0	5
1935	0	1
1936	0	3
1937	0	3
1938	0	3
1939	0	2
1940	2	4
1941	1	3
1942	0	1
1943	0	2
1944	2	2
1945	0	1
1946	0	2
1947	0	1
1948	1	5
1949	2	2
1950	0	3
1951	0	3
1952	1	5
1953	0	2
1954	2	6
1955	0	3
1956	2	1
1957	0	4
1958	0	7
1959	0	5
1960	0	2
1961	2	4
1963	1	12
1964	2	3
1965	1	8
1966	0	4
1967	3	2
1968	2	1
1969	0	6
1970	0	4
1971	0	4
1972	0	4
1973	0	5
1974	0	3
1975	1	2
1976	0	3
1977	0	2
1978	0	5
1979	0	5
1980	0	6
1981	0	1
1982	0	1
1983	0	2
1984	1	3
1985	1	5
1986	0	4
1987	0	9
1988	3	4
1989	1	4
1990	0	2
1991	1	4
1992	1	4
1993	2	1
1994	0	4
1995	0	4
1996	1	3
1997	1	1
1998	0	3
1999	0	2
2000	1	3
2002	0	4
2003	1	6
2004	0	3
2005	0	7
2006	0	4
2007	0	3
2008	1	7
2009	1	2
2010	0	3
2011	0	2
2012	3	2
2013	2	1
2014	1	3
2015	2	3
2016	1	5
2017	0	3
2018	0	6
2019	1	4
2020	1	1
2021	1	6
2022	1	4
2023	0	1
2024	0	3
2025	1	3
2026	0	6
2027	0	5
2028	0	5
2029	1	5
2030	2	7
2031	0	2
2032	1	2
2033	0	4
2034	0	3
2035	3	3
2036	0	5
2038	1	2
2039	0	2
2040	0	4
2041	0	2
2042	0	2
2043	0	4
2044	1	5
2045	0	6
2046	0	4
2047	0	2
2048	0	5
2049	0	4
2050	0	2
2051	0	1
2052	1	5
2053	2	6
2054	1	5
2055	0	2
2056	1	4
2057	0	1
2058	0	1
2059	1	4
2060	1	5
2061	2	9
2062	2	6
2063	0	4
2064	1	4
2065	0	2
2066	0	4
2067	0	4
2068	0	2
2069	0	3
2070	0	5
2071	1	1
2072	0	4
2073	0	2
2074	0	3
2075	1	3
2076	2	0
2077	1	4
2078	0	3
2079	0	2
2080	0	2
2081	0	6
2082	0	5
2083	2	7
2084	2	4
2085	2	2
2086	1	5
2087	0	5
2088	0	4
2089	3	4
2091	0	2
2092	1	4
2093	0	4
2094	0	3
2095	1	4
2096	0	6
2097	1	5
2098	0	2
2099	0	1
2100	0	1
2101	1	4
2102	1	4
2103	0	4
2104	0	3
2105	0	2
2106	2	1
2107	1	5
2108	0	3
2109	0	4
2110	2	6
2111	1	6
2112	1	3
2113	0	3
2114	2	3
2115	1	3
2116	0	3
2117	2	5
2118	2	4
2119	0	7
2120	0	3
2121	1	3
2122	1	5
2123	0	3
2124	2	3
2125	0	2
2126	0	2
2127	2	4
2128	0	4
2129	1	3
2130	0	6
2131	1	2
2132	0	1
2133	0	2
2134	0	3
2135	0	1
2136	1	2
2137	1	4
2138	1	4
2139	2	0
2140	0	6
2141	0	4
2142	0	3
2143	2	5
2144	0	7
2145	1	3
2147	2	1
2148	0	5
2149	1	2
2150	0	2
2151	2	2
2152	1	2
2153	0	1
2154	2	0
2155	0	3
2156	1	0
2157	3	4
2158	1	5
2159	1	3
2160	1	4
2161	0	5
2162	0	4
2163	0	5
2164	1	2
2165	0	2
2166	0	3
2167	0	8
2168	0	3
2169	1	4
2170	1	3
2172	1	4
2173	0	5
2174	0	4
2175	0	5
2176	0	2
2177	0	2
2178	0	2
2179	0	5
2180	0	4
2181	0	2
2182	0	4
2183	1	4
2184	1	4
2185	3	5
2186	0	2
2187	0	5
2188	1	1
2189	0	3
2190	2	2
2191	0	2
2192	0	3
2193	2	5
2194	0	3
2195	0	3
2196	1	2
2197	1	3
2198	1	1
2199	1	5
2200	1	6
2201	0	3
2202	1	4
2203	2	1
2204	1	7
2205	2	5
2206	2	4
2207	0	2
2208	1	3
2209	0	4
2210	0	2
2211	0	2
2212	1	1
2213	0	4
2214	1	5
2215	0	2
2216	1	4
2217	0	3
2218	0	1
2219	0	5
2220	1	3
2222	1	2
2223	2	1
2224	0	1
2225	0	5
2226	0	10
2227	1	3
2228	2	3
2229	0	3
2230	0	1
2231	0	4
2232	0	6
2233	1	0
2234	0	3
2235	1	5
2236	0	4
2237	0	6
2238	0	2
2239	2	5
2240	1	2
2241	0	5
2242	0	6
2243	0	7
2244	0	6
2245	0	1
2246	1	5
2247	0	6
2248	0	4
2249	0	3
2250	0	3
2251	0	1
2252	0	3
2253	0	5
2254	1	1
2255	1	5
2256	0	2
2257	0	2
2258	0	5
2259	1	4
2260	1	4
2261	1	1
2262	0	2
2263	0	3
2264	2	5
2265	1	2
2266	2	1
2267	0	2
2268	1	4
2269	0	4
2270	1	1
2271	1	5
2272	1	4
2273	1	2
2274	0	2
2275	2	2
2276	0	4
2277	0	1
2278	0	8
2279	1	3
2280	0	1
2281	0	2
2282	0	1
2283	0	4
2284	0	3
2285	2	8
2286	1	3
2287	0	3
2288	2	3
2289	1	5
2290	0	2
2291	0	3
2292	0	1
2293	0	1
2294	1	5
2295	1	1
2296	0	1
2297	0	2
2298	0	3
2299	2	5
2300	2	4
2302	1	1
2303	0	4
2304	0	5
2305	0	6
2306	3	3
2307	0	1
2308	2	1
2309	0	3
2310	0	8
2312	0	6
2313	0	2
2314	0	5
2315	0	6
2316	1	5
2318	0	3
2319	0	4
2320	0	3
2321	2	5
2322	1	4
2323	3	1
2324	1	5
2325	0	4
2326	1	3
2327	0	1
2328	0	8
2329	0	1
2330	0	2
2331	3	3
2332	0	1
2333	1	4
2334	1	3
2335	0	4
2336	1	3
2337	4	5
2338	0	5
2339	0	6
2340	1	4
2341	0	4
2342	1	4
2343	0	4
2344	1	3
2345	0	2
2346	0	4
2347	0	4
2348	0	4
2349	1	6
2350	0	2
2351	0	3
2352	1	4
2354	2	0
2355	1	3
2356	0	4
2357	1	1
2358	1	4
2359	6	3
2360	1	3
2361	0	4
2362	1	2
2364	0	8
2365	0	3
2366	1	5
2367	0	2
2368	0	3
2369	1	2
2370	2	3
2371	0	2
2372	0	6
2373	0	5
2374	1	3
2375	1	4
2376	0	5
2377	0	3
2378	1	1
2379	0	5
2380	0	5
2381	0	1
2382	0	5
2383	0	6
2385	1	1
2386	3	4
2387	1	0
2388	1	3
2389	1	1
2390	0	4
2391	0	4
2392	0	1
2393	0	1
2394	0	4
2395	0	5
2396	1	2
2397	1	7
2398	0	3
2399	0	2
2400	0	3
2401	0	2
2402	1	3
2403	1	1
2404	1	5
2405	1	2
2406	0	6
2407	0	4
2408	0	2
2409	1	3
2410	1	1
2411	1	10
2412	2	5
2413	0	4
2414	1	3
2415	1	6
2416	0	4
2417	2	1
2418	0	2
2419	1	2
2420	2	1
2421	0	4
2422	1	8
2423	0	1
2424	0	9
2425	0	2
2426	2	1
2427	2	6
2428	1	3
2429	0	3
2430	2	3
2431	1	1
2432	1	4
2433	1	5
2434	0	3
2435	1	1
2436	1	1
2437	0	1
2438	0	1
2439	0	7
2440	1	3
2441	0	5
2442	1	3
2443	3	5
2444	0	3
2445	0	3
2446	1	6
2447	1	2
2448	0	2
2449	0	5
2450	3	4
2451	1	5
2452	0	4
2453	2	1
2454	1	7
2455	0	4
2456	0	1
2457	0	1
2458	0	4
2459	0	3
2460	1	2
2461	2	2
2462	1	4
2463	0	3
2464	1	3
2465	1	4
2466	3	5
2467	0	5
2468	0	1
2469	0	1
2470	1	3
2471	0	3
2472	0	2
2473	0	4
2474	0	5
2475	0	5
2476	0	3
2477	0	5
2478	0	4
2479	0	2
2480	0	6
2481	2	3
2482	1	1
2483	1	3
2484	0	3
2485	0	1
2486	0	3
2487	1	8
2488	0	5
2489	0	2
2490	0	2
2491	0	3
2493	0	3
2494	0	4
2495	1	6
2496	0	1
2497	0	4
2498	0	4
2499	4	1
2500	0	8
2501	0	2
2502	0	7
2503	1	4
2504	0	2
2505	2	6
2506	0	5
2507	1	3
2508	0	4
2509	0	8
2510	0	2
2511	1	2
2512	0	2
2513	1	3
2514	1	2
2515	1	1
2516	0	1
2517	0	4
2518	0	2
2519	1	4
2520	0	5
2521	0	5
2522	0	3
2523	0	4
2524	1	3
2525	1	4
2526	0	4
2527	0	2
2528	1	5
2529	1	2
2530	0	3
2531	0	4
2532	0	4
2533	0	5
2534	0	4
2535	0	2
2536	1	1
2537	0	2
2538	0	5
2539	0	3
2540	1	4
2541	0	5
2542	0	4
2543	0	2
2544	1	1
2545	1	3
2546	1	0
2547	0	2
2548	1	2
2549	0	6
2550	0	4
2551	2	2
2552	2	2
2553	1	1
2554	0	2
2555	0	6
2556	0	2
2557	3	0
2558	0	4
2559	1	3
2560	3	4
2561	0	5
2562	1	3
2563	0	2
2564	1	6
2565	1	1
2566	0	2
2567	0	4
2568	1	3
2569	3	2
2570	1	5
2571	0	2
2572	0	2
2573	1	5
2574	0	1
2575	0	5
2576	0	2
2577	0	4
2578	0	2
2579	1	5
2580	0	1
2581	2	2
2582	0	3
2584	0	2
2585	0	4
2586	0	5
2587	0	2
2588	0	3
2589	0	6
2590	0	3
2591	1	3
2592	1	3
2593	3	6
2594	0	4
2595	0	3
2596	0	3
2597	0	4
2598	3	3
2599	1	1
2600	0	5
2601	0	3
2602	0	6
2603	0	7
2604	1	3
2605	0	2
2606	0	3
2607	0	6
2608	0	2
2609	0	6
2610	0	2
2611	0	4
2612	0	3
2613	0	3
2614	1	3
2615	0	3
2616	0	5
2617	1	3
2618	2	2
2619	0	4
2620	0	6
2621	0	3
2622	1	1
2623	0	4
2624	1	4
2625	1	2
2626	4	5
2627	1	3
2628	0	2
2629	2	6
2630	0	4
2631	1	0
2632	0	6
2633	1	2
2634	1	5
2635	1	2
2636	1	3
2637	0	5
2638	1	3
2639	1	4
2640	1	2
2641	1	2
2642	0	4
2643	0	1
2644	1	6
2645	0	3
2646	1	5
2647	0	3
2648	1	1
2649	0	2
2650	0	3
2651	1	1
2652	0	4
2653	1	4
2654	0	4
2655	0	4
2656	1	4
2657	0	3
2658	0	2
2659	1	7
2660	0	4
2661	1	3
2662	0	6
2663	0	4
2664	0	1
2665	0	2
2666	1	4
2667	0	1
2668	2	2
2669	1	4
2670	1	3
2671	0	3
2672	0	3
2673	1	2
2674	1	4
2675	0	4
2676	0	1
2677	1	4
2678	0	4
2679	0	6
2680	0	1
2681	2	6
2682	0	5
2683	0	3
2684	0	4
2685	1	1
2686	2	4
2687	1	6
2689	2	4
2690	2	2
2691	0	4
2692	0	1
2693	0	3
2694	2	4
2695	1	2
2696	0	3
2698	0	2
2699	0	7
2700	0	3
2701	0	4
2702	0	6
2703	1	4
2704	1	1
2705	0	4
2706	0	2
2707	0	2
2708	1	3
2709	1	5
2710	0	3
2711	0	3
2712	3	6
2713	0	5
2714	1	5
2715	0	2
2716	0	4
2717	1	2
2718	1	1
2719	1	1
2720	0	5
2721	0	1
2722	1	3
2724	0	5
2725	0	2
2726	0	3
2727	0	4
2728	1	2
2729	2	6
2730	0	4
2731	0	2
2732	1	6
2733	1	1
2734	0	4
2735	0	2
2736	0	3
2737	1	1
2738	0	5
2739	1	4
2740	0	8
2741	0	6
2742	0	5
2743	1	0
2744	1	3
2745	0	3
2746	0	4
2747	0	4
2748	1	1
2749	1	4
2750	1	6
2751	0	1
2753	0	3
2754	0	3
2755	0	2
2756	2	5
2757	1	6
2758	1	6
2759	0	4
2760	2	3
2761	1	2
2762	0	2
2763	0	3
2764	2	4
2765	1	3
2766	0	3
2767	2	5
2768	1	2
2769	2	2
2770	0	1
2771	1	4
2772	0	7
2773	1	1
2774	0	4
2775	0	3
2776	2	1
2777	3	3
2778	3	1
2779	0	5
2780	1	3
2781	1	3
2782	0	2
2783	0	2
2784	1	2
2785	0	1
2786	1	6
2787	1	5
2788	0	2
2789	0	5
2790	0	4
2791	1	1
2792	2	2
2793	1	3
2794	1	2
2795	0	2
2796	2	7
2797	0	4
2798	0	2
2799	0	3
2800	0	5
2801	0	1
2802	1	2
2803	0	4
2804	1	4
2805	0	3
2806	0	2
2807	1	5
2808	0	3
2809	0	4
2810	2	4
2811	1	2
2812	0	6
2813	0	7
2814	0	2
2815	1	3
2816	0	3
2817	0	2
2818	0	5
2819	2	8
2820	0	3
2821	0	7
2822	0	3
2823	1	8
2824	0	2
2825	2	4
2826	0	5
2827	2	2
2828	0	1
2829	2	4
2830	0	4
2831	2	4
2832	0	3
2833	1	4
2834	0	4
2835	0	4
2836	0	4
2837	0	6
2838	2	4
2839	0	2
2840	2	2
2841	0	10
2842	2	4
2843	1	2
2844	0	2
2845	0	4
2846	0	3
2847	0	5
2848	0	4
2849	2	2
2850	0	7
2851	1	6
2852	0	6
2853	1	4
2854	0	5
2855	0	4
2856	2	3
2857	0	3
2858	0	3
2859	1	5
2860	4	4
2861	0	3
2862	0	4
2863	0	4
2864	0	5
2865	1	7
2866	1	4
2867	1	2
2868	1	2
2869	1	2
2870	1	2
2871	0	5
2872	0	3
2873	0	4
2874	0	3
2875	3	3
2876	0	2
2877	0	2
2878	1	5
2879	1	4
2880	0	3
2881	0	3
2883	1	6
2884	0	2
2885	0	1
2886	1	2
2887	0	4
2888	1	2
2889	1	5
2890	0	2
2891	0	1
2892	0	5
2893	0	4
2894	2	3
2895	0	9
2896	0	1
2897	0	6
2898	0	4
2899	0	1
2900	0	8
2901	1	3
2902	1	4
2903	1	3
2904	1	6
2905	0	1
2906	0	3
2907	1	1
2908	0	6
2909	2	2
2910	1	2
2911	0	2
2912	0	2
2913	0	5
2914	2	4
2915	0	4
2916	1	1
2917	0	1
2918	0	2
2919	0	5
2920	2	4
2921	0	2
2922	1	4
2923	0	5
2924	2	3
2925	0	4
2926	1	4
2927	1	4
2928	0	5
2929	0	4
2930	1	4
2931	0	3
2932	1	5
2933	0	1
2934	1	1
2935	1	4
2936	0	8
2937	1	5
2938	1	1
2939	1	2
2940	1	4
2941	0	4
2942	0	3
2943	0	3
2944	0	4
2945	2	3
2946	0	4
2947	1	3
2948	0	3
2949	1	3
2950	0	3
2951	2	3
2952	1	3
2953	1	1
2954	1	1
2955	0	4
2956	0	5
2957	2	5
2958	1	4
2959	0	6
2960	0	5
2961	0	2
2962	0	5
2963	0	3
2964	0	3