1	2	5
2	0	6
3	0	5
4	1	8
5	0	3
6	0	9
7	1	8
8	0	5
9	1	6
10	2	6
11	1	4
12	1	5
13	2	3
14	1	3
15	4	8
16	1	4
17	1	2
18	2	4
19	0	3
20	1	3
21	0	2
22	0	4
23	2	2
24	2	4
25	2	2
26	2	11
27	2	1
28	2	2
29	0	6
30	0	2
31	0	2
32	0	6
33	0	3
34	0	1
35	2	6
36	7	2
37	3	8
38	1	1
39	3	6
40	2	6
41	2	10
42	1	0
43	1	6
44	3	7
45	0	1
46	0	5
47	1	4
48	2	6
49	1	3
50	1	2
51	1	5
52	0	4
53	1	3
54	1	7
55	0	4
56	0	1
57	0	5
58	0	4
59	1	4
60	1	5
61	1	2
62	1	5
63	7	1
64	2	4
65	0	1
66	0	5
67	0	5
68	1	4
69	2	1
70	0	3
71	0	6
72	1	1
73	0	6
74	1	6
75	2	2
76	4	8
77	3	5
78	3	3
79	1	4
80	1	9
81	3	3
82	3	7
83	5	5
84	1	4
85	1	6
86	0	4
87	0	3
88	2	3
89	1	6
90	3	7
91	0	7
92	1	7
93	0	7
94	1	7
95	2	4
96	2	6
97	2	6
98	1	7
99	0	6
100	1	7
101	0	5
102	1	7
103	1	5
104	1	2
105	1	4
106	0	11
107	0	6
108	0	6
110	1	1
111	2	2
112	3	3
113	4	4
114	5	5
115	2	2
116	1	2
117	0	6
118	0	6
119	1	3
120	1	5
121	2	10
122	0	5
123	2	6
124	0	6
125	1	7
126	0	4
127	0	4
128	1	5
129	0	5
130	1	3
131	1	4
132	1	6
133	0	4
134	0	3
135	0	4
136	1	5
137	0	3
138	0	2
139	3	7
140	0	4
141	1	7
142	2	1
143	7	4
144	1	2
145	3	4
146	1	4
147	2	4
148	7	5
149	0	5
150	2	4
151	3	4
152	1	6
153	2	3
154	0	2
155	1	6
156	1	4
157	0	3
158	3	3
159	2	2
160	0	4
161	3	4
162	2	7
163	1	5
164	2	1
165	0	3
166	5	5
167	4	6
168	6	1
169	0	3
170	1	2
171	1	7
172	0	7
173	1	6
174	1	4
175	1	3
176	4	4
177	3	0
178	0	8
179	1	6
180	4	9
181	4	13
182	1	14
183	0	3
184	1	8
185	2	10
186	0	2
187	4	4
188	0	6
189	0	4
190	0	5
191	2	4
192	0	7
193	0	5
194	1	6
195	3	13
196	0	7
197	2	6
198	0	3
199	2	6
200	0	7
201	0	4
202	0	12
203	2	9
204	4	5
205	0	2
206	1	9
207	1	2
208	0	4
209	1	3
210	1	3
211	1	2
212	4	8
213	1	3
214	1	6
215	1	3
216	0	8
217	1	6
218	1	5
219	0	3
220	0	5
221	1	4
222	1	2
223	2	8
224	2	4
225	2	6
226	3	5
227	0	5
228	1	6
229	0	5
230	2	1
231	1	3
232	0	4
233	0	4
234	3	6
235	2	5
236	1	2
237	0	4
238	2	3
239	1	4
240	1	4
241	1	4
242	0	5
243	1	6
244	1	4
245	0	3
246	1	3
247	0	3
248	1	4
249	0	9
250	2	5
251	0	3
252	2	2
253	2	5
254	1	5
255	5	4
256	5	1
257	5	5
258	3	4
259	1	5
260	1	7
261	0	4
262	2	5
263	1	2
264	0	4
265	1	1
266	1	8
267	2	4
268	2	4
269	3	5
270	1	4
271	0	4
272	3	3
273	3	2
274	0	11
275	1	8
276	1	5
277	1	7
278	0	9
279	1	3
280	1	5
281	0	12
282	1	1
283	0	5
284	1	4
285	1	4
286	2	5
287	0	3
288	0	8
289	0	9
290	1	7
291	0	1
292	1	2
293	0	6
294	0	5
295	3	5
296	1	6
297	1	6
298	1	3
299	0	6
300	2	6
301	1	3
302	2	6
303	3	3
304	4	3
305	5	3
306	1	4
307	1	6
308	1	12
309	1	6
310	3	11
311	1	10
312	1	7
313	0	4
314	2	6
315	0	9
316	1	5
317	2	9
318	0	3
319	0	7
320	1	4
321	1	4
322	0	12
323	1	3
324	0	4
325	1	4
326	7	3
327	0	6
328	1	5
329	0	2
330	0	1
331	1	3
332	1	5
333	0	5
334	0	4
335	1	4
336	1	4
337	2	2
338	2	2
339	1	1
340	0	2
341	3	2
342	1	4
343	0	5
344	3	5
345	1	6
346	1	4
347	1	5
348	1	6
349	0	3
350	4	4
351	0	5
352	1	3
353	1	4
354	0	7
355	0	4
356	0	2
357	0	3
358	3	4
359	4	6
360	2	8
361	0	4
362	2	2
363	1	4
364	0	5
365	0	9
366	0	6
367	2	1
368	0	3
369	1	5
370	3	7
371	0	7
372	2	2
373	0	4
374	0	4
375	2	3
376	2	9
377	0	7
378	2	4
379	2	3
380	3	8
381	4	3
382	0	4
383	2	7
384	2	3
385	0	3
386	0	5
387	1	5
388	1	6
389	2	1
390	0	7
391	1	3
392	1	1
393	2	6
394	3	1
395	2	4
396	0	5
397	1	5
398	0	4
399	1	4
400	0	6
401	0	2
402	2	4
403	0	5
404	2	6
405	1	11
406	1	4
407	0	3
408	0	5
409	0	4
410	0	3
411	1	5
412	1	3
413	2	6
414	1	7
415	1	4
416	1	4
417	3	5
418	3	8
419	2	8
420	0	9
421	0	8
422	3	8
423	0	7
424	0	7
425	1	12
426	2	11
427	3	7
428	2	9
429	0	4
430	0	7
431	0	4
432	0	7
433	3	3
434	2	6
435	1	7
436	1	10
437	0	10
438	0	8
439	1	4
440	1	8
441	0	4
442	0	8
443	1	3
444	2	8
445	1	7
446	1	8
447	2	6
448	1	7
449	0	7
450	1	5
451	1	5
452	1	6
453	0	8
454	0	5
455	1	8
456	1	3
457	1	10
458	0	7
459	1	5
460	0	6
461	1	3
462	1	7
463	1	4
464	3	6
465	1	4
466	2	8
467	0	4
468	2	3
469	0	8
470	1	2
471	1	7
472	3	7
473	2	3
474	3	8
475	1	0
476	0	6
477	2	8
478	1	8
479	2	9
480	3	7
481	2	5
482	0	4
483	0	7
484	2	4
485	0	2
486	1	4
487	1	6
488	2	3
489	0	7
490	0	3
491	1	6
492	0	3
493	0	4
494	0	3
495	1	5
496	0	4
497	1	5
498	1	4
499	0	5
500	1	4
501	0	5
502	0	8
503	1	5
504	1	2
505	0	5
506	3	0
507	0	2
508	0	2
509	1	1
510	0	5
511	2	4
512	1	1
513	0	11
514	0	4
515	0	3
516	5	2
517	7	10
518	2	4
519	1	4
520	1	6
521	1	8
522	2	3
523	2	6
524	9	6
525	0	2
526	0	5
527	3	1
528	6	5
529	7	2
530	4	1
531	1	3
532	0	5
533	1	3
534	0	2
535	0	8
536	1	7
537	1	6
538	1	5
539	2	5
540	0	4
541	2	0
542	1	11
543	1	2
544	0	3
545	1	6
546	3	5
547	2	4
548	0	5
549	2	2
550	1	6
551	0	2
552	0	4
553	0	5
554	2	7
555	0	1
556	1	7
557	2	7
558	2	1
559	0	3
560	0	6
561	1	3
562	0	7
563	0	3
564	2	3
565	1	4
566	0	5
567	4	2
568	0	2
569	2	5
570	1	2
571	3	4
572	2	2
573	2	3
574	2	3
575	3	3
576	2	7
577	0	4
578	1	8
579	1	2
580	3	4
581	0	3
582	2	2
583	0	3
584	0	3
585	1	5
586	1	4
587	1	3
588	0	8
589	0	4
590	0	5
591	3	4
592	0	4
593	0	2
594	0	5
595	1	5
596	0	3
597	0	1
598	2	3
599	2	2
600	0	1
601	0	3
602	0	5
603	1	5
604	0	5
605	1	2
606	2	3
607	0	5
608	0	9
609	1	3
610	0	2
611	2	6
612	3	7
613	0	5
614	0	12
615	3	2
616	1	7
617	1	4
618	3	6
619	1	6
620	1	4
621	2	2
622	1	5
623	1	2
624	3	3
625	1	8
626	5	1
627	6	4
628	0	5
629	1	4
630	1	3
631	0	5
632	0	2
633	1	7
634	0	2
635	0	5
637	1	6
638	0	3
639	2	3
640	1	3
641	1	3
642	1	5
643	1	10
644	2	5
645	4	8
646	0	6
647	0	2
648	0	7
649	0	8
650	1	5
651	0	6
652	0	7
653	1	7
654	2	4
655	1	2
656	1	5
657	1	7
658	4	3
659	4	9
660	6	8
661	2	6
662	1	4
663	1	7
664	0	6
665	1	1
666	0	9
667	0	7
668	2	12
669	0	2
670	0	5
671	3	4
672	2	4
673	1	6
674	0	3
675	0	2
676	0	8
677	0	2
678	0	4
679	0	3
680	1	5
681	4	4
682	1	8
683	0	4
684	2	6
685	0	4
686	1	6
687	1	7
688	1	4
689	0	7
690	0	3
691	0	8
692	1	6
693	1	4
694	0	6
695	1	6
696	1	10
697	1	4
698	0	4
699	0	4
700	2	5
701	3	4
702	0	3
703	0	4
704	0	1
705	1	1
706	1	5
707	2	2
708	0	6
709	2	2
710	1	3
711	1	1
712	1	5
713	0	4
714	0	3
715	2	7
716	0	4
717	0	2
718	3	4
719	0	8
720	1	7
721	0	10
722	0	6
723	1	3
724	1	5
725	1	2
727	1	3
728	0	6
729	1	4
730	0	3
731	1	3
732	1	3
733	0	6
734	1	4
735	2	9
736	1	6
737	2	8
738	3	3
739	0	5
740	2	4
741	2	9
742	1	5
743	2	4
744	0	2
745	3	3
746	5	2
747	2	3
748	5	3
749	1	3
750	1	5
751	1	3
752	4	1
754	1	2
755	0	9
756	1	5
757	3	10
758	2	8
759	2	4
760	1	5
761	1	5
762	0	6
763	1	3
764	1	1
765	0	5
766	1	5
767	0	3
768	2	4
769	3	1
770	1	7
771	1	4
772	0	4
773	2	2
774	7	5
775	0	2
776	5	4
777	1	4
778	0	3
779	1	11
780	0	8
781	1	4
782	0	10
783	0	6
784	0	4
785	0	4
786	1	1
787	1	9
788	0	4
789	2	5
790	0	6
791	2	4
792	2	4
793	1	5
794	0	3
795	1	5
796	1	7
797	0	4
798	1	6
799	1	4
800	0	5
801	0	5
802	1	5
803	1	4
804	0	3
805	0	3
806	0	3
807	1	9
808	1	4
809	1	5
810	0	3
811	2	1
812	0	4
813	2	2
814	1	4
815	2	3
816	0	4
817	6	3
818	2	6
819	1	5
820	0	4
821	2	3
822	0	5
823	2	10
824	1	8
825	2	9
826	1	6
827	3	5
828	1	3
829	0	5
830	4	5
831	1	5
832	2	1
833	1	3
834	4	8
835	0	6
836	1	4
837	1	6
838	1	6
839	1	5
840	1	4
841	1	7
842	0	3
843	0	11
844	1	5
845	0	5
846	2	4
847	0	6
848	1	9
849	1	6
850	1	5
851	2	4
852	0	7
853	4	3
854	0	2
855	1	5
856	0	3
857	1	3
858	1	8
859	2	2
860	1	3
861	0	8
862	3	3
863	2	7
864	0	2
865	0	6
866	3	3
867	0	2
868	0	3
869	2	0
870	4	2
871	3	2
872	5	2
873	7	5
874	1	6
875	2	10
876	0	5
877	4	6
878	1	6
879	1	1
880	1	7
881	0	10
882	0	8
883	2	6
884	4	3
885	0	10
886	1	6
887	1	6
888	4	9
889	1	7
890	1	7
891	1	15
892	2	5
893	0	4
894	1	7
895	2	8
896	0	7
897	0	4
898	1	6
899	1	8
900	1	6
901	1	12
902	0	2
903	2	6
904	0	7
905	1	6
906	1	4
907	0	5
908	2	5
909	0	5
910	1	6
911	1	3
912	0	4
913	0	2
914	1	4
915	0	4
916	0	3
917	0	3
918	6	1
919	3	3
920	6	1
921	2	8
922	7	4
923	3	9
924	1	6
925	2	3
926	1	7
927	0	6
928	0	3
929	0	5
930	1	9
931	0	7
932	0	6
933	0	9
934	2	7
935	1	4
936	5	4
937	3	5
938	1	5
939	1	8
940	2	4
941	0	6
942	2	6
943	1	5
944	1	6
945	2	4
946	2	7
947	2	3
948	2	4
949	4	1
950	0	7
951	1	2
952	1	1
953	1	4
954	5	7
955	1	6
956	1	3
957	1	2
958	0	1
959	1	8
960	0	5
961	3	5
962	3	3
963	1	5
964	1	2
965	0	8
966	0	1
967	3	3
968	1	5
969	2	3
970	1	4
971	0	6
972	3	5
973	1	3
974	1	1
975	2	4
976	2	6
977	0	2
978	0	3
979	1	13
980	0	5
981	0	4
982	0	5
983	1	6
984	1	1
985	0	5
986	0	11
987	3	6
988	2	4
989	0	3
990	2	2
991	1	8
992	1	5
993	1	7
994	3	3
995	0	3
996	1	6
997	0	2
998	0	5
999	2	3
1000	0	4
1001	2	5
1002	1	6
1003	2	6
1004	0	5
1005	0	4
1006	0	4
1007	3	6
1008	0	9
1009	0	6
1010	1	3
1011	0	2
1012	1	6
1013	3	4
1014	2	5
1015	2	7
1016	9	3
1017	2	3
1018	0	3
1019	3	7
1020	0	1
1021	5	1
1022	0	4
1023	0	2
1024	1	2
1025	0	3
1026	0	3
1027	1	1
1028	0	9
1029	0	7
1030	3	5
1031	2	2
1032	0	3
1033	0	5
1034	0	4
1035	1	3
1036	0	3
1037	0	3
1038	5	3
1039	4	5
1040	1	2
1041	1	5
1042	3	2
1043	0	4
1044	0	6
1045	0	2
1046	1	4
1047	1	5
1048	1	4
1049	2	6
1050	1	4
1051	1	4
1052	2	3
1053	0	6
1054	1	10
1055	1	4
1056	1	9
1057	1	3
1058	2	3
1059	0	7
1060	1	10
1061	1	3
1062	1	9
1063	1	7
1064	0	6
1065	2	4
1066	2	3
1067	2	4
1069	1	7
1070	1	9
1071	1	6
1072	0	5
1073	0	7
1074	1	5
1075	0	2
1076	1	5
1077	1	3
1078	0	5
1079	2	3
1080	1	4
1081	3	10
1082	0	10
1083	1	5
1084	0	5
1085	0	3
1086	3	8
1087	1	3
1088	2	6
1089	1	8
1090	1	4
1091	2	6
1092	0	6
1093	2	6
1094	0	4
1095	2	2
1096	1	5
1097	1	3
1098	0	4
1099	2	5
1100	1	4
1101	0	5
1102	1	2
1103	1	6
1104	2	3
1105	1	10
1106	1	2
1107	0	4
1108	0	6
1109	0	7
1110	1	4
1111	2	5
1112	0	5
1113	2	4
1114	1	4
1115	0	5
1116	1	8
1117	3	2
1118	3	3
1119	3	5
1120	0	2
1121	0	7
1122	1	4
1123	0	7
1124	3	4
1125	0	6
1126	2	2
1127	2	5
1128	1	4
1129	1	4
1130	0	7
1131	0	6
1132	1	8
1133	0	7
1134	1	7
1135	2	4
1136	2	1
1137	1	3
1138	2	3
1139	3	3
1140	1	4
1141	2	1
1142	1	3
1143	3	6
1144	1	7
1145	2	12
1146	1	5
1147	2	4
1148	1	4
1149	6	0
1150	2	6
1151	0	6
1152	1	4
1153	1	5
1154	1	6
1155	3	4
1156	0	5
1157	0	8
1158	1	6
1159	0	4
1160	0	3
1161	0	6
1162	1	6
1163	0	2
1164	0	2
1165	0	6
1166	2	6
1167	4	8
1168	1	7
1169	0	3
1170	0	3
1171	0	7
1173	1	7
1174	0	5
1175	2	5
1176	0	6
1177	1	3
1178	2	6
1179	5	6
1180	2	5
1181	4	7
1182	0	4
1183	1	8
1184	1	12
1185	0	5
1186	2	9
1187	1	2
1188	0	6
1189	1	10
1190	1	4
1191	0	3
1192	1	8
1193	0	3
1194	0	4
1195	1	6
1196	0	9
1197	1	5
1198	0	3
1199	1	7
1200	2	4
1201	4	6
1202	0	5
1203	2	9
1204	0	7
1205	0	8
1206	4	5
1207	1	4
1208	1	5
1209	1	8
1210	0	5
1211	0	5
1212	1	4
1213	1	3
1214	1	2
1215	2	6
1216	0	1
1217	1	8
1218	0	5
1219	1	3
1220	1	5
1221	0	3
1222	2	1
1223	1	4
1224	1	9
1225	1	7
1226	0	2
1227	2	6
1228	2	2
1229	2	5
1230	0	7
1231	1	7
1232	0	5
1233	1	6
1234	1	10
1235	1	6
1236	1	2
1238	0	3
1239	1	7
1240	1	4
1241	1	5
1242	0	4
1243	1	6
1244	1	4
1245	0	4
1246	0	11
1247	1	7
1248	0	7
1249	0	4
1250	1	5
1251	1	6
1252	3	5
1253	1	6
1254	2	2
1255	1	5
1256	2	0
1257	0	8
1258	1	6
1259	2	1
1260	5	5
1261	0	8
1262	0	7
1263	1	9
1264	4	5
1265	1	9
1266	1	6
1267	1	7
1268	2	7
1269	0	6
1270	2	6
1271	2	8
1272	2	5
1273	1	9
1274	2	9
1275	1	6
1276	1	4
1277	0	11
1278	2	6
1279	1	6
1280	6	5
1281	0	3
1282	0	4
1283	2	7
1284	0	8
1285	1	3
1286	1	7
1287	2	5
1288	1	6
1289	2	2
1290	1	9
1291	1	2
1292	1	3
1293	1	4
1294	1	4
1295	0	2
1296	1	9
1297	1	5
1298	0	1
1299	1	6
1300	0	4
1301	5	6
1302	0	7
1303	0	6
1304	1	3
1305	1	8
1306	0	6
1307	2	6
1308	2	6
1309	0	3
1310	1	1
1311	2	8
1312	2	4
1313	2	5
1314	2	5
1315	3	3
1316	3	2
1317	1	4
1318	0	9
1319	3	6
1320	0	4
1321	1	4
1322	0	7
1323	1	4
1324	1	16
1325	1	2
1326	5	4
1327	4	2
1328	0	4
1329	0	6
1330	4	6
1331	1	7
1332	0	12
1333	2	11
1334	1	8
1335	0	4
1336	1	8
1337	2	2
1338	2	3
1339	0	9
1340	0	9
1341	1	9
1342	2	4
1343	3	4
1344	1	5
1345	0	5
1346	0	7
1347	0	6
1348	1	3
1349	1	7
1350	1	9
1351	1	5
1352	0	9
1353	0	4
1354	1	8
1355	0	5
1356	0	8
1357	1	8
1358	2	4
1359	0	5
1360	0	2
1361	1	4
1362	0	7
1363	3	4
1364	1	5
1365	1	5
1366	3	4
1367	0	4
1368	3	5
1369	1	2
1370	0	4
1371	0	7
1372	1	3
1373	1	5
1374	3	6
1375	0	2
1376	2	2
1377	1	4
1378	1	1
1379	1	10
1380	2	5
1381	0	2
1382	3	4
1383	3	3
1384	5	7
1385	3	4
1386	2	3
1388	2	8
1389	0	4
1390	3	5
1391	0	6
1392	0	3
1393	0	3
1394	0	4
1395	0	2
1396	2	7
1397	0	4
1398	3	3
1399	0	9
1400	0	3
1401	0	3
1402	0	5
1403	0	9
1404	1	2
1405	0	3
1406	1	10
1407	3	4
1408	1	2
1409	0	3
1410	3	4
1411	2	1
1412	2	11
1413	0	5
1414	0	10
1415	5	6
1416	2	2
1417	0	4
1418	0	5
1419	2	5
1420	1	3
1421	2	1
1422	2	10
1423	1	3
1424	1	7
1425	0	6
1426	0	2
1427	0	5
1428	0	5
1429	0	5
1430	1	5
1431	0	6
1432	0	6
1433	0	5
1434	1	7
1435	0	3
1436	0	4
1437	0	4
1438	3	6
1439	1	5
1440	2	2
1441	0	8
1442	1	5
1443	2	4
1444	4	4
1445	1	5
1446	2	7
1447	2	5
1448	2	4
1449	0	8
1450	1	4
1451	0	5
1452	1	4
1453	0	2
1454	1	0
1455	3	3
1456	0	5
1457	1	5
1458	0	2
1459	1	3
1460	1	5
1461	1	7
1462	2	3
1463	0	6
1464	0	9
1465	0	6
1466	0	3
1467	1	5
1468	0	3
1469	1	6
1470	4	2
1471	1	4
1472	4	2
1473	1	4
1474	2	6
1475	1	2
1476	1	7
1477	0	2
1478	1	7
1479	1	6
1480	1	4
1481	0	3
1482	2	7
1483	0	7
1484	0	3
1485	0	2
1486	2	6
1487	0	2
1488	1	11
1489	0	4
1490	3	7
1491	0	7
1492	0	9
1493	1	5
1494	0	5
1495	0	6
1496	5	4
1497	6	3
1498	4	6
1499	1	5
1500	3	3
1501	2	7
1502	1	5
1503	3	5
1504	1	4
1505	0	4
1506	2	8
1507	3	7
1508	3	6
1509	1	6
1510	0	6
1511	1	4
1512	0	4
1513	0	6
1514	0	4
1515	3	4
1516	0	4
1517	1	7
1518	2	4
1519	1	2
1520	0	7
1521	1	7
1522	1	1
1523	5	3
1524	1	5
1525	0	6
1526	0	4
1527	0	8
1528	1	2
1529	0	3
1530	2	6
1531	0	2
1532	1	0
1533	1	8
1534	0	7
1535	0	5
1536	3	5
1537	1	6
1538	3	5
1539	1	3
1540	1	4
1541	4	1
1542	1	8
1543	2	5
1544	2	6
1545	0	5
1546	1	3
1547	4	6
1548	1	4
1549	1	9
1550	0	2
1551	0	7
1552	1	6
1553	2	11
1554	3	7
1555	1	4
1557	1	5
1558	2	6
1559	1	8
1560	0	3
1561	1	6
1562	0	7
1563	2	0
1564	1	4
1565	5	7
1566	4	4
1567	1	2
1568	1	9
1569	1	8
1570	0	7
1571	0	3
1572	0	2
1573	1	5
1574	3	2
1575	0	9
1576	0	8
1577	0	6
1578	0	11
1579	2	3
1580	0	2
1581	4	8
1582	1	2
1583	0	7
1584	1	5
1585	0	4
1586	1	7
1587	1	3
1588	0	8
1589	0	4
1590	1	6
1591	1	2
1592	0	2
1593	1	4
1594	0	4
1595	2	4
1596	1	3
1597	1	0
1598	2	6
1599	3	6
1600	0	3
1601	0	3
1602	0	4
1603	0	3
1604	2	10
1605	2	3
1606	0	5
1607	2	3
1608	4	5
1609	0	3
1610	1	2
1611	0	3
1612	1	1
1613	2	6
1614	1	3
1615	3	3
1616	3	3
1617	2	6
1618	2	6
1619	1	9
1620	1	7
1621	0	10
1622	1	11
1623	0	10
1624	0	3
1625	1	5
1626	0	6
1627	1	5
1628	1	5
1629	1	8
1630	1	7
1631	2	4
1632	1	8
1633	4	8
1634	2	7
1635	1	6
1636	1	5
1637	2	9
1638	2	6
1639	1	9
1640	0	8
1641	1	2
1642	1	8
1643	0	6
1644	0	9
1645	1	4
1646	1	2
1647	3	8
1648	0	4
1649	1	6
1650	0	7
1651	1	1
1652	1	6
1653	0	4
1654	0	3
1655	4	3
1656	1	10
1657	2	8
1658	0	5
1659	0	5
1660	3	8
1661	0	2
1662	1	7
1663	3	8
1664	5	4
1665	1	5
1666	0	7
1667	1	5
1668	9	6
1669	2	4
1670	0	2
1671	1	7
1672	2	6
1673	1	4
1674	1	0
1675	1	11
1676	0	4
1677	3	4
1678	3	7
1679	0	3
1680	3	7
1681	4	4
1682	3	7
1683	1	3
1684	1	5
1685	1	4
1686	0	4
1687	0	2
1688	1	4
1689	1	4
1690	0	3
1691	2	4
1692	1	3
1693	1	5
1694	3	3
1695	0	2
1696	2	5
1697	1	1
1698	0	4
1699	1	3
1700	3	3
1701	2	5
1702	0	4
1703	1	6
1704	0	7
1705	0	6
1706	0	2
1707	0	2
1708	0	6
1709	0	4
1710	0	8
1711	1	3
1712	1	6
1713	0	6
1714	0	7
1715	1	2
1716	0	6
1717	0	5
1718	1	7
1719	1	4
1720	1	6
1721	0	5
1722	2	5
1723	0	4
1724	0	1
1725	0	3
1726	1	2
1727	3	6
1728	1	6
1729	0	5
1730	1	8
1731	1	2
1732	1	4
1733	2	5
1734	4	1
1735	1	2
1736	0	6
1737	2	6
1738	0	10
1739	1	6
1740	2	6
1741	0	5
1742	2	6
1743	1	3
1744	1	5
1745	0	5
1746	2	4
1747	2	3
1748	1	2
1749	0	5
1750	0	3
1751	0	7
1752	3	2
1753	2	2
1754	1	4
1755	3	7
1756	1	2
1757	2	3
1758	0	9
1759	2	1
1760	0	2
1761	0	6
1762	1	4
1763	1	2
1764	3	5
1765	0	9
1766	0	8
1767	3	4
1768	1	1
1769	0	7
1770	0	3
1771	8	4
1772	1	7
1773	0	5
1774	2	5
1775	0	3
1776	3	0
1777	0	5
1778	1	3
1779	5	8
1780	3	8
1781	1	7
1782	1	2
1783	0	7
1784	0	1
1785	2	6
1786	2	5
1787	2	4
1788	1	7
1789	1	9
1790	0	5
1791	0	1
1792	1	6
1793	0	10
1794	0	4
1795	0	3
1796	0	4
1797	2	3
1798	1	8
1799	2	7
1800	0	3
1801	1	6
1802	0	3
1803	3	2
1804	1	7
1805	0	4
1806	1	4
1807	0	3
1808	0	4
1809	0	5
1810	2	5
1811	1	7
1812	1	3
1813	1	5
1814	0	2
1815	1	4
1816	0	5
1817	1	4
1818	1	4
1819	2	2
1820	4	5
1821	2	5
1822	0	4
1823	0	3
1824	0	4
1825	0	2
1826	0	2
1827	2	9
1828	1	4
1829	0	4
1830	2	6
1831	1	7
1832	2	0
1833	3	1
1834	4	2
1835	1	4
1836	0	3
1837	1	2
1838	1	6
1839	0	3
1841	2	6
1842	1	8
1843	0	3
1844	0	7
1845	1	4
1846	2	3
1847	0	1
1848	0	9
1849	0	2
1850	0	3
1851	1	2
1852	0	6
1853	0	2
1854	0	4
1855	0	14
1856	0	6
1857	1	6
1858	1	8
1859	2	5
1860	0	2
1861	0	3
1862	1	4
1863	1	4
1864	1	0
1865	0	3
1866	2	4
1867	1	5
1868	2	9
1869	2	3
1870	0	3
1871	2	5
1872	1	3
1873	1	5
1874	3	1
1875	0	2
1876	1	4
1877	1	3
1878	2	3
1879	1	4
1880	1	6
1881	0	6
1882	2	7
1883	2	4
1884	0	5
1885	0	6
1886	0	5
1887	3	7
1888	1	1
1889	0	1
1890	1	6
1891	1	4
1892	2	2
1893	0	3
1894	1	3
1895	2	6
1896	1	7
1897	0	5
1898	1	6
1899	1	3
1900	1	6
1901	0	9
1902	2	3
1903	3	11
1904	3	4
1905	3	7
1906	2	1
1907	0	5
1908	1	6
1909	0	4
1910	0	7
1911	1	3
1912	1	4
1913	1	7
1914	0	6
1915	2	5
1916	0	4
1917	0	2
1918	2	6
1919	0	2
1920	2	4
1921	5	3
1922	2	3
1923	7	3
1924	6	6
1925	4	2
1926	4	7
1927	1	5
1928	6	4
1929	1	4
1930	0	6
1931	1	5
1932	0	1
1933	2	8
1934	0	5
1935	1	4
1936	1	5
1937	3	9
1938	1	8
1939	2	8
1940	2	1
1941	0	4
1942	1	9
1943	2	2
1944	2	7
1945	1	3
1946	2	4
1947	0	6
1948	1	5
1949	0	5
1950	3	3
1951	0	5
1952	0	6
1953	0	4
1954	0	3
1955	1	7
1956	1	4
1957	0	7
1958	0	10
1959	0	7
1960	0	8
1961	0	7
1962	1	3
1963	0	6
1964	0	4
1965	2	6
1966	0	9
1967	1	12
1968	0	12
1969	0	3
1970	0	9
1971	1	5
1972	0	6
1973	0	7
1974	1	7
1975	2	4
1976	2	7
1977	2	3
1978	1	2
1979	0	3
1980	0	5
1981	0	7
1982	0	7
1983	4	4
1984	1	5
1985	0	5
1986	1	3
1987	0	3
1988	0	5
1989	1	4
1990	1	3
1991	0	7
1992	0	8
1993	1	9
1994	0	4
1995	3	5
1996	1	6
1997	0	8
1998	2	8
1999	1	9
2000	0	4
2001	0	6
2002	0	5
2003	1	11
2004	2	5
2005	0	8
2006	1	6
2007	0	9
2008	0	7
2009	0	4
2010	1	8
2011	1	3
2012	1	1
2013	2	5
2014	2	2
2015	6	4
2016	2	3
2017	2	1
2018	1	7
2019	0	5
2020	1	4
2021	1	4
2022	0	5
2023	0	4
2024	0	5
2025	1	7
2026	3	4
2027	0	10
2028	0	2
2029	0	5
2030	0	2
2031	0	2
2032	0	2
2033	1	8
2034	0	3
2035	0	3
2036	1	3
2037	0	5
2038	0	6
2039	0	4
2040	0	4
2041	2	7
2042	0	6
2043	0	5
2044	0	7
2045	0	8
2046	0	5
2047	1	6
2048	1	4
2049	1	6
2050	2	4
2051	3	3
2052	2	7
2053	1	4
2054	0	8
2055	3	9
2056	0	5
2057	1	2
2058	2	8
2059	1	4
2060	0	6
2061	2	5
2062	2	9
2063	3	1
2064	0	4
2065	2	9
2066	0	6
2067	0	7
2068	11	6
2069	0	2
2070	1	4
2071	1	6
2072	1	5
2073	0	3
2074	4	6
2075	0	10
2076	1	8
2077	1	4
2078	0	14
2079	1	4
2080	3	5
2081	0	14
2082	0	8
2083	0	6
2084	0	7
2085	0	5
2086	0	2
2087	1	4
2088	0	3
2089	1	6
2090	2	7
2091	1	5
2092	0	7
2093	1	3
2094	1	7
2095	1	8
2096	0	7
2097	0	8
2098	1	5
2099	0	11
2100	2	6
2101	0	4
2102	1	8
2103	1	5
2104	0	5
2105	4	3
2106	0	9
2107	2	7
2108	1	5
2109	4	8
2110	0	4
2111	0	2
2112	2	6
2113	0	6
2114	0	4
2115	1	9
2116	1	6
2117	0	2
2118	1	4
2119	2	8
2120	1	5
2121	0	9
2122	2	4
2123	0	9
2124	0	5
2125	0	3
2126	1	5
2127	0	4
2128	0	6
2129	1	6
2130	1	4
2131	1	2
2132	0	3
2133	0	3
2134	0	7
2135	2	1
2136	1	8
2137	0	6
2138	2	6
2139	0	3
2140	1	5
2141	2	11
2142	0	6
2143	1	5
2144	0	5
2145	3	8
2146	2	2
2147	0	7
2148	0	3
2149	0	11
2150	0	5
2151	4	4
2152	1	6
2153	4	8
2154	0	1
2155	0	6
2156	1	8
2157	0	5
2158	1	4
2159	0	1
2160	1	4
2161	0	5
2162	0	8
2163	1	10
2164	0	6
2165	1	3
2166	3	2
2167	3	3
2168	2	7
2169	2	3
2170	0	7
2171	0	2
2172	1	1
2173	1	3
2174	3	7
2175	0	4
2176	0	5
2177	0	5
2178	0	5
2179	0	6
2180	0	4
2181	0	3
2182	0	1
2183	1	8
2184	1	3
2185	0	8
2186	0	4
2187	0	4
2188	0	5
2189	1	5
2190	2	9
2191	2	3
2192	0	8
2193	1	6
2194	0	5
2195	2	6
2196	0	3
2197	0	6
2198	2	8
2199	1	4
2200	0	4
2201	0	2
2202	1	4
2203	1	2
2204	0	10
2205	1	5
2206	0	7
2207	2	4
2208	0	5
2209	1	4
2210	1	4
2211	0	4
2212	0	2
2213	1	4
2214	0	4
2215	0	6
2216	1	5
2217	0	2
2218	4	3
2219	2	6
2220	0	4
2221	1	6
2222	1	4
2223	1	7
2224	2	6
2225	5	5
2226	0	6
2227	0	6
2228	0	8
2229	0	10
2230	0	4
2231	0	7
2232	1	1
2233	1	4
2234	2	3
2235	0	8
2236	1	2
2237	0	2
2238	1	5
2239	3	3
2240	1	5
2241	1	8
2242	4	5
2243	5	4
2244	1	3
2245	0	9
2246	1	3
2247	0	3
2248	1	8
2249	1	0
2250	0	6
2251	0	6
2252	0	4
2253	0	7
2254	1	4
2255	0	4
2256	0	2
2257	1	3
2258	6	8
2259	6	4
2260	1	5
2261	14	3
2262	0	5
2263	0	7
2264	2	7
2265	1	4
2266	1	8
2267	0	6
2268	0	2
2269	0	6
2270	2	5
2271	0	11
2272	0	7
2273	1	3
2274	0	6
2275	2	7
2276	1	3
2277	0	13
2278	1	4
2279	0	3
2280	1	6
2281	0	2
2282	1	9
2283	4	4
2284	4	4
2285	2	9
2286	0	3
2287	1	6
2288	1	4
2289	0	3
2290	3	6
2291	2	9
2292	1	10
2293	0	5
2294	1	2
2295	1	6
2296	2	7
2297	5	3
2298	2	1
2299	1	1
2300	0	1
2301	0	4
2302	2	4
2303	2	4
2304	2	6
2305	3	8
2306	1	2
2307	2	5
2308	0	6
2309	0	5
2310	1	7
2311	1	4
2312	0	5
2313	2	4
2314	1	4
2315	2	4
2316	0	6
2317	2	3
2318	4	0
2319	1	2
2320	1	4
2321	4	4
2322	1	5
2323	1	7
2324	1	4
2325	2	6
2326	4	1
2327	1	8
2328	7	3
2329	1	3
2330	0	2
2331	1	5
2332	2	3
2333	2	2
2334	0	1
2335	0	2
2336	1	3
2337	0	6
2338	0	3
2339	3	3
2340	4	4
2341	5	0
2342	4	3
2343	2	4
2344	2	4
2345	0	2
2346	3	4
2347	0	4
2348	0	6
2349	1	4
2350	0	2
2351	0	6
2352	3	2
2353	3	3
2354	3	2
2355	4	9
2356	2	8
2357	5	1
2358	1	4
2359	1	2
2360	0	5
2361	1	2
2362	0	2
2363	2	6
2364	1	4
2365	1	6
2367	1	4
2368	4	4
2369	3	6
2370	0	5
2371	1	14
2372	1	3
2373	3	6
2374	2	7
2375	1	12
2376	2	5
2377	0	7
2378	0	7
2379	2	10
2380	0	5
2381	2	7
2382	0	7
2383	2	8
2384	2	10
2385	2	1
2386	0	5
2387	1	9
2388	0	6
2389	2	12
2390	6	7
2391	2	5
2392	3	6
2393	1	5
2394	1	8
2395	0	5
2396	0	7
2397	0	4
2398	0	6
2399	2	8
2400	3	2
2401	0	6
2402	1	3
2403	1	7
2404	1	4
2405	2	6
2406	0	4
2407	1	4
2408	1	6
2409	0	4
2410	1	3
2411	1	4
2412	0	4
2413	1	6
2414	1	2
2415	0	3
2416	0	5
2417	2	3
2418	1	3
2419	1	4
2420	1	5
2421	0	5
2422	0	4
2423	0	7
2424	2	3
2425	4	8
2426	0	7
2427	2	8
2428	3	5
2429	1	2
2430	2	6
2431	0	4
2432	0	1
2433	1	3
2434	0	6
2435	0	3
2436	0	4
2437	1	7
2438	2	7
2439	0	4
2440	1	4
2441	3	4
2442	0	2
2443	0	5
2444	1	3
2445	0	3
2446	2	4
2447	3	3
2448	0	4
2449	0	6
2450	1	4
2451	1	1
2452	0	5
2453	0	7
2454	0	5
2455	1	3
2456	2	6
2457	0	9
2458	0	10
2459	0	8
2460	3	6
2461	0	1
2462	1	2
2463	1	1
2464	0	8
2465	1	10
2466	2	5
2467	0	4
2468	0	5
2469	1	2
2470	0	7
2471	0	3
2472	2	1
2473	8	2
2474	2	3
2475	3	4
2476	4	4
2477	2	10
2478	1	10
2479	1	11
2480	0	4
2481	6	6
2482	1	8
2483	2	3
2484	1	6
2485	1	4
2486	0	4
2487	1	9
2488	2	6
2489	5	4
2490	0	11
2491	3	10
2492	2	6
2493	2	4
2494	2	4
2495	0	4
2496	3	3
2497	0	6
2498	1	5
2499	2	5
2500	0	6
2501	1	4
2502	0	10
2503	0	1
2504	2	5
2505	0	5
2506	1	4
2507	0	1
2508	1	2
2509	1	6
2510	0	3
2511	1	4
2512	0	2
2513	0	5
2514	1	6
2515	1	3
2516	4	9
2517	3	3
2518	3	2
2519	1	2
2520	3	8
2521	1	5
2522	1	3
2523	8	1
2524	3	7
2525	2	1
2526	0	3
2527	5	4
2528	3	5
2529	0	5
2530	4	5
2531	0	8
2532	0	4
2533	5	5
2534	0	4
2535	0	2
2536	4	8
2537	0	5
2538	1	2
2539	0	5
2541	2	2
2542	0	7
2543	1	8
2544	1	2
2545	1	3
2546	2	3
2547	0	4
2548	0	4
2549	0	5
2550	0	6
2551	1	5
2552	0	8
2553	1	1
2554	3	4
2555	1	5
2556	0	2
2557	0	2
2558	1	6
2559	1	6
2560	1	4
2561	1	10
2562	1	5
2563	0	1
2564	0	5
2565	2	4
2566	0	3
2567	3	4
2568	0	3
2569	0	5
2570	0	3
2571	3	5
2572	1	3
2573	2	2
2574	0	4
2575	3	5
2576	2	3
2577	1	5
2578	1	7
2579	2	6
2580	1	1
2581	1	1
2582	0	10
2583	0	5
2584	0	6
2585	0	5
2586	0	3
2587	3	5
2588	0	6
2589	0	3
2590	0	3
2591	2	4
2592	0	6
2593	2	5
2594	0	5
2595	0	7
2596	1	3
2597	0	12
2598	0	5
2599	0	4
2600	0	7
2601	1	6
2602	0	6
2603	4	7
2604	6	5
2605	1	3
2606	1	6
2607	0	3
2608	1	5
2609	0	6
2610	0	1
2611	2	6
2612	1	1
2613	2	3
2614	0	6
2615	0	2
2616	1	4
2617	1	5
2618	3	3
2619	0	3
2620	1	8
2621	0	7
2622	1	4
2623	0	5
2624	1	4
2625	8	4
2626	1	3
2627	0	6
2628	0	3
2629	3	4
2630	2	1
2631	0	5
2632	1	5
2633	1	4
2634	2	2
2635	0	4
2636	2	5
2637	1	5
2638	1	4
2639	1	4
2640	1	7
2641	1	1
2642	3	11
2643	1	2
2644	1	0
2645	0	4
2646	3	3
2647	2	5
2648	0	13
2649	0	9
2650	0	7
2651	1	8
2652	0	5
2653	1	7
2654	0	1
2655	1	4
2656	0	6
2657	0	10
2658	2	3
2659	0	4
2660	1	5
2661	1	8
2662	1	4
2663	1	1
2664	1	10
2665	1	5
2666	0	4
2667	0	6
2668	1	4
2669	1	5
2670	1	4
2671	0	4
2672	1	4
2673	1	6
2674	3	5
2675	2	8
2676	2	1
2677	0	2
2678	2	7
2679	0	5
2680	0	6
2681	0	7
2682	1	4
2683	1	4
2684	1	3
2685	2	3
2686	3	8
2687	1	5
2688	3	1
2689	1	8
2690	1	7
2691	1	4
2692	0	3
2693	1	7
2694	1	5
2695	0	3
2696	1	0
2697	1	8
2698	2	2
2699	1	5
2700	2	2
2701	2	1
2702	1	2
2703	1	4
2704	1	8
2705	1	2
2706	9	1
2707	1	3
2708	1	2
2709	0	6
2710	2	3
2711	1	1
2712	3	3
2713	0	7
2714	2	7
2715	8	3
2716	1	6
2717	0	4
2718	1	8
2719	1	7
2720	0	10
2721	0	2
2722	0	6
2723	1	4
2724	0	3
2725	0	3
2726	3	3
2727	0	5
2728	2	3
2729	0	4
2730	1	5
2731	0	7
2732	3	4
2733	0	3
2734	1	8
2735	3	3
2736	0	1
2737	1	5
2738	0	2
2739	0	7
2740	0	7
2741	2	6
2742	0	4
2743	1	10
2744	0	3
2745	0	6
2746	1	4
2747	0	1
2748	1	3
2749	0	8
2750	0	3
2751	0	4
2752	0	1
2753	0	5
2754	3	5
2755	2	2
2756	2	5
2757	3	5
2758	3	2
2759	1	2
2760	2	4
2761	0	3
2762	2	8
2763	0	6
2764	0	7
2765	2	2
2766	0	4
2767	0	7
2768	0	2
2769	0	8
2770	0	2
2771	1	5
2772	0	4
2773	2	3
2774	1	3
2775	1	2
2776	0	2
2777	1	4
2778	0	7
2779	1	3
2780	3	5
2781	1	4
2782	0	5
2783	1	4
2784	0	1
2785	1	2
2786	2	3
2787	1	5
2788	2	2
2789	3	2
2790	3	6
2791	4	5
2792	0	4
2793	2	3
2794	2	5
2795	0	6
2796	1	4
2797	2	6
2798	0	4
2799	1	1
2800	0	5
2801	1	4
2802	3	1
2803	2	5
2804	0	6
2805	0	8
2806	1	4
2807	3	4
2808	5	3
2809	4	2
2810	2	2
2811	4	4
2812	0	3
2813	0	8
2814	1	3
2815	1	4
2816	2	7
2817	0	6
2818	1	3
2819	0	6
2820	3	3
2821	1	6
2822	3	5
2823	0	1
2824	5	4
2825	0	3
2826	3	1
2827	0	4
2828	2	6
2829	0	8
2830	0	8
2831	1	10
2832	1	7
2833	0	5
2834	1	4
2835	0	3
2836	2	4
2837	4	6
2838	0	4
2839	1	5
2840	1	3
2841	0	4
2842	1	2
2843	0	6
2844	1	7
2845	0	3
2846	3	9
2847	2	5
2848	2	3
2849	0	6
2850	0	4
2851	0	4
2852	1	5
2853	3	7
2854	2	7
2855	0	8
2856	1	5
2857	2	2
2858	2	6
2859	1	2
2860	2	3
2861	1	7
2862	2	8
2863	2	4
2864	0	3
2865	2	13
2866	2	2
2867	1	5
2868	2	6
2869	1	2
2870	1	2
2871	3	5
2872	3	4
2873	1	4
2874	1	10
2875	2	6
2876	3	7
2877	1	4
2878	0	2
2879	1	3
2880	1	0
2881	2	5
2882	0	4
2883	1	4
2884	1	5
2885	1	2
2886	0	2
2887	0	6
2888	1	6
2889	2	5
2890	6	5
2891	2	8
2892	0	4
2893	1	1
2894	1	6
2895	1	3
2896	0	4
2897	0	7
2898	0	7
2899	0	4
2900	1	4
2901	2	6
2902	1	5
2903	0	5
2904	2	4
2905	0	5
2906	0	4
2907	2	7
2908	2	10
2909	1	4
2910	3	9
2911	0	4
2912	1	9
2913	0	1
2914	0	9
2915	0	5
2916	1	9
2917	5	5
2918	0	3
2919	2	7
2920	1	11
2921	3	7
2922	2	4
2923	3	4
2924	4	2
2925	2	1
2926	0	4
2927	0	7
2928	0	7
2929	0	3
2930	3	4
2931	2	1
2932	1	6
2933	1	3
2934	3	5
2935	2	2
2936	1	9
2937	1	3
2938	0	3
2939	2	7
2940	1	3
2941	1	3
2942	0	6
2943	1	5
2944	1	4
2945	3	6
2946	2	7
2947	2	3
2948	0	7
2949	0	6
2950	2	7
2951	1	8
2952	0	8
2953	1	9
2954	1	9
2955	3	4
2956	1	3
2957	2	5
2958	0	7
2959	1	7
2960	2	6
2961	1	6
2962	1	2
2963	2	9
2964	0	10
2965	0	5
2966	3	3
2967	0	4
2968	0	5
2969	0	4
2970	4	7
2971	4	7
2972	4	1
2973	0	4
2974	1	3
2975	1	9
2976	2	6
2977	1	4
2978	0	8
2979	2	8
2980	1	10
2981	0	8
2982	3	6
2983	0	3
2984	0	6
2985	0	12
2986	2	9
2987	0	7
2988	2	4
2989	0	5
2990	1	4
2991	0	6
2992	0	3
2993	1	7
2994	1	4
2995	0	6
2996	0	6
2997	0	7
2998	0	2
2999	6	5
3000	3	6
3001	0	7
3002	1	4
3003	0	5
3004	2	4
3005	0	3
3006	0	2
3007	0	3
3008	3	12
3009	1	3
3010	0	8
3011	1	8
3012	1	6
3013	1	6
3014	0	10
3015	0	5
3016	1	3
3017	1	5
3018	6	5
3019	4	7
3020	2	3
3021	0	3
3022	2	5
3023	1	1
3024	0	2
3025	2	7
3026	0	3
3027	1	9
3028	1	2
3029	0	8
3030	1	5
3031	0	4
3032	1	4
3033	2	5
3034	0	4
3035	1	7
3036	1	4
3037	0	4
3038	0	2
3039	0	4
3040	1	5
3041	0	3
3042	5	2
3043	0	5
3044	2	7
3045	1	4
3046	1	7
3047	1	4
3048	1	5
3049	1	1
3050	3	4
3051	0	8
3052	1	7
3053	4	4
3054	0	3
3055	1	3
3056	3	3
3057	1	6
3058	0	6
3059	1	2
3060	1	3
3061	1	5
3062	2	8
3063	0	2
3064	1	4
3065	3	4
3066	1	5
3067	0	4
3068	1	3
3069	1	3
3070	1	6
3071	0	8
3072	1	5
3073	1	3
3074	0	3
3075	1	1
3076	2	4
3077	1	5
3078	1	7
3079	4	4
3080	1	1
3081	1	5
3082	1	3
3083	1	4
3084	0	4
3085	2	6
3086	1	6
3087	0	5
3088	0	5
3089	0	3
3090	0	2
3091	1	5
3092	2	3
3093	1	3
3094	1	4
3095	1	1
3096	2	7
3097	4	2
3098	2	3
3099	1	7
3100	1	4
3101	1	6
3102	1	4
3103	3	5
3104	0	3
3105	0	4
3106	0	4
3107	1	4
3108	0	6
3109	0	5
3110	1	7
3111	1	4
3112	1	1
3113	0	2
3114	0	1
3115	0	1
3116	1	3
3117	4	3
3118	6	3
3119	6	5
3120	2	7
3121	4	7
3122	2	7
3123	0	4
3124	2	9
3125	2	3
3126	1	3
3127	3	9
3128	1	5
3129	1	3
3130	0	3
3131	1	4
3132	1	2
3133	1	1
3134	3	2
3135	0	4
3136	2	6
3137	2	3
3138	1	2
3139	2	3
3140	1	4
3141	5	1
3142	4	7
3143	2	4
3144	0	6
3145	3	3
3146	1	6
3147	2	4
3148	1	5
3149	0	5
3150	0	2
3151	1	5
3152	1	2
3153	0	4
3154	2	3
3155	1	3
3156	0	4
3157	2	3
3158	0	6
3159	0	5
3160	1	7
3161	0	5
3162	2	6
3163	2	5
3164	0	5
3165	0	10
3166	0	1
3167	0	5
3168	2	2
3169	0	5
3170	4	8
3171	1	6
3172	2	4
3173	2	4
3174	2	11
3175	0	4
3176	1	4
3177	1	4
3178	1	4
3179	1	3
3180	0	3
3181	1	7
3182	0	3
3183	1	2
3184	1	7
3185	1	4
3186	4	4
3187	2	5
3188	1	5
3189	4	6
3190	0	8
3191	0	6
3192	1	5
3193	1	4
3194	3	6
3195	0	5
3196	1	5
3197	0	5
3198	3	6
3199	1	8
3200	1	7
3201	2	6
3202	0	4
3203	0	5
3204	1	1
3205	2	5
3206	1	4
3207	0	7
3208	0	5
3209	0	3
3210	0	4
3211	0	5
3212	3	3
3213	0	2
3214	4	7
3215	0	3
3216	2	6
3217	0	1
3218	2	4
3219	1	7
3220	1	6
3221	1	5
3222	0	3
3223	1	2
3224	1	2
3225	4	5
3226	3	6
3227	0	2
3228	0	4
3229	0	3
3230	2	2
3231	1	2
3232	0	4
3233	1	3
3234	0	5
3235	0	2
3236	3	2
3237	0	3
3238	0	1
3239	2	5
3240	1	6
3241	2	4
3242	4	4
3243	1	1
3244	2	1
3245	0	6
3246	1	5
3247	1	2
3248	0	7
3249	1	3
3250	1	2
3251	0	5
3252	0	4
3253	0	7
3254	2	5
3255	0	5
3256	0	4
3257	0	3
3258	0	6
3259	4	5
3260	1	3
3261	2	5
3263	2	7
3264	1	5
3265	0	5
3266	1	1
3267	0	6
3268	1	6
3269	0	2
3270	3	0
3271	4	2
3272	0	6
3273	0	2
3274	0	9
3275	0	3
3276	0	4
3277	0	5
3278	3	2
3279	1	9
3280	1	4
3281	0	5
3282	1	5
3283	1	5
3284	1	4
3285	0	5
3286	0	4
3287	0	6
3288	0	1
3289	0	5
3290	1	4
3291	3	4
3292	0	1
3293	0	1
3294	1	1
3295	0	7
3296	1	5
3297	1	7
3298	0	5
3299	0	4
3300	1	7
3301	0	4
3302	2	4
3303	3	7
3304	0	3
3305	1	5
3306	6	5
3307	1	7
3308	4	3
3309	0	5
3310	6	6
3311	0	5
3312	0	4
3313	0	10
3314	1	5
3315	1	11
3316	1	6
3317	3	3
3318	1	6
3319	0	9
3320	0	4
3321	1	7
3322	2	12
3323	0	3
3324	0	9
3325	0	4
3326	2	3
3327	0	7
3328	1	4
3329	0	4
3330	0	2
3331	1	4
3332	0	4
3333	0	3
3334	1	5
3335	0	9
3336	1	4
3337	1	6
3338	1	6
3339	1	2
3340	1	4
3341	0	5
3342	0	1
3343	1	4
3344	3	6
3345	0	2
3346	1	5
3347	0	4
3349	0	1
3350	5	1
3351	2	4
3352	1	5
3353	2	3
3354	0	3
3355	2	5
3356	1	8
3357	1	8
3358	2	12
3359	2	5
3360	0	11
3361	1	6
3362	1	8
3363	1	2
3364	2	3
3365	0	5
3366	2	3
3367	0	3
3368	0	8
3369	3	3
3370	0	3
3371	0	2
3372	0	6
3373	2	2
3374	2	4
3375	0	3
3376	1	4
3377	1	4
3378	1	1
3379	0	3
3380	0	3
3381	1	8
3382	0	8
3383	1	7
3384	1	7
3385	1	3
3386	1	6
3387	0	5
3388	1	6
3389	1	2
3390	1	2
3391	0	9
3392	1	3
3393	1	4
3394	1	6
3395	0	1
3396	3	6
3397	0	7
3398	0	4
3399	2	7
3400	0	7
3401	1	1
3402	4	4
3403	0	3
3404	3	7
3405	0	11
3406	4	2
3407	1	4
3408	0	4
3409	0	1
3410	0	2
3411	0	2
3412	0	1
3413	0	5
3414	0	2
3415	1	2
3416	1	3
3417	0	4
3418	0	4
3419	2	6
3420	0	4
3421	0	2
3422	0	6
3423	0	7
3424	0	4
3425	1	3
3426	0	3
3427	0	1
3428	1	2
3429	0	5
3430	2	6
3431	0	5
3432	2	5
3433	0	1
3434	0	3
3435	0	4
3436	0	3
3437	0	4
3438	0	9
3439	0	4
3440	0	2
3441	0	7
3442	1	5
3443	1	3
3444	0	3
3445	0	1
3446	1	5
3447	1	8
3448	0	5
3449	0	4
3450	3	3
3451	1	3
3452	0	3
3453	0	4
3454	1	5
3455	1	2
3456	1	2
3457	0	2
3458	0	4
3459	0	4
3460	0	5
3461	0	1
3462	1	6
3463	1	8
3464	1	5
3465	1	1
3466	0	2
3467	0	4
3468	1	2
3469	1	2
3470	0	7
3471	0	4
3472	0	2
3473	0	4
3474	2	5
3475	0	3
3476	1	3
3477	0	2
3478	1	4
3479	0	6
3480	0	1
3481	0	6
3482	0	2
3483	0	7
3484	1	3
3485	0	2
3486	0	2
3487	1	5
3488	0	4
3489	1	4
3490	0	3
3491	2	5
3492	0	6
3493	1	3
3494	0	7
3495	1	6
3496	0	6
3497	0	2
3498	0	5
3499	2	10
3500	1	5
3501	1	1
3502	1	1
3503	0	2
3504	1	3
3505	0	3
3506	0	3
3507	1	6
3508	4	3
3509	2	4
3510	0	4
3511	0	2
3512	1	5
3513	1	5
3514	0	5
3515	0	5
3516	1	4
3517	0	2
3518	0	2
3519	1	9
3520	2	2
3521	1	10
3522	3	7
3523	2	6
3524	0	7
3525	0	7
3526	2	5
3527	1	7
3528	1	8
3529	0	2
3530	0	3
3531	0	2
3532	4	3
3533	0	2
3534	0	4
3535	0	2
3536	1	4
3537	2	11
3538	1	7
3539	2	5
3540	0	4
3541	0	5
3542	1	3
3543	1	4
3544	0	7
3545	1	5
3546	0	5
3547	0	4
3548	1	3
3549	0	4
3550	1	10
3551	2	3
3552	0	5
3553	1	3
3554	1	3
3555	0	4
3556	0	5
3557	1	8
3558	1	4
3559	1	8
3560	2	4
3561	0	2
3562	1	6
3563	0	3
3564	1	4
3565	0	8
3566	2	1
3567	1	6
3568	0	6
3569	0	5
3570	0	3
3571	0	4
3572	0	5
3573	2	2
3574	0	5
3575	0	7
3576	0	9
3577	0	2
3578	1	6
3579	0	1
3580	0	2
3581	0	4
3582	1	3
3583	1	9
3584	1	6
3585	1	2
3586	0	4
3587	0	4
3588	2	3
3589	0	6
3590	1	4
3591	2	4
3592	0	4
3593	0	1
3594	0	2
3595	0	6
3596	2	6
3597	0	6
3598	0	7
3599	0	8
3600	0	3
3601	0	5
3602	1	1
3603	1	2
3604	0	5
3605	0	3
3606	0	6
3607	0	3
3608	0	8
3609	0	3
3610	0	1
3611	0	4
3612	1	5
3613	1	4
3614	1	3
3615	2	6
3616	1	7
3617	0	7
3618	0	5
3619	1	9
3620	2	1
3621	2	3
3622	0	4
3623	1	2
3624	0	2
3625	1	4
3626	1	3
3627	1	4
3628	0	3
3629	1	5
3630	1	6
3631	2	3
3632	0	2
3633	1	2
3634	1	2
3635	0	2
3636	1	8
3637	1	4
3638	1	5
3639	0	6
3640	0	5
3641	0	5
3642	0	4
3643	1	2
3644	2	4
3645	1	7
3646	0	3
3647	1	5
3648	0	9
3649	0	9
3650	0	4
3651	1	8
3652	0	11
3653	1	4
3654	2	4
3655	0	4
3656	0	9
3657	0	3
3658	1	5
3659	2	2
3660	2	4
3661	0	4
3662	0	3
3663	0	4
3664	2	4
3665	0	6
3666	3	7
3667	2	2
3668	2	6
3669	2	2
3670	2	2
3671	2	8
3672	0	8
3673	1	0
3674	0	3
3675	1	6
3676	1	5
3677	1	4
3678	0	10
3679	4	5
3680	1	4
3681	1	3
3682	1	3
3683	0	3
3684	0	5
3685	0	4
3686	3	3
3687	0	2
3688	1	0
3689	0	9
3690	1	4
3691	1	4
3692	2	5
3693	1	2
3694	0	3
3695	0	6
3696	1	8
3697	0	4
3698	0	3
3699	0	4
3700	0	5
3701	2	3
3702	1	3
3703	1	2
3704	3	1
3705	1	2
3707	3	1
3708	0	3
3709	1	4
3710	0	4
3711	0	5
3712	2	7
3713	0	6
3714	0	3
3715	0	4
3716	2	9
3717	0	8
3718	0	4
3719	1	4
3720	0	8
3721	0	1
3722	6	4
3723	1	2
3724	2	2
3725	3	4
3726	0	3
3727	1	6
3728	0	1
3729	0	5
3730	1	8
3731	1	5
3732	0	10
3733	1	9
3734	1	5
3735	0	7
3736	0	5
3737	0	4
3738	1	6
3739	0	2
3740	3	6
3741	0	6
3742	2	5
3743	1	3
3744	1	10
3745	3	10
3746	0	3
3747	1	6
3748	0	5
3749	1	6
3750	0	4
3751	2	4
3752	1	4
3753	0	7
3754	1	5
3755	0	5
3756	2	5
3757	0	6
3758	0	5
3759	2	2
3760	0	1
3761	3	4
3762	2	3
3763	3	2
3764	4	3
3765	1	6
3766	0	3
3767	1	2
3768	1	6
3769	0	3
3770	1	8
3771	0	2
3772	1	5
3773	0	4
3774	1	0
3775	1	2
3776	1	10
3777	0	1
3778	1	5
3779	0	5
3780	2	2
3781	2	4
3782	1	5
3783	0	3
3784	0	6
3785	0	11
3786	1	0
3787	2	3
3788	3	6
3789	0	3
3790	0	4
3791	1	3
3792	2	2
3793	2	8
3794	0	1
3795	2	6
3796	0	8
3797	2	10
3798	0	3
3799	1	4
3800	1	3
3801	3	4
3802	1	4
3803	1	4
3804	1	8
3805	4	9
3806	2	5
3807	0	1
3808	0	6
3809	1	5
3810	2	4
3811	0	9
3812	1	1
3813	2	4
3814	1	4
3815	1	5
3816	2	5
3817	1	4
3818	5	3
3819	1	5
3820	2	7
3821	1	4
3822	1	3
3823	3	3
3824	3	3
3825	0	4
3826	1	5
3827	0	2
3828	0	9
3829	0	8
3830	0	7
3831	2	5
3832	1	4
3833	3	5
3834	1	5
3835	2	7
3836	2	6
3837	1	3
3838	6	3
3839	1	4
3840	1	5
3841	1	6
3842	0	3
3843	4	2
3844	4	2
3845	6	2
3846	2	8
3847	1	2
3848	0	5
3849	4	6
3850	3	3
3851	1	2
3852	0	6
3853	0	8
3854	0	6
3855	3	4
3856	0	5
3857	1	3
3858	0	11
3860	2	4
3861	0	5
3862	0	4
3863	1	3
3864	1	3
3865	2	2
3867	2	5
3868	0	2
3869	0	4
3870	0	2
3871	2	7
3872	1	4
3873	0	4
3874	0	1
3875	0	2
3876	0	4
3877	1	1
3878	0	1
3879	1	3
3880	3	3
3881	1	5
3882	0	3
3883	1	2
3884	4	4
3885	2	6
3886	1	7
3887	0	5
3888	2	4
3889	2	6
3890	0	3
3891	0	6
3892	0	2
3893	0	5
3894	0	2
3895	0	7
3896	2	4
3897	0	4
3898	1	5
3899	4	6
3900	1	8
3901	0	7
3902	1	4
3903	2	3
3904	0	3
3905	0	6
3906	0	2
3907	3	4
3908	0	8
3909	1	3
3910	2	5
3911	0	10
3912	1	6
3913	1	2
3914	0	3
3915	0	2
3916	1	6
3917	0	6
3918	1	8
3919	0	2
3920	0	2
3921	1	7
3922	4	3
3923	0	11
3924	3	9
3925	1	7
3926	1	4
3927	0	8
3928	1	5
3929	2	10
3930	1	10
3931	2	7
3932	1	5
3933	1	2
3934	0	7
3935	1	10
3936	0	3
3937	0	2
3938	0	7
3939	1	4
3940	1	4
3941	0	3
3942	2	6
3943	5	5
3944	5	0
3945	1	4
3946	0	3
3947	1	2
3948	1	1
3949	0	6
3950	0	3
3951	1	6
3952	0	5
3953	1	7
3954	2	3
3955	0	8
3956	3	8
3957	1	2
3958	1	6
3959	0	4
3960	2	5
3961	1	4
3962	0	8
3963	1	3
3964	4	4
3965	1	4
3966	1	4
3967	1	4
3968	0	3
3969	0	5
3970	0	3
3971	0	4
3972	1	2
3973	1	6
3974	0	5
3975	1	5
3976	0	4
3977	2	3
3978	1	6
3979	2	3
3980	0	4
3981	2	8
3982	1	5
3983	0	5
3984	0	5
3985	0	6
3986	0	3
3987	1	4
3988	1	4
3989	1	6
3990	2	7
3991	0	6
3992	0	2
3993	1	6
3994	3	2
3995	2	6
3996	0	3
3997	1	3
3998	1	2
3999	0	4
4000	0	5
4001	0	3
4002	0	3
4003	1	5
4004	0	5
4005	0	5
4006	1	3
4007	0	4
4008	1	4
4009	1	3
4010	1	4
4011	2	6
4012	0	1
4013	1	7
4014	0	4
4015	1	2
4016	0	8
4017	0	5
4018	1	2
4019	2	7
4020	0	4
4021	0	10
4022	1	4
4023	2	5
4024	0	2
4025	0	4
4026	0	3
4027	0	3
4028	0	4
4029	0	7
4030	1	4
4031	0	2
4032	0	1
4033	0	3
4034	0	2
4035	1	7
4036	3	4
4037	2	5
4038	3	2
4039	1	4
4040	2	3
4041	5	4
4042	2	3
4043	1	6
4044	2	4
4045	1	8
4046	0	4
4047	0	2
4048	1	5
4049	0	8
4050	2	8
4051	0	7
4052	0	3
4053	1	4
4054	0	4
4055	2	9
4056	1	6
4057	1	6
4058	1	6
4059	1	3
4060	1	6
4061	1	1
4062	0	3
4063	1	6
4064	1	8
4065	1	3
4066	0	1
4067	2	5
4068	0	3
4069	0	4
4070	0	4
4071	0	5
4072	4	5
4073	2	3
4074	0	5
4075	3	7
4076	0	6
4077	0	3
4078	0	2
4079	1	8
4080	2	5
4081	0	10
4082	1	7
4083	1	2
4084	2	6
4085	3	5
4086	3	3
4087	3	7
4088	0	7
4089	1	9
4090	0	7
4091	2	5
4092	0	5
4093	0	3
4094	1	4
4095	0	4
4096	0	4
4097	3	6
4098	1	3
4099	0	5
4100	1	4
4101	0	5
4102	0	2
4103	0	5
4104	2	9
4105	1	5
4106	1	3
4107	4	6
4108	2	5
4109	2	4
4110	1	4
4111	1	2
4112	0	5
4113	0	8
4114	1	7
4115	0	2
4116	0	4
4117	1	2
4118	1	6
4119	1	8
4120	0	8
4121	0	7
4122	1	6
4123	2	7
4124	1	5
4125	1	2
4126	1	7
4127	1	2
4128	0	7
4129	4	3
4130	1	2
4131	1	7
4132	1	8
4133	1	9
4134	0	10
4135	0	4
4136	1	4
4137	2	3
4138	1	5
4139	0	8
4140	0	5
4141	0	4
4142	1	6
4143	0	4
4144	1	5
4146	1	4
4147	2	7
4148	0	4
4149	1	6
4150	0	4
4151	0	12
4152	0	4
4153	1	4
4154	0	7
4155	0	2
4156	3	2
4157	5	6
4158	2	4
4159	0	8
4160	2	3
4161	1	4
4162	0	3
4163	1	2
4164	0	7
4165	1	8
4166	1	7
4167	1	4
4168	1	3
4169	2	4
4170	1	5
4171	3	5
4172	1	6
4173	1	9
4174	1	5
4175	4	4
4176	1	1
4177	1	2
4178	0	3
4179	2	5
4180	1	4
4181	0	9
4182	0	4
4183	0	1
4184	0	10
4185	2	4
4186	0	3
4187	1	4
4188	0	2
4189	2	5
4190	1	6
4191	0	4
4192	0	4
4193	2	5
4194	0	5
4195	1	6
4196	0	5
4197	1	4
4198	3	0
4199	1	2
4200	0	2
4201	1	6
4202	1	3
4203	0	5
4204	0	7
4205	1	3
4206	1	5
4207	3	1
4208	0	2
4209	0	9
4210	1	2
4211	0	5
4212	3	4
4213	0	7
4214	1	5
4215	0	8
4216	0	5
4217	0	2
4218	0	8
4219	0	4
4220	5	13
4221	0	4
4222	4	7
4223	0	5
4224	1	6
4225	1	10
4226	0	6
4227	0	6
4228	0	4
4229	0	5
4230	0	3
4231	1	4
4232	2	5
4233	0	5
4234	4	3
4235	6	4
4236	2	4
4237	2	9
4238	6	5
4239	4	6
4240	3	3
4241	3	1
4242	8	4
4243	2	5
4244	4	2
4245	1	9
4246	0	5
4247	0	3
4248	1	6
4249	1	2
4250	0	3
4251	0	6
4252	1	10
4253	0	5
4254	0	8
4255	0	1
4256	0	2
4257	1	5
4258	2	3
4259	0	5
4260	0	3
4261	2	7
4262	1	7
4263	2	0
4264	0	4
4265	1	4
4266	1	3
4267	0	8
4268	0	3
4269	2	6
4270	0	8
4271	0	6
4272	0	4
4273	2	4
4274	2	6
4275	1	5
4276	1	2
4277	0	2
4278	2	1
4279	4	2
4280	2	5
4281	2	4
4282	3	4
4283	0	2
4284	1	2
4285	0	3
4286	0	4
4287	0	4
4288	2	5
4289	0	2
4290	2	3
4291	2	8
4292	2	3
4293	0	4
4294	1	5
4295	1	1
4296	0	10
4297	1	5
4298	2	5
4299	0	7
4300	1	3
4301	1	4
4302	0	3
4303	1	4
4304	0	4
4305	5	3
4306	1	7
4307	1	4
4308	0	6
4309	3	7
4310	0	11
4311	1	7
4312	0	7
4313	2	8
4314	1	6
4315	2	10
4316	1	5
4317	0	3
4318	0	8
4319	2	5
4320	0	10
4321	1	6
4322	3	9
4323	0	4
4324	1	8
4325	2	4
4326	2	2
4327	0	4
4328	1	2
4329	1	14
4330	0	6
4331	0	8
4332	3	6
4333	1	8
4334	5	3
4335	0	9
4336	0	2
4337	2	5
4338	3	4
4339	2	3
4340	0	3
4341	0	5
4342	0	10
4343	1	5
4344	1	4
4345	1	9
4346	2	10
4347	1	7
4348	1	6
4349	2	7
4350	0	6
4351	2	5
4352	1	5
4353	0	9
4354	1	6
4355	1	19
4356	0	8
4357	0	10
4358	2	3
4359	2	4
4360	0	6
4361	1	6
4362	2	11
4363	0	2
4364	0	2
4365	0	4
4366	0	7
4367	0	6
4368	0	3
4369	0	6
4370	0	8
4371	0	5
4372	0	3
4373	0	1
4374	2	6
4375	0	6
4376	0	9
4377	0	3
4378	2	5
4379	0	5
4380	1	3
4381	0	5
4382	3	5
4383	0	7
4384	1	3
4385	0	2
4386	0	6
4387	1	5
4388	1	2
4389	0	2
4390	0	5
4391	2	6
4392	0	2
4393	0	5
4394	0	4
4395	1	1
4396	1	7
4397	2	4
4398	0	7
4399	0	3
4400	0	3
4401	0	11
4402	0	6
4403	1	6
4404	2	6
4405	0	9
4406	3	2
4407	1	1
4408	1	4
4409	0	4
4410	0	4
4411	2	6
4412	1	5
4413	0	4
4414	0	5
4415	3	1
4416	0	2
4417	1	5
4418	1	6
4419	0	4
4420	0	4
4421	1	9
4422	1	5
4423	0	4
4424	0	4
4425	0	8
4426	2	7
4427	2	6
4428	0	5
4429	0	5
4430	0	6
4431	2	9
4432	4	8
4433	0	7
4434	1	7
4435	0	5
4436	1	7
4437	1	2
4438	0	6
4439	0	8
4440	1	5
4441	1	6
4442	0	3
4443	3	5
4444	0	3
4445	1	6
4446	0	4
4447	0	2
4448	0	4
4449	0	3
4450	1	3
4451	0	8
4452	0	1
4453	1	2
4454	1	7
4455	0	3
4456	3	5
4457	2	1
4458	0	4
4459	1	6
4460	0	1
4461	0	5
4462	3	3
4463	2	3
4464	1	4
4465	0	3
4466	0	5
4467	2	6
4468	0	6
4469	1	5
4470	1	6
4471	2	3
4472	1	8
4473	1	2
4474	2	8
4475	0	6
4476	3	4
4477	2	8
4478	1	2
4479	2	9
4480	1	6
4481	0	7
4482	1	5
4483	0	9
4484	1	6
4485	1	6
4486	2	12
4487	0	6
4488	1	9
4489	1	9
4490	0	7
4491	2	6
4492	1	7
4493	0	5
4494	1	10
4495	0	7
4496	1	7
4497	1	2
4498	0	7
4499	0	7
4500	0	6
4501	1	9
4502	1	9
4503	1	5
4504	2	7
4505	2	5
4506	1	3
4507	6	6
4508	2	4
4509	4	3
4510	2	3
4511	3	9
4512	2	3
4513	4	4
4514	2	8
4515	3	3
4516	0	3
4517	0	13
4518	3	8
4519	0	4
4520	1	7
4521	1	4
4522	4	6
4523	1	10
4524	0	4
4525	2	5
4526	0	8
4527	3	6
4528	2	7
4529	2	6
4530	0	8
4531	1	4
4532	1	10
4533	0	4
4534	1	9
4535	1	4
4536	0	8
4537	3	5
4538	1	11
4539	0	9
4540	0	2
4541	2	3
4542	0	3
4543	0	2
4544	0	3
4545	3	6
4546	0	1
4547	0	4
4548	0	4
4549	2	5
4550	3	2
4551	0	8
4552	1	4
4553	0	8
4554	2	4
4555	0	4
4556	0	4
4557	1	6
4558	1	8
4559	7	6
4560	3	5
4561	4	4
4562	1	5
4563	1	5
4564	1	3
4565	2	9
4566	3	5
4567	0	6
4568	0	8
4569	2	10
4570	1	14
4571	0	8
4572	1	9
4573	3	5
4574	1	5
4575	0	6
4576	1	6
4577	1	4
4578	0	9
4579	2	9
4580	0	3
4581	4	5
4582	2	6
4583	2	5
4584	2	6
4585	3	4
4586	2	3
4587	5	8
4588	0	8
4589	0	9
4590	3	3
4591	0	1
4592	0	5
4593	9	5
4594	0	4
4595	1	9
4596	0	2
4597	1	6
4598	2	2
4599	1	6
4600	2	2
4601	0	7
4602	0	4
4603	1	6
4604	2	3
4605	0	2
4606	0	3
4607	0	4
4608	1	4
4609	1	4
4610	0	4
4611	0	6
4612	4	6
4613	1	2
4614	1	0
4615	0	3
4616	0	4
4617	2	3
4618	0	2
4619	1	6
4620	2	3
4621	1	4
4622	0	6
4623	1	10
4624	2	6
4625	1	8
4626	1	5
4627	0	7
4628	0	4
4629	1	2
4630	0	2
4631	0	5
4632	1	3
4633	0	3
4634	0	5
4635	2	4
4636	1	9
4637	1	7
4638	1	10
4639	0	10
4640	0	7
4641	1	8
4642	2	5
4643	0	8
4644	0	9
4645	0	10
4646	1	8
4647	0	3
4648	0	5
4649	0	7
4650	2	5
4651	1	6
4652	4	8
4653	0	6
4654	0	5
4655	0	2
4656	0	1
4657	3	4
4658	1	2
4659	1	4
4660	2	4
4661	1	6
4662	2	4
4663	0	6
4664	0	5
4665	0	8
4666	1	7
4667	2	2
4668	0	6
4669	0	2
4670	4	10
4671	1	2
4672	2	5
4673	1	6
4674	1	7
4675	0	5
4676	1	5
4677	1	5
4678	1	3
4679	1	3
4680	5	8
4681	0	4
4682	2	2
4683	1	3
4684	1	6
4685	0	4
4686	0	4
4687	2	1
4688	0	5
4689	2	4
4690	2	3
4691	1	1
4692	0	6
4693	1	3
4694	0	6
4695	1	2
4696	0	4
4697	0	4
4698	1	5
4699	0	3
4700	1	9
4701	1	5
4702	0	6
4703	1	5
4704	1	4
4705	0	6
4706	2	9
4707	2	3
4708	1	12
4709	0	10
4710	0	8
4711	0	4
4712	1	5
4713	1	3
4714	1	3
4715	1	10
4716	0	5
4717	3	6
4718	0	5
4719	1	3
4720	1	4
4721	1	8
4722	1	3
4723	0	5
4724	1	2
4725	0	3
4726	3	8
4727	1	2
4728	1	4
4729	1	5
4730	0	2
4731	0	1
4732	1	7
4733	0	5
4734	0	3
4735	0	4
4736	0	7
4737	2	5
4738	0	3
4739	0	1
4740	0	7
4741	0	9
4742	3	7
4743	4	9
4744	4	4
4745	1	7
4746	2	6
4747	2	9
4748	0	2
4749	0	4
4750	0	2
4751	0	5
4752	0	1
4753	0	3
4754	1	7
4755	0	5
4756	1	5
4757	0	5
4758	0	8
4759	1	3
4760	0	4
4761	0	3
4762	0	9
4763	0	7
4764	0	6
4765	1	4
4766	1	4
4767	1	3
4768	1	5
4769	0	5
4770	1	5
4771	1	2
4772	4	7
4773	1	7
4774	0	6
4775	0	2
4776	1	3
4777	0	1
4778	5	3
4779	7	2
4780	7	3
4781	2	4
4782	2	8
4783	0	5
4784	0	4
4785	2	4
4786	2	8
4787	0	1
4788	1	8
4789	0	3
4790	0	3
4791	0	3
4792	1	4
4793	1	5
4795	2	5
4796	2	6
4797	1	7
4798	2	7
4799	6	5
4800	2	9
4801	0	3
4802	0	8
4803	4	3
4804	1	6
4805	2	5
4806	1	0
4807	2	2
4808	0	5
4809	1	6
4810	0	4
4811	1	1
4812	0	3
4813	2	14
4814	1	2
4815	0	5
4816	0	3
4817	1	4
4818	1	7
4819	3	2
4820	2	5
4821	0	6
4822	0	5
4823	2	7
4824	2	7
4825	0	4
4826	0	8
4827	1	2
4828	1	3
4829	1	7
4830	2	4
4831	2	2
4832	1	4
4833	1	4
4834	0	3
4835	0	9
4836	1	3
4837	1	3
4838	4	4
4839	0	5
4840	0	7
4841	0	14
4842	2	8
4843	1	11
4844	0	9
4845	1	5
4846	1	3
4847	0	6
4848	1	6
4849	1	4
4850	0	6
4852	0	9
4853	2	4
4854	0	4
4855	1	3
4856	0	4
4857	1	2
4858	1	4
4859	1	1
4860	1	1
4861	1	9
4862	3	5
4863	3	6
4864	2	4
4865	0	1
4866	0	2
4867	0	8
4868	1	5
4869	1	4
4870	1	8
4871	0	4
4872	0	5
4873	0	2
4874	3	7
4875	0	2
4876	1	6
4877	2	4
4878	1	5
4879	0	3
4880	1	4
4881	2	2
4882	0	5
4883	1	3
4884	1	3
4885	2	2
4886	1	4
4887	1	3
4888	1	6
4889	0	9
4890	1	1
4891	0	2
4892	6	6
4893	1	14
4894	0	5
4895	2	9
4896	0	6
4897	2	11
4898	1	9
4899	0	5
4900	3	4
4901	0	4
4902	1	7
4903	1	6
4904	0	7
4905	0	4
4906	1	7
4907	1	4
4908	0	4
4909	1	8
4910	1	2
4911	2	4
4912	2	1
4913	4	4
4914	3	1
4915	5	5
4916	0	5
4917	1	0
4918	0	2
4919	1	5
4920	0	10
4921	0	7
4922	0	5
4923	5	2
4924	3	8
4925	0	2
4926	1	7
4927	1	2
4928	1	5
4929	0	7
4930	0	2
4931	7	7
4932	2	2
4933	4	5
4934	0	7
4935	0	4
4936	0	7
4937	1	3
4938	0	5
4939	0	5
4940	0	7
4941	2	8
4942	0	5
4943	0	5
4944	0	4
4945	1	6
4946	0	4
4947	0	4
4948	0	5
4949	2	3
4950	10	4
4951	3	4
4952	2	5
4953	1	2
4954	1	5
4955	1	3
4956	0	6
4957	1	4
4958	1	4
4959	2	6
4960	2	3
4961	1	2
4962	2	5
4963	1	7
4964	2	2
4965	0	8
4966	4	6
4967	2	6
4968	3	6
4969	1	1
4970	0	5
4971	2	5
4972	0	2
4973	2	4
4974	1	3
4975	0	4
4976	2	2
4977	1	5
4978	1	5
4979	0	3
4980	0	3
4981	0	3
4982	1	6
4983	2	3
4984	0	4
4985	0	2
4986	1	9
4987	0	8
4988	2	3
4989	2	6
4990	0	5
4991	0	1
4992	0	3
4993	3	1
4994	1	4
4995	0	1
4996	0	4
4997	4	7
4998	0	2
4999	2	4
5000	1	4
5001	1	6
5002	1	7
5003	0	5
5004	0	4
5005	2	3
5006	9	6
5007	1	4
5008	1	4
5009	2	7
5010	2	2
5011	2	6
5012	1	6
5013	2	4
5014	1	5
5015	2	4
5016	1	1
5017	2	5
5018	0	4
5019	0	9
5020	0	5
5021	0	5
5022	0	5
5023	1	6
5024	4	6
5025	1	5
5026	1	4
5027	0	2
5028	0	5
5029	1	3
5030	1	1
5031	0	8
5032	0	3
5033	2	3
5034	0	4
5035	1	5
5036	0	3
5037	1	5
5038	0	6
5039	0	5
5040	0	4
5041	0	8
5042	2	7
5043	1	4
5044	1	7
5045	0	6
5046	0	6
5047	1	4
5048	2	7
5049	1	5
5050	0	4
5051	3	3
5052	2	8
5053	1	6
5054	1	4
5055	0	7
5056	1	7
5057	1	7
5058	0	4
5059	0	8
5060	2	5
5061	0	7
5062	0	5
5063	1	7
5064	0	7
5065	0	7
5066	2	7
5067	0	2
5068	0	3
5069	0	2
5070	3	1
5071	1	5
5072	1	2
5073	1	5
5074	0	3
5075	1	5
5076	2	4
5077	0	5
5078	1	3
5079	0	4
5080	0	7
5081	2	5
5082	0	3
5083	0	2
5084	4	6
5085	2	4
5086	2	2
5087	2	4
5088	4	1
5089	0	4
5090	1	3
5091	0	6
5092	1	3
5093	0	1
5094	1	0
5095	2	3
5096	0	3
5097	0	2
5098	0	4
5099	5	4
5100	1	8
5101	4	2
5102	1	2
5103	8	4
5104	0	3
5105	1	4
5106	2	3
5107	1	13
5108	2	8
5109	0	4
5110	3	1
5111	1	3
5112	2	9
5113	1	8
5114	1	9
5115	0	4
5116	1	7
5117	1	3
5118	1	4
5119	1	3
5120	1	6
5121	2	9
5122	0	7
5123	0	6
5124	0	8
5125	0	4
5126	0	4
5127	0	9
5128	1	4
5129	1	7
5130	2	10
5131	1	8
5132	3	3
5133	3	3
5134	1	4
5135	2	5
5136	2	5
5137	1	0
5138	0	6
5139	0	2
5140	1	7
5141	0	3
5142	0	1
5143	1	4
5144	4	9
5145	2	9
5146	0	4
5147	1	5
5148	1	4
5149	0	4
5150	1	6
5151	2	8
5152	1	2
5153	0	6
5154	2	6
5155	2	2
5156	1	4
5157	2	9
5158	1	7
5159	2	11
5160	1	6
5161	0	4
5162	0	5
5163	0	3
5164	0	3
5165	0	5
5166	3	3
5167	0	6
5168	0	5
5169	1	8
5170	0	7
5171	0	7
5172	1	4
5173	0	8
5174	0	1
5175	1	3
5176	1	6
5177	0	6
5178	0	6
5179	2	5
5180	0	1
5181	0	1
5182	0	3
5183	2	8
5184	3	7
5186	0	6
5187	0	2
5188	2	1
5189	2	5
5190	0	9
5191	0	10
5192	0	9
5193	2	2
5194	3	0
5195	2	7
5196	0	4
5197	0	6
5198	1	2
5199	0	4
5200	1	6
5201	0	3
5202	3	3
5203	0	6
5204	2	0
5205	1	4
5206	3	5
5207	0	7
5208	0	7
5209	1	8
5210	1	6
5211	3	7
5212	3	12
5213	3	7
5214	0	8
5215	0	9
5216	1	8
5217	1	7
5218	1	8
5219	0	6
5220	4	6
5221	2	6
5222	3	2
5223	3	3
5224	2	3
5225	1	2
5226	0	6
5227	1	4
5228	1	1
5229	0	4
5230	0	4
5231	0	5
5232	0	4
5233	1	4
5234	6	5
5235	1	7
5236	3	2
5237	0	8
5238	1	10
5239	0	7
5240	1	4
5241	3	3
5242	0	6
5243	0	4
5244	0	5
5245	1	4
5246	3	6
5247	1	7
5248	1	6
5249	0	4
5250	3	4
5251	1	2
5252	1	7
5253	0	3
5254	1	5
5255	1	3
5256	0	5
5257	1	3
5258	3	1
5259	2	6
5260	0	5
5261	0	2
5262	1	6
5263	1	11
5264	4	9
5265	2	4
5266	0	4
5267	1	4
5268	0	6
5269	1	2
5270	0	2
5271	2	4
5272	2	10
5273	1	6
5274	0	4
5275	0	2
5276	2	9
5277	4	3
5278	0	7
5279	1	4
5280	0	4
5281	1	3
5282	1	7
5283	0	9
5284	0	4
5285	3	4
5286	1	7
5287	2	4
5288	1	0
5289	0	8
5290	1	7
5291	0	5
5292	0	3
5293	1	5
5294	0	10
5295	0	6
5296	0	4
5297	0	1
5298	1	7
5299	1	7
5300	0	5
5301	1	5
5302	0	5
5303	1	4
5304	3	6
5305	1	3
5306	2	4
5307	2	8
5308	2	7
5309	0	3
5310	0	3
5311	0	4
5312	2	5
5313	0	5
5314	0	10
5315	0	8
5316	0	9
5317	2	2
5318	3	8
5319	2	7
5320	0	4
5321	1	5
5322	1	7
5323	2	5
5324	0	5
5325	1	6
5326	0	6
5327	1	2
5328	1	1
5329	2	8
5330	1	7
5331	5	3
5332	3	3
5333	2	4
5334	0	2
5335	1	2
5336	2	3
5337	2	3
5338	3	5
5339	2	3
5340	0	5
5341	0	5
5342	0	8
5343	0	3
5344	0	6
5345	0	3
5346	0	4
5347	0	4
5348	0	2
5349	4	5
5350	2	2
5351	1	3
5352	5	8
5353	3	5
5354	1	10
5355	3	6
5356	2	3
5357	2	7
5358	3	5
5359	0	12
5360	0	4
5361	3	4
5362	2	4
5363	2	0
5364	3	1
5365	3	1
5366	1	0
5367	2	1
5368	4	6
5369	3	2
5370	1	5
5371	0	3
5372	2	4
5373	0	4
5374	2	3
5375	0	4
5376	0	4
5377	0	5
5378	0	1
5379	0	5
5380	1	7
5381	1	1
5382	0	5
5383	1	5
5384	0	7
5385	3	4
5386	1	3
5387	1	3
5388	2	5
5389	1	5
5390	0	1
5391	2	5
5392	0	8
5393	2	4
5394	2	9
5395	2	3
5396	0	5
5397	2	3
5398	1	4
5399	1	9
5400	2	2
5401	1	3
5402	1	4
5403	0	2
5404	1	6
5405	0	7
5406	7	4
5407	4	2
5408	3	3
5409	0	3
5410	0	2
5411	0	3
5412	3	3
5413	0	5
5414	1	3
5415	1	7
5416	1	4
5417	1	8
5418	1	7
5419	2	5
5420	4	1
5421	3	3
5422	1	5
5423	0	7
5424	0	3
5425	0	5
5426	2	2
5427	1	8
5428	3	6
5429	2	3
5430	1	4
5431	3	9
5432	2	2
5433	1	4
5434	1	7
5435	0	3
5436	1	8
5437	2	5
5438	0	3
5439	1	2
5440	1	4
5441	2	6
5442	0	5
5443	5	5
5444	4	3
5445	3	6
5446	2	3
5447	4	4
5448	1	10
5449	3	3
5450	1	5
5451	2	3
5452	2	4
5453	0	3
5454	1	7
5455	1	4
5456	0	5
5457	0	5
5458	2	4
5459	0	5
5460	1	3
5461	3	6
5462	2	6
5463	2	5
5464	1	1
5465	5	4
5466	1	0
5467	0	3
5468	1	5
5469	0	7
5470	0	6
5471	0	6
5472	1	10
5473	1	3
5474	1	1
5475	1	1
5476	1	4
5477	0	5
5478	1	13
5479	2	11
5480	0	5
5481	1	4
5482	0	4
5483	2	7
5484	1	4
5485	0	2
5486	1	5
5487	2	4
5488	0	7
5489	0	4
5490	3	4
5491	0	4
5492	0	6
5493	2	2
5494	1	3
5495	2	5
5496	2	2
5497	1	2
5498	2	7
5499	0	4
5500	2	6
5501	2	4
5502	2	5
5503	1	3
5504	0	8
5505	0	3
5506	1	7
5507	0	2
5508	2	5
5509	0	3
5510	0	8
5511	0	5
5512	2	2
5513	1	6
5514	1	6
5515	0	4
5516	3	4
5517	2	3
5518	1	4
5519	1	10
5520	0	9
5521	2	10
5522	2	1
5523	1	6
5524	1	3
5525	1	2
5526	0	6
5527	4	4
5528	1	6
5529	2	3
5530	0	6
5531	2	3
5532	1	6
5533	3	8
5534	1	4
5535	2	7
5536	0	4
5537	1	6
5538	2	6
5539	1	7
5540	1	3
5541	1	1
5542	0	5
5543	0	2
5544	1	3
5545	1	3
5546	2	5
5547	2	3
5548	3	6
5549	2	4
5550	2	5
5551	0	5
5552	0	7
5553	0	3
5554	4	4
5555	1	2
5556	0	2
5557	8	9
5558	5	3
5559	2	4
5560	0	4
5561	0	8
5562	0	5
5563	0	4
5564	1	8
5565	0	6
5566	2	8
5567	0	6
5568	2	2
5569	0	8
5570	0	7
5571	0	2
5572	2	1
5573	0	5
5574	0	1
5575	4	2
5576	1	1
5577	3	5
5578	3	5
5579	3	5
5580	2	3
5581	1	7
5582	0	5
5583	1	3
5584	0	8
5585	0	3
5586	4	4
5587	1	7
5588	2	5
5589	1	4
5590	0	4
5591	2	5
5592	2	5
5593	0	7
5594	1	8
5595	0	5
5596	2	3
5597	1	7
5598	2	5
5599	3	7
5600	0	9
5601	0	4
5602	4	6
5603	4	8
5604	1	7
5605	1	6
5606	0	8
5607	0	7
5608	1	4
5609	1	2
5610	0	4
5611	2	3
5612	1	4
5613	3	1
5614	1	3
5615	1	8
5616	2	3
5617	3	7
5618	1	5
5619	0	9
5620	1	6
5621	2	7
5622	0	5
5623	1	2
5624	2	3
5625	2	8
5626	1	4
5627	0	9
5628	1	9
5629	0	2
5630	1	2
5631	1	5
5632	0	2
5633	0	4
5634	0	8
5635	0	7
5636	1	3
5637	1	10
5638	1	2
5639	0	7
5640	0	6
5641	0	6
5642	2	4
5643	1	4
5644	1	5
5645	0	3
5646	1	6
5647	2	2
5648	1	6
5649	1	9
5650	2	4
5651	1	13
5652	2	7
5653	1	6
5654	0	7
5655	0	10
5656	1	6
5657	2	6
5658	0	10
5659	1	9
5660	0	5
5661	1	1
5662	0	4
5663	0	1
5664	0	7
5665	1	5
5666	1	5
5667	1	4
5668	1	4
5669	5	5
5670	1	4
5671	1	3
5672	3	4
5673	0	9
5674	3	5
5675	0	6
5676	1	4
5677	0	2
5678	0	1
5679	0	2
5680	0	4
5681	1	2
5682	0	6
5683	2	5
5684	1	9
5685	1	6
5686	0	6
5687	0	3
5688	0	8
5689	1	6
5690	1	5
5691	1	8
5692	1	2
5693	0	1
5694	1	3
5695	1	2
5696	1	8
5697	0	7
5698	1	6
5699	0	4
5700	1	3
5701	2	7
5702	0	6
5703	0	8
5704	1	4
5705	1	4
5706	1	8
5707	0	5
5708	2	5
5709	1	8
5710	1	2
5711	0	5
5712	1	4
5713	0	5
5714	4	5
5715	2	5
5716	1	6
5717	0	4
5719	0	3
5720	0	11
5721	2	4
5722	0	6
5723	1	4
5724	1	7
5725	2	4
5726	0	6
5727	0	5
5728	0	5
5729	0	8
5730	3	5
5731	2	4
5732	2	8
5733	1	9
5734	1	9
5735	1	5
5736	0	4
5737	1	7
5738	1	7
5739	1	3
5740	1	3
5741	1	5
5742	0	4
5743	0	5
5744	1	3
5745	2	1
5746	1	5
5747	2	6
5748	0	6
5749	1	12
5750	0	7
5751	0	6
5752	6	5
5753	1	4
5754	2	0
5755	0	7
5756	1	8
5757	1	3
5758	1	6
5759	1	6
5760	0	4
5761	0	6
5762	0	6
5763	0	7
5764	0	7
5765	0	2
5766	2	6
5767	1	12
5768	1	3
5769	0	4
5770	0	4
5771	1	7
5772	1	6
5773	0	7
5774	0	10
5775	5	8
5776	1	6
5777	0	4
5778	0	6
5779	1	3
5780	3	6
5781	1	7
5782	0	7
5783	2	10
5784	1	3
5785	0	2
5786	0	5
5787	1	7
5788	2	8
5789	2	9
5790	0	4
5791	1	9
5792	2	10
5793	0	4
5794	0	4
5795	1	4
5796	0	4
5797	0	1
5798	0	2
5799	0	5
5800	3	6
5801	0	8
5802	0	7
5803	0	4
5804	2	5
5805	0	2
5806	1	4
5807	0	7
5808	2	4
5809	2	3
5810	2	8
5811	1	6
5812	5	6
5813	0	9
5814	1	9
5815	0	7
5816	1	2
5817	1	5
5818	0	5
5819	0	4
5820	4	4
5821	0	2
5822	0	2
5823	2	2
5824	1	3
5825	1	4
5826	0	3
5827	0	1
5828	1	2
5829	1	2
5830	1	4
5831	0	11
5832	1	5
5833	1	12
5834	1	5
5835	1	3
5836	2	6
5837	0	9
5838	1	5
5839	1	5
5840	3	0
5841	1	10
5842	1	7
5843	0	3
5844	0	7
5845	1	9
5846	2	3
5847	2	9
5848	0	8
5849	2	9
5850	0	2
5851	2	8
5852	0	8
5853	0	4
5854	1	3
5855	2	11
5856	2	10
5857	0	14
5858	1	4
5859	1	5
5860	2	4
5861	1	8
5862	1	6
5863	1	8
5864	1	7
5865	3	8
5866	0	10
5867	1	4
5868	0	7
5869	1	4
5870	0	5
5871	0	2
5872	1	4
5873	0	9
5874	1	5
5875	2	1
5876	0	2
5877	3	4
5878	0	5
5879	1	15
5880	1	2
5881	3	8
5882	0	5
5883	0	4
5884	0	4
5885	0	4
5886	1	8
5887	0	9
5888	0	4
5889	2	6
5890	3	3
5891	8	3
5892	3	7
5893	1	5
5894	0	8
5895	1	3
5896	0	7
5897	0	2
5898	1	7
5899	2	6
5900	0	5
5901	1	5
5902	0	10
5903	2	8
5904	0	5
5905	0	5
5906	3	4
5907	0	8
5908	0	8
5909	1	4
5910	1	4
5911	0	6
5912	1	9
5913	1	6
5914	1	5
5915	0	3
5916	2	2
5917	1	10
5918	2	6
5919	1	4
5920	1	5
5921	1	7
5922	2	11
5923	2	4
5924	0	4
5925	1	4
5926	0	3
5927	1	6
5928	0	3
5929	0	8
5930	0	2
5931	0	6
5932	2	3
5933	1	2
5934	3	5
5935	1	6
5936	2	5
5937	0	8
5938	3	3
5939	0	4
5940	1	9
5941	0	5
5942	0	8
5943	3	7
5944	2	6
5945	2	9
5946	2	5
5947	0	3
5948	0	9
5949	1	4
5950	4	9
5951	1	4
5952	0	4
5953	5	3
5954	1	4
5955	0	4
5956	1	8
5957	0	5
5958	0	3
5959	2	2
5960	1	10
5961	1	6
5962	1	3
5963	1	13
5964	0	5
5965	1	4
5966	2	3
5967	0	7
5968	1	9
5969	1	10
5970	0	5
5971	0	8
5972	3	7
5973	1	7
5974	2	7
5975	2	6
5976	4	9
5977	2	6
5978	0	13
5979	1	10
5980	0	10
5981	1	7
5982	0	6
5983	0	9
5984	1	11
5985	5	4
5986	0	5
5987	1	6
5988	1	8
5989	0	4
5990	0	8
5991	0	5
5992	1	3
5993	0	4
5994	1	1
5995	0	3
5996	0	1
5997	0	6
5998	1	3
5999	1	8
6000	0	1
6001	1	4
6002	6	4
6003	1	9
6004	2	4
6005	1	9
6006	0	6
6007	0	4
6008	0	6
6009	0	9
6010	1	11
6011	2	5
6012	1	8
6013	0	4
6014	0	3
6015	1	4
6016	1	6
6017	0	5
6018	1	6
6019	0	3
6020	1	8
6021	0	9
6022	0	7
6023	2	9
6024	3	4
6025	0	7
6026	0	4
6027	4	6
6028	0	1
6029	1	5
6030	0	3
6031	0	6
6032	1	6
6033	1	6
6034	0	9
6035	1	6
6036	1	3
6037	0	6
6038	2	6
6039	1	10
6040	2	5
6041	1	2
6042	1	3
6043	1	6
6044	3	6
6045	0	1
6046	1	5
6047	0	3
6048	1	1
6049	2	4
6050	0	4
6051	0	7
6052	1	4
6053	1	4
6054	1	11
6055	0	2
6056	0	6
6057	1	4
6058	0	7
6059	1	5
6060	0	7
6061	2	7
6062	0	4
6063	0	2
6064	1	3
6065	0	2
6066	1	3
6067	0	8
6068	0	7
6069	1	7
6070	2	2
6071	4	3
6072	1	3
6073	1	1
6074	1	3
6075	3	3
6076	0	5
6078	1	4
6079	3	2
6080	2	4
6081	0	6
6082	2	3
6083	1	2
6084	3	6
6085	1	8
6086	0	4
6087	0	3
6088	1	5
6089	0	5
6090	1	4
6091	1	7
6092	0	5
6093	0	2
6094	2	3
6095	1	7
6096	2	4
6097	1	5
6098	1	4
6099	1	2
6100	1	7
6101	0	4
6102	1	6
6103	0	7
6104	1	5
6105	2	5
6106	1	7
6107	0	6
6108	0	4
6109	1	6
6110	0	7
6111	0	4
6112	3	5
6113	0	4
6114	2	6
6115	1	4
6116	1	6
6117	0	8
6118	1	0
6119	1	3
6120	1	1
6121	2	7
6122	0	5
6123	1	6
6124	1	3
6125	2	3
6126	0	6
6127	1	6
6128	0	4
6129	2	4
6130	0	4
6131	0	3
6132	0	7
6133	1	4
6134	0	2
6135	1	7
6136	1	2
6137	1	4
6138	0	6
6139	1	6
6140	0	3
6141	0	3
6142	1	5
6143	0	9
6144	0	14
6145	1	5
6146	3	2
6147	0	5
6148	0	8
6149	1	3
6150	1	7
6151	0	4
6152	2	3
6153	1	6
6154	0	5
6155	0	9
6156	2	5
6157	0	7
6158	0	2
6159	0	7
6160	1	12
6161	1	3
6162	0	8
6163	1	6
6164	1	3
6165	1	7
6166	0	5
6167	0	5
6168	3	3
6169	1	6
6170	1	6
6171	1	4
6172	2	6
6173	1	2
6174	3	4
6175	3	7
6176	1	9
6177	0	7
6178	0	5
6179	0	2
6180	0	3
6181	0	5
6182	1	1
6183	0	3
6184	0	7
6185	2	4
6186	0	2
6187	0	4
6188	1	2
6189	0	3
6190	0	4
6191	0	7
6192	2	5
6193	3	4
6194	3	7
6195	1	8
6196	4	3
6197	0	5
6198	0	3
6199	2	3
6200	0	3
6201	3	5
6202	2	1
6203	0	3
6204	0	4
6205	0	6
6206	1	6
6207	0	4
6208	2	3
6209	5	6
6210	2	5
6211	1	4
6212	6	3
6213	0	6
6214	0	7
6215	0	9
6216	1	7
6217	1	8
6218	0	6
6219	1	5
6220	1	5
6221	3	2
6222	1	2
6223	0	2
6224	1	6
6225	2	6
6226	5	2
6227	3	13
6228	2	6
6229	1	3
6230	0	10
6231	0	6
6232	0	11
6233	1	4
6234	0	5
6235	1	3
6236	1	8
6237	1	6
6238	2	8
6239	2	8
6240	1	5
6241	2	6
6242	3	5
6243	0	2
6244	0	8
6245	1	8
6246	2	7
6247	3	6
6248	2	6
6249	2	6
6250	1	6
6251	1	1
6252	2	4
6253	1	6
6254	1	5
6255	2	4
6256	1	7
6257	0	9
6258	0	7
6259	3	7
6260	4	4
6261	2	7
6262	2	8
6263	1	8
6264	1	6
6265	3	5
6266	1	7
6267	1	5
6268	3	6
6269	0	4
6270	1	3
6271	5	0
6272	2	3
6273	1	6
6274	3	8
6275	0	3
6276	2	3
6277	1	5
6278	0	8
6279	4	6
6280	0	4
6281	0	8
6282	2	4
6283	0	3
6284	1	8
6285	2	8
6286	0	6
6287	1	5
6288	0	5
6289	2	5
6290	0	6
6291	1	2
6292	0	3
6293	0	5
6294	0	4
6295	0	3
6296	2	4
6297	2	4
6298	0	2
6299	1	2
6300	0	5
6301	0	1
6302	2	6
6303	0	6
6304	2	5
6305	3	7
6306	1	8
6307	3	11
6308	3	7
6309	0	3
6310	2	5
6311	2	6
6312	1	6
6313	1	6
6314	1	2
6315	0	4
6316	0	1
6317	1	6
6318	1	3
6319	2	9
6320	1	3
6321	1	4
6322	1	9
6323	2	11
6324	0	5
6325	0	7
6326	0	2
6327	0	2
6328	0	8
6329	1	6
6330	0	8
6331	1	10
6332	1	5
6333	0	3
6334	0	4
6335	0	4
6336	1	5
6337	2	12
6338	0	6
6339	0	7
6340	1	4
6341	1	3
6342	1	4
6343	1	1
6344	2	1
6345	1	4
6346	1	3
6347	0	1
6348	2	7
6349	5	3
6350	4	1
6351	4	5
6352	1	5
6353	2	6
6354	0	5
6355	1	4
6356	2	3
6357	0	8
6358	1	5
6359	1	7
6360	0	12
6361	6	4
6362	3	6
6363	2	7
6364	0	6
6365	1	5
6366	2	7
6367	0	5
6368	0	2
6369	1	2
6370	1	4
6371	3	10
6372	3	3
6373	2	12
6374	2	5
6375	0	7
6376	0	5
6377	0	6
6378	1	10
6379	0	8
6380	1	3
6381	2	6
6382	1	6
6383	3	5
6384	0	3
6385	0	5
6386	0	11
6387	0	6
6388	1	3
6389	1	2
6390	1	6
6391	4	8
6392	1	5
6393	0	9
6394	1	6
6395	0	6
6396	0	8
6397	0	11
6398	0	7
6399	0	8
6400	1	6
6401	1	5
6402	2	5
6403	1	3
6404	0	3
6405	0	4
6406	0	6
6407	0	7
6408	0	4
6409	0	11
6410	0	5
6411	1	10
6412	4	3
6413	2	4
6414	1	7
6415	0	4
6416	1	2
6417	0	4
6418	0	4
6419	2	8
6420	2	10
6421	2	6
6422	0	3
6423	0	10
6424	0	7
6425	1	7
6426	1	8
6427	1	9
6428	2	10
6429	3	4
6430	3	2
6431	8	1
6432	1	2
6433	1	7
6434	3	2
6435	3	1
6436	4	4
6437	1	2
6438	1	5
6439	0	1
6440	1	11
6441	0	9
6442	1	10
6443	1	9
6444	0	7
6445	2	1
6446	2	9
6447	0	3
6448	2	3
6449	0	7
6450	1	9
6451	1	6
6452	0	4
6453	0	10
6454	1	5
6455	2	3
6456	1	3
6457	1	2
6458	1	8
6459	0	6
6460	1	5
6461	2	4
6462	1	6
6463	2	4
6464	0	3
6465	2	5
6466	3	14
6467	0	10
6468	1	7
6469	1	6
6470	0	6
6471	0	6
6472	1	3
6473	3	7
6474	2	10
6475	0	1
6476	2	8
6477	0	2
6478	3	6
6479	0	5
6480	1	11
6481	0	3
6482	3	5
6483	0	6
6484	1	4
6485	0	7
6486	1	4
6487	1	3
6488	2	5
6489	4	3
6490	2	2
6491	4	6
6492	3	1
6493	2	1
6494	4	7
6495	1	2
6496	2	3
6497	0	5
6498	0	2
6499	2	5
6500	1	4
6501	0	6
6502	0	5
6503	1	4
6504	0	2
6505	0	2
6506	1	5
6507	0	7
6508	0	5
6509	0	4
6510	1	4
6511	0	9
6512	0	5
6513	1	10
6514	1	5
6515	1	12
6516	1	9
6517	0	6
6518	2	5
6519	1	7
6520	1	8
6521	2	3
6522	0	7
6523	2	5
6524	0	5
6525	0	10
6526	0	5
6527	2	6
6528	1	9
6529	0	3
6530	2	5
6531	0	7
6532	0	5
6533	3	5
6534	0	7
6535	0	4
6536	2	1
6537	2	7
6538	1	8
6539	1	4
6540	0	6
6541	0	4
6542	1	5
6543	0	3
6544	0	2
6545	0	7
6546	2	1
6547	0	3
6548	2	5
6549	3	4
6550	2	7
6551	2	8
6552	1	6
6553	0	5
6554	2	8
6555	0	2
6556	2	5
6557	1	6
6558	1	5
6559	1	4
6560	2	9
6561	1	8
6562	2	6
6563	1	5
6564	2	7
6565	1	4
6566	1	3
6567	1	6
6568	0	12
6569	3	6
6570	8	5
6571	1	12
6572	6	2
6573	0	4
6574	0	5
6575	3	3
6576	4	6
6577	2	6
6578	2	2
6579	1	8
6580	2	5
6581	3	3
6582	1	8
6583	0	2
6584	3	3
6585	1	3
6586	2	7
6587	1	4
6588	2	7
6589	0	5
6590	1	5
6591	2	2
6592	1	7
6593	1	7
6594	2	9
6595	0	4
6596	1	5
6597	2	5
6598	0	3
6599	0	3
6600	1	6
6601	2	4
6602	0	6
6603	1	7
6604	0	9
6605	0	5
6606	1	2
6607	1	3
6608	0	4
6609	0	6
6610	6	7
6611	2	3
6612	0	4
6613	0	7
6614	1	2
6615	1	4
6616	1	2
6617	1	3
6618	2	6
6619	1	2
6620	0	7
6621	0	9
6622	2	6
6623	1	6
6624	3	5
6625	1	5
6626	1	11
6627	1	5
6628	3	2
6629	1	12
6630	2	7
6631	0	8
6632	1	2
6633	0	4
6634	1	5
6635	0	8
6636	1	3
6637	0	5
6638	2	7
6639	2	5
6640	1	5
6641	3	6
6642	0	5
6643	0	10
6644	1	4
6645	3	2
6646	3	3
6647	2	5
6648	4	7
6649	2	7
6650	0	5
6651	3	8
6652	1	5
6653	1	7
6654	1	7
6655	0	5
6656	1	7
6657	0	5
6658	1	9
6660	1	2
6661	1	2
6662	0	2
6663	2	3
6664	1	7
6665	2	2
6666	5	7
6667	1	4
6668	3	2
6669	1	3
6670	0	4
6671	0	7
6672	2	1
6673	0	1
6674	0	9
6675	1	4
6676	0	5
6677	0	4
6678	1	4
6679	0	6
6680	2	6
6681	5	6
6682	1	7
6683	1	5
6684	0	5
6685	0	2
6686	3	4
6687	1	2
6688	0	7
6689	0	2
6690	2	5
6691	1	7
6692	1	7
6693	1	6
6694	1	2
6695	1	4
6696	1	1
6697	0	2
6698	1	5
6699	5	4
6700	5	4
6701	0	6
6702	0	4
6703	0	3
6704	0	1
6705	5	6
6706	2	3
6707	1	1
6708	1	3
6709	3	9
6710	1	2
6711	0	3
6712	3	2
6713	4	3
6714	5	6
6715	0	3
6716	5	3
6717	4	5
6718	4	3
6719	0	2
6720	0	3
6721	1	3
6722	0	2
6723	1	5
6724	1	9
6725	1	4
6726	0	2
6727	3	5
6728	0	2
6729	2	10
6730	0	3
6731	1	6
6732	0	2
6733	0	6
6734	0	1
6735	0	6
6736	2	4
6737	0	8
6738	1	3
6739	1	4
6740	0	4
6741	0	7
6743	1	7
6744	3	8
6745	2	9
6746	1	4
6747	1	6
6748	1	10
6749	1	12
6750	1	6
6751	1	3
6752	0	5
6753	0	5
6754	1	4
6755	1	6
6756	0	5
6757	0	3
6758	0	4
6759	2	3
6760	1	6
6761	1	4
6762	1	6
6763	0	4
6764	2	5
6765	0	5
6766	1	3
6767	0	5
6768	0	7
6769	0	7
6770	1	3
6771	0	3
6772	0	6
6773	0	6
6774	0	7
6775	3	4
6776	2	7
6777	0	5
6778	0	5
6779	1	3
6780	1	8
6781	2	5
6782	1	4
6783	0	5
6784	1	5
6785	0	1
6786	2	6
6787	0	5
6788	0	9
6789	1	6
6790	0	4
6791	2	2
6792	1	6
6793	2	8
6794	1	7
6795	1	6
6796	0	1
6797	2	4
6798	1	7
6799	2	9
6800	0	5
6801	1	3
6802	1	5
6803	1	2
6804	0	11
6805	0	4
6806	0	6
6807	0	5
6808	1	3
6809	1	4
6810	0	3
6811	1	4
6812	0	5
6813	0	5
6814	1	3
6815	2	6
6816	1	6
6817	0	3
6818	0	8
6819	3	6
6820	1	10
6821	3	4
6822	2	8
6823	3	6
6824	5	3
6825	0	4
6826	0	3
6827	1	4
6828	3	2
6829	2	3
6830	4	6
6831	1	2
6832	6	2
6833	3	3
6834	0	4
6835	1	10
6836	1	6
6837	1	3
6838	2	3
6839	1	8
6840	2	8
6841	0	10
6842	0	3
6843	0	12
6844	3	5
6845	1	7
6846	1	10
6847	1	3
6848	1	5
6849	0	7
6850	1	8
6851	2	2
6852	1	2
6853	0	6
6854	1	5
6855	1	4
6856	1	2
6857	1	6
6858	1	5
6859	0	7
6860	1	3
6861	3	9
6862	2	3
6863	1	9
6864	2	8
6865	2	4
6866	1	4
6867	0	3
6868	4	5
6869	2	9
6870	3	5
6871	0	9
6872	0	2
6873	0	4
6874	0	4
6875	0	6
6876	1	3
6877	1	6
6878	1	7
6879	1	10
6880	0	7
6881	0	3
6882	0	5
6883	2	3
6884	1	1
6885	2	5
6886	1	8
6887	0	8
6888	1	4
6889	0	7
6890	1	4
6891	1	6
6892	1	11
6893	1	7
6894	2	4
6895	2	7
6896	1	3
6897	1	8
6898	3	7
6899	3	2
6900	1	3
6901	2	7
6902	0	5
6903	1	9
6904	1	5
6905	1	4
6906	0	8
6907	0	3
6908	0	8
6909	3	5
6910	1	9
6911	0	6
6912	2	8
6913	0	9
6914	1	8
6915	1	5
6916	2	3
6917	0	7
6918	1	6
6919	4	4
6920	1	6
6921	1	5
6922	4	5
6923	0	8
6924	0	6
6925	0	4
6926	1	6
6927	0	11
6928	2	10
6929	1	2
6930	1	5
6931	3	1
6932	0	7
6933	1	9
6934	0	6
6935	0	3
6936	4	6
6937	1	5
6938	0	4
6939	2	5
6940	0	5
6941	0	4
6942	2	12
6943	1	8
6944	0	5
6945	0	4
6946	1	8
6947	3	3
6948	1	7
6949	1	6
6950	0	3
6951	1	8
6952	4	4
6953	1	3
6954	1	3
6955	1	6
6956	2	7
6957	3	7
6958	1	13
6959	0	7
6960	1	4
6961	0	4
6962	1	4
6963	2	3
6964	1	2
6965	0	3
6966	0	6
6967	1	7
6968	1	4
6969	0	6
6970	2	2
6971	3	15
6972	1	5
6973	1	5
6974	0	4
6975	0	2
6976	1	3
6977	2	5
6978	2	8
6979	1	6
6980	1	4
6981	2	5
6982	0	9
6983	0	8
6984	1	4
6985	2	9
6986	1	5
6987	1	8
6988	2	7
6989	3	5
6990	2	9
6991	1	11
6992	0	9
6993	1	3
6994	1	3
6995	0	7
6996	3	3
6997	1	5
6998	1	5
6999	1	6
7000	2	2
7001	1	5
7002	0	4
7003	1	4
7004	2	6
7005	1	5
7006	1	2
7007	0	6
7008	2	5
7009	2	14
7010	2	12
7011	5	1
7012	2	0
7013	3	4
7014	6	5
7015	7	2
7016	2	7
7017	0	8
7018	1	6
7019	1	6
7020	3	4
7021	2	4
7022	0	5
7023	1	9
7024	2	7
7025	1	5
7026	3	6
7027	1	4
7028	0	6
7029	0	7
7030	0	4
7031	1	6
7032	1	4
7033	1	6
7034	1	4
7035	1	5
7036	0	5
7037	0	4
7038	2	5
7039	0	8
7040	1	6
7041	1	10
7042	0	4
7043	2	7
7044	4	7
7045	0	7
7046	2	8
7047	1	4
7048	2	5
7049	4	3
7050	7	1
7051	1	7
7052	1	4
7053	1	3
7054	2	5
7056	4	2
7057	7	7
7058	4	4
7059	2	4
7060	1	7
7061	2	3
7063	0	11
7064	2	10
7065	2	8
7066	1	8
7067	1	5
7068	0	9
7069	3	5
7070	0	9
7071	1	0
7072	2	4
7073	4	3
7074	1	8
7075	0	6
7076	2	7
7077	0	4
7078	2	4
7079	2	2
7080	1	3
7081	1	5
7082	2	5
7083	1	5
7084	1	7
7085	1	6
7086	1	5
7087	1	9
7088	1	4
7089	0	3
7090	2	5
7091	0	6
7092	2	5
7093	0	2
7094	4	0
7095	5	4
7096	0	5
7097	0	3
7098	2	2
7099	2	5
7100	2	12
7101	0	5
7102	5	5
7103	2	7
7104	1	5
7105	2	4
7106	2	2
7107	9	5
7108	0	5
7109	1	0
7110	2	8
7111	0	4
7112	3	5
7113	0	5
7114	1	6
7115	1	6
7116	3	2
7117	0	7
7118	2	3
7119	1	3
7120	0	5
7121	1	3
7122	1	4
7123	0	6
7124	0	6
7125	2	4
7126	0	4
7127	0	5
7128	2	4
7130	0	1
7131	2	4
7132	0	2
7133	1	5
7134	1	11
7135	3	6
7136	0	2
7137	2	1
7138	1	3
7139	2	4
7140	2	3
7141	2	2
7142	0	4
7143	1	7
7144	1	5
7145	2	3
7146	4	3
7147	1	3
7148	0	7
7149	0	10
7150	1	4
7151	0	2
7152	1	8
7153	1	2
7154	2	2
7156	0	3
7157	3	4
7158	0	5
7159	2	3
7160	1	3
7161	1	6
7162	5	5
7163	6	2
7164	6	7
7165	3	6
7166	0	2
7167	0	3
7168	0	3
7169	1	5
7170	1	8
7171	1	6
7172	0	5
7173	2	6
7174	2	6
7175	3	6
7176	1	2
7177	5	2
7178	2	6
7180	0	4
7181	1	5
7182	0	2
7183	2	5
7184	0	4
7185	1	4
7186	1	3
7187	2	6
7188	0	2
7189	3	8
7190	0	7
7191	0	9
7192	0	11
7193	0	5
7194	0	3
7195	1	7
7196	0	3
7197	0	4
7198	2	7
7199	0	5
7200	1	2
7201	1	5
7202	0	5
7203	4	3
7204	2	7
7205	0	3
7206	3	5
7207	2	0
7208	0	4
7209	0	1
7210	1	5
7211	1	4
7212	2	6
7213	2	3
7214	0	5
7215	1	6
7216	2	3
7217	5	8
7218	0	5
7219	0	4
7220	1	6
7221	1	6
7222	1	5
7223	2	8
7224	2	7
7225	0	5
7226	1	6
7227	0	4
7228	1	5
7229	0	6
7230	2	5
7231	0	7
7232	2	8
7233	2	8
7234	1	3
7235	2	4
7236	0	4
7237	0	4
7238	2	3
7239	0	5
7240	1	5
7241	1	2
7242	1	5
7243	1	6
7244	2	3
7245	0	5
7246	1	9
7247	0	5
7248	1	5
7249	2	3
7250	1	7
7251	0	6
7252	1	7
7253	0	5
7254	3	3
7255	2	6
7256	2	4
7257	1	2
7258	0	7
7259	0	6
7260	0	3
7261	1	0
7262	2	9
7263	9	6
7264	2	6
7265	2	3
7266	2	4
7267	2	7
7268	2	5
7269	0	6
7270	1	3
7271	0	10
7272	0	2
7273	2	4
7274	3	10
7275	0	6
7276	1	6
7277	1	7
7278	3	10
7279	2	7
7280	0	9
7281	2	4
7282	0	5
7283	1	6
7284	3	6
7285	2	3
7286	4	2
7287	0	4
7288	2	5
7289	0	6
7290	2	9
7291	1	7
7292	3	4
7293	3	6
7294	0	1
7295	1	6
7296	0	7
7297	1	3
7298	2	7
7299	1	4
7300	1	3
7301	1	6
7302	2	3
7303	2	7
7304	1	3
7305	0	5
7306	1	6
7307	2	9
7308	1	4
7309	1	8
7310	1	5
7311	2	3
7312	1	4
7313	0	7
7314	2	8
7315	1	8
7316	0	4
7317	5	5
7318	1	0
7319	1	3
7320	2	5
7321	2	10
7322	2	1
7323	1	1
7324	0	2
7325	0	2
7326	4	2
7327	1	0
7328	2	3
7329	0	4
7330	2	6
7331	1	7
7332	2	3
7333	1	6
7334	1	4
7335	1	9
7336	2	7
7337	0	5
7338	1	4
7339	1	5
7340	2	5
7341	3	3
7342	0	6
7343	1	7
7344	0	2
7345	3	3
7346	0	3
7347	1	0
7348	4	3
7349	5	5
7350	4	5
7351	0	2
7352	1	5
7353	3	1
7354	3	3
7355	1	4
7356	1	5
7357	0	10
7358	2	4
7359	1	10
7360	3	3
7361	1	6
7362	0	12
7363	1	4
7364	1	4
7365	2	3
7366	1	4
7367	0	3
7368	0	11
7369	1	5
7370	0	3
7371	2	6
7372	0	4
7373	1	6
7374	1	7
7375	1	8
7376	1	4
7377	1	6
7378	1	7
7379	0	10
7380	0	3
7381	2	12
7382	1	7
7383	0	8
7384	0	6
7385	1	6
7386	1	10
7387	0	8
7388	1	3
7389	0	6
7390	8	2
7391	6	5
7392	7	6
7393	6	1
7394	0	2
7395	0	6
7396	0	2
7397	2	7
7398	0	3
7399	0	4
7400	2	3
7401	4	5
7402	1	7
7403	1	2
7404	3	7
7405	3	6
7406	3	4
7407	1	8
7408	0	4
7409	1	5
7410	5	2
7411	4	5
7412	1	2
7413	4	3
7414	0	6
7415	1	5
7416	2	1
7417	6	5
7418	0	10
7419	0	12
7420	2	3
7421	2	8
7422	0	3
7423	2	4
7424	0	8
7425	1	6
7426	0	2
7427	0	6
7428	3	5
7429	1	5
7430	0	4
7431	1	4
7432	0	7
7433	0	3
7434	1	5
7435	1	7
7436	2	4
7437	0	5
7438	1	3
7439	0	6
7440	0	2
7441	0	2
7442	2	4
7443	0	6
7444	1	8
7445	1	6
7446	0	3
7447	7	6
7448	2	3
7449	4	8
7450	0	4
7451	0	7
7452	0	1
7453	1	4
7454	0	3
7455	1	3
7456	1	3
7457	1	5
7458	1	6
7459	0	4
7460	2	5
7461	2	4
7462	3	9
7463	1	3
7464	0	9
7465	1	7
7466	0	6
7467	1	9
7468	0	3
7469	2	6
7470	1	0
7471	1	7
7472	2	4
7473	1	8
7474	3	4
7475	3	5
7476	2	6
7477	1	6
7478	2	5
7479	1	5
7480	1	7
7481	1	7
7482	3	6
7483	1	4
7484	0	7
7485	0	4
7486	0	6
7487	1	4
7488	2	6
7489	2	5
7490	0	6
7491	2	6
7492	0	4
7493	1	7
7494	1	7
7495	1	9
7496	1	6
7497	0	3
7498	0	5
7499	1	8
7500	2	6
7501	0	6
7502	4	7
7503	3	7
7504	1	1
7505	0	8
7506	0	5
7507	2	7
7508	2	3
7509	2	8
7510	0	14
7511	3	8
7512	1	8
7513	2	5
7514	2	3
7515	0	5
7516	1	4
7517	1	10
7518	2	7
7519	1	7
7520	0	4
7522	0	4
7523	2	5
7524	1	3
7525	0	4
7526	3	6
7527	1	9
7528	1	6
7529	1	4
7530	0	8
7531	1	8
7532	2	6
7533	1	4
7534	0	8
7535	2	2
7536	0	4
7537	2	4
7538	1	3
7539	0	11
7540	0	9
7541	1	5
7542	0	4
7543	1	3
7544	0	6
7545	2	5
7546	1	9
7547	0	1
7548	2	7
7549	2	2
7550	1	8
7551	1	4
7552	1	5
7553	0	7
7554	2	3
7555	0	7
7556	2	2
7557	1	6
7558	0	3
7559	0	2
7560	0	2
7561	2	7
7562	1	3
7563	1	6
7564	0	2
7565	0	3
7566	1	5
7567	1	10
7568	1	9
7569	2	2
7570	0	4
7571	0	1
7572	2	3
7573	0	7
7574	0	4
7575	2	6
7576	2	5
7577	1	4
7578	1	6
7579	0	3
7580	3	9
7581	1	6
7582	0	3
7583	1	8
7584	3	5
7585	0	2
7586	0	8
7587	2	3
7589	0	3
7590	0	4
7591	1	4
7592	1	8
7593	2	3
7594	3	2
7595	1	4
7596	2	6
7598	1	0
7599	2	4
7600	1	9
7601	1	5
7602	0	11
7603	2	8
7604	1	6
7605	2	4
7606	0	4
7607	1	2
7608	1	3
7609	1	3
7610	0	2
7611	2	10
7612	0	4
7613	1	4
7614	1	4
7615	0	7
7616	0	5
7617	0	5
7618	2	6
7619	0	3
7620	1	7
7621	0	4
7622	0	4
7623	1	9
7624	0	2
7625	0	5
7626	0	5
7627	1	8
7628	2	9
7629	0	5
7630	0	5
7631	0	4
7632	0	1
7633	2	7
7634	1	3
7635	1	5
7636	0	6
7637	1	6
7638	0	3
7639	2	4
7640	1	8
7641	1	4
7642	3	5
7643	1	6
7644	2	7
7645	2	8
7646	0	10
7647	2	7
7648	0	9
7649	2	9
7650	1	1
7651	0	5
7652	0	4
7653	5	3
7654	0	7
7655	1	2
7656	0	2
7657	3	6
7658	0	6
7659	2	3
7660	2	7
7661	1	8
7662	0	3
7663	0	16
7664	1	6
7665	2	5
7666	1	5
7667	2	4
7668	1	1
7669	1	3
7670	1	4
7671	0	5
7672	0	6
7673	0	7
7674	2	3
7675	0	10
7676	1	4
7677	3	5
7678	1	9
7679	2	7
7680	3	9
7681	2	5
7682	1	7
7683	1	4
7684	1	4
7685	2	5
7686	1	5
7687	2	3
7688	0	8
7689	3	1
7690	0	2
7691	0	3
7692	0	2
7693	1	4
7694	0	7
7695	0	4
7696	2	5
7697	1	3
7698	2	8
7699	3	5
7700	1	7
7701	0	4
7702	1	3
7703	2	4
7704	2	1
7705	2	7
7706	3	3
7707	5	9
7708	0	9
7709	1	8
7710	3	4
7711	1	4
7712	3	4
7713	1	1
7714	5	4
7715	4	4
7716	1	3
7717	7	12
7718	1	2
7719	4	3
7720	0	7
7721	0	4
7722	0	5
7723	2	9
7724	1	7
7725	0	3
7726	0	7
7727	1	6
7728	1	3
7729	0	3
7730	2	8
7731	2	5
7732	0	6
7733	2	7
7734	0	5
7735	1	7
7736	1	3
7737	1	5
7738	0	4
7739	1	8
7740	1	7
7741	1	9
7742	1	5
7743	1	4
7744	0	4
7745	0	8
7746	2	4
7747	3	6
7748	0	7
7749	0	5
7750	0	1
7751	0	2
7752	2	5
7753	0	5
7754	0	5
7755	4	4
7756	4	5
7757	0	5
7758	0	13
7759	0	6
7760	3	1
7761	4	7
7762	2	4
7763	1	5
7764	0	4
7765	0	3
7766	2	4
7767	0	3
7768	2	8
7769	1	4
7770	0	6
7771	0	7
7772	0	4
7773	1	7
7774	1	3
7775	0	2
7776	1	2
7777	1	4
7778	1	2
7779	1	3
7780	2	5
7781	1	7
7782	1	9
7783	2	6
7784	1	8
7785	0	5
7787	0	6
7788	1	4
7789	0	5
7790	0	2
7791	0	4
7792	1	2
7793	0	5
7794	0	4
7795	0	4
7796	0	4
7797	0	6
7798	0	10
7799	2	5
7800	0	6
7801	2	5
7802	2	8
7803	2	12
7804	0	8
7805	0	9
7806	1	4
7807	1	9
7808	0	5
7809	0	5
7810	1	7
7811	1	3
7812	4	6
7813	2	5
7814	3	5
7815	1	7
7816	3	6
7817	6	4
7818	4	3
7819	6	2
7820	5	3
7821	1	3
7822	3	5
7823	3	5
7824	3	7
7825	2	10
7826	1	2
7827	2	7
7828	1	4
7829	0	4
7830	0	2
7831	2	5
7832	0	2
7833	1	3
7834	2	5
7835	0	2
7836	0	9
7837	2	2
7838	2	4
7839	1	4
7840	0	2
7841	1	3
7842	3	0
7844	0	1
7845	0	3
7849	1	0
7850	0	2
7851	0	1
7852	0	2
7854	1	0
7855	0	1
7856	0	5
7857	0	8
7858	0	7
7859	0	7
7860	1	5
7861	1	5
7862	0	3
7863	0	4
7864	1	4
7865	2	10
7866	1	7
7867	2	2
7868	0	6
7869	0	3
7870	0	4
7871	2	5
7872	0	2
7873	0	4
7874	0	7
7875	1	4
7876	3	6
7877	0	9
7878	5	4
7879	2	6
7880	1	8
7881	1	5
7882	3	8
7883	2	5
7884	0	3
7885	0	3
7886	1	5
7887	2	10
7888	4	4
7889	1	5
7890	3	9
7891	4	2
7892	2	7
7893	0	5
7894	0	3
7895	1	5
7896	1	2
7897	0	7
7898	1	6
7899	2	5
7900	3	8
7901	3	7
7902	1	10
7903	1	3
7904	3	13
7905	0	4
7906	1	10
7907	0	3
7908	4	5
7909	0	9
7910	3	9
7911	0	5
7912	2	3
7913	1	11