1	0	1
2	2	2
3	0	1
4	1	1
5	0	3
6	1	2
7	0	3
8	0	2
9	2	3
10	1	3
11	1	3
12	2	4
13	2	5
14	0	4
15	1	4
16	0	4
17	0	6
18	1	3
19	2	5
20	0	6
21	0	4
22	0	2
23	0	4
24	0	3
25	2	4
26	1	5
27	0	7
28	2	2
29	0	6
30	1	10
31	2	2
32	2	6
33	1	5
34	1	12
35	1	8
36	2	8
37	1	4
38	3	7
39	0	3
40	1	9
41	0	6
42	4	2
43	1	2
44	0	5
45	1	10
46	0	6
47	2	6
48	0	8
49	0	11
50	0	9
51	0	4
52	0	4
53	0	4
54	0	4
55	0	6
56	3	6
57	2	9
58	0	4
59	0	3
60	1	5
61	2	8
62	2	5
63	2	12
64	2	4
65	1	8
66	1	4
67	2	3
68	1	7
69	1	2
70	1	2
71	1	2
72	0	3
73	1	8
74	1	4
75	1	3
76	0	3
77	2	0
78	0	7
79	2	2
80	0	8
81	0	9
82	0	3
83	0	6
84	0	6
85	1	1
86	0	3
87	1	2
88	0	3
89	1	2
90	0	7
91	0	11
92	1	4
93	7	2
94	0	3
95	1	4
96	3	3
97	1	2
98	0	3
99	0	6
100	0	12
101	0	3
102	0	1
103	1	2
104	1	5
105	1	3
106	2	3
107	1	3
108	2	3
109	1	4
110	0	5
111	2	4
112	1	7
113	1	9
114	0	5
115	0	5
116	2	6
117	0	6
118	0	1
119	4	5
120	0	7
121	0	11
122	0	2
123	2	4
124	1	5
125	1	6
126	1	4
127	1	2
128	0	6
129	1	7
130	2	7
131	3	1
132	1	8
133	1	2
134	0	8
135	1	4
136	0	4
137	1	4
138	0	2
139	1	6
140	1	4
141	0	2
142	1	4
143	0	2
144	1	5
145	1	3
146	1	2
147	0	2
148	0	6
149	2	2
150	0	6
151	0	2
152	1	8
153	1	4
154	1	5
155	3	8
156	0	3
157	0	3
158	0	5
159	1	3
160	0	5
161	0	6
162	1	6
163	0	9
164	0	4
165	0	4
166	1	4
167	0	5
168	2	8
169	2	4
170	1	4
171	1	2
172	1	4
173	1	2
174	0	4
175	3	6
176	1	5
177	1	2
178	0	6
179	3	2
180	4	6
181	2	3
182	0	2
183	1	4
184	0	3
185	0	5
186	0	1
187	0	3
188	0	4
189	1	4
190	0	4
191	1	4
192	0	4
193	2	7
194	2	9
196	2	8
197	0	8
198	0	2
199	1	6
200	0	7
201	2	3
202	2	3
203	0	3
204	1	6
205	1	1
206	1	5
207	3	1
208	2	4
209	1	4
210	0	4
211	1	2
212	3	2
213	1	6
214	5	5
215	2	2
216	0	5
217	0	3
218	0	4
219	0	7
220	0	2
221	3	4
222	1	2
223	0	6
224	0	2
225	0	4
226	0	5
227	1	4
228	0	3
229	0	5
230	1	1
231	0	4
232	2	3
233	2	2
234	1	6
235	0	1
236	0	1
237	0	3
238	2	2
239	1	2
240	1	2
241	2	3
242	3	1
243	2	2
244	1	1
245	1	4
246	1	2
247	1	2
248	0	1
249	3	3
250	0	3
251	0	2
252	0	3
253	0	4
254	0	4
255	0	8
256	0	10
257	1	5
258	0	6
259	0	5
260	3	6
261	0	8
262	2	2
263	1	5
264	0	9
265	2	4
266	1	4
267	0	4
268	1	6
269	1	9
270	1	5
271	1	7
272	0	2
273	1	5
274	0	3
275	2	3
276	0	6
277	1	2
278	0	3
279	1	1
280	1	5
281	3	5
282	2	3
283	1	3
284	0	3
285	1	8
286	0	1
287	0	4
288	0	4
289	0	4
290	0	4
291	2	5
292	0	3
293	0	7
294	1	4
295	2	6
296	1	4
297	1	3
298	1	2
299	0	1
300	1	1
301	2	3
302	1	6
304	1	5
305	1	4
306	1	1
307	0	2
308	0	6
309	0	5
310	1	4
311	1	1
312	1	6
313	0	1
314	2	2
315	0	3
316	0	7
317	0	2
318	2	2
319	1	5
320	0	6
321	0	3
322	1	1
323	0	6
324	0	4
325	1	3
326	0	3
327	0	5
328	1	3
329	2	6
330	2	3
331	1	4
332	1	5
333	0	4
334	0	5
335	1	6
336	1	4
337	1	5
338	1	3
339	2	3
340	1	5
341	2	3
342	2	2
343	0	4
344	0	3
345	0	2
346	1	1
347	2	3
348	1	6
349	1	3
350	0	3
351	0	3
352	1	1
353	0	5
354	1	3
355	0	6
356	1	4
357	1	4
358	0	9
359	1	5
360	0	7
361	2	5
362	1	3
363	0	2
364	0	3
365	0	5
366	0	4
367	0	5
368	1	2
369	0	4
370	0	9
371	0	8
372	1	4
373	0	3
374	0	6
375	0	6
376	1	4
377	0	2
378	0	2
379	1	6
380	1	5
381	1	2
382	0	3
383	0	1
384	0	5
385	0	1
386	0	4
387	0	5
388	1	3
389	1	1
390	2	7
391	1	2
392	1	5
393	3	9
394	1	5
395	2	5
396	0	3
397	1	6
398	1	7
399	1	2
400	1	7
401	0	5
402	0	5
403	1	3
404	1	4
405	0	10
406	1	5
407	2	7
408	2	7
409	3	2
410	1	2
411	3	4
413	0	1
414	0	2
415	1	10
416	1	9
417	0	7
418	2	4
419	1	3
420	0	4
421	4	4
422	0	2
423	1	5
424	3	2
425	4	0
426	2	1
427	0	3
428	1	4
429	1	3
430	1	7
431	0	4
432	0	2
433	0	3
434	0	7
435	2	5
436	0	6
437	0	4
438	1	6
439	0	4
440	0	5
441	1	3
442	1	2
443	3	1
444	0	5
445	1	10
446	1	8
447	1	9
448	3	2
449	0	3
450	0	2
451	0	5
452	2	3
453	1	9
454	1	4
455	1	3
456	0	10
457	0	4
458	0	3
459	0	4
460	0	4
461	1	4
462	0	4
463	0	5
464	1	3
465	0	1
466	0	5
467	2	4
468	0	4
469	0	4
470	1	6
471	1	5
472	0	6
473	0	6
474	0	2
475	1	3
476	1	5
477	0	5
478	0	2
479	0	4
480	1	2
481	1	4
482	1	6
483	4	5
484	1	4
485	0	1
486	2	4
487	0	4
488	1	3
489	0	3
490	0	2
491	0	7
492	1	8
493	0	6
494	1	5
495	1	2
496	0	5
497	0	4
498	1	3
499	6	2
500	1	2
501	2	3
502	2	1
503	0	2
504	0	6
505	0	5
506	1	4
508	0	4
509	0	3
510	0	6
511	3	4
512	2	4
513	1	3
514	0	3
515	2	13
516	1	3
517	2	10
518	1	5
519	1	1
520	1	4
521	0	2
522	2	4
523	2	2
524	0	1
525	2	5
526	1	8
527	0	4
528	0	3
529	2	2
531	0	1
532	0	13
533	1	1
534	4	1
535	4	4
536	2	2
537	1	1
538	2	3
539	2	0
540	1	0
541	1	0
542	1	0
543	1	3
544	0	1
545	3	0
546	1	0
547	1	1
548	1	1
549	0	6
550	1	1
551	0	7
552	1	3
553	1	2
554	1	5
555	0	10
556	0	6
557	0	7
558	1	4
559	0	3
560	0	4
561	0	4
562	1	11
563	3	5
564	0	7
565	0	5
566	1	5
567	0	4
568	0	2
569	0	4
570	1	2
571	0	4
572	0	1
573	0	4
574	0	4
575	5	4
576	7	3
577	0	5
578	3	1
579	2	2
580	0	2
581	2	2
582	4	4
583	1	2
584	1	4
585	1	5
586	1	6
587	0	5
588	0	4
589	1	1
590	0	1
591	1	3
592	0	4
593	1	4
594	2	4
595	1	1
596	0	4
597	1	3
598	0	3
599	1	6
600	0	3
601	2	3
602	0	9
603	1	0
604	0	1
605	2	3
606	4	1
607	1	8
608	0	4
609	0	5
610	3	5
611	1	3
612	3	0
613	3	3
614	2	3
615	1	5
616	0	2
617	0	5
618	1	1
619	4	6
620	0	1
621	0	9
622	1	6
623	0	5
624	0	2
625	2	1
626	0	6
627	1	6
628	1	5
629	0	5
630	3	4
631	0	4
632	0	7
633	0	6
634	1	5
635	0	4
636	1	2
637	1	4
638	0	7
639	1	7
640	1	2
641	0	3
642	0	3
643	2	5
644	0	5
645	2	3
646	0	2
647	2	4
648	0	11
649	0	3
650	0	3
651	1	4
652	1	4
653	1	3
654	1	8
655	1	9
656	0	3
657	1	3
658	1	2
659	1	0
660	0	3
661	1	8
662	0	7
663	2	2
664	2	4
665	0	4
666	1	4
667	1	4
668	0	3
669	1	5
670	3	6
671	4	3
672	0	5
673	2	4
674	0	6
675	0	4
676	0	7
677	0	5
678	1	3
679	1	2
680	1	3
681	0	4
682	0	4
683	0	5
684	2	7
685	2	8
686	2	3
687	0	4
688	1	2
689	0	6
690	1	3
691	2	2
692	0	5
693	2	9
694	0	6
695	1	7
696	0	8
697	0	3
698	0	5
699	1	6
700	0	6
701	0	6
702	1	9
703	0	2
704	0	5
705	0	3
706	2	9
707	0	4
708	2	7
709	1	3
710	0	6
711	0	2
712	0	4
713	1	2
714	2	5
715	1	9
716	2	7
717	1	2
718	0	3
719	0	3
720	0	4
721	1	4
722	0	4
723	2	3
724	0	4
725	0	5
726	0	3
727	0	4
728	0	2
729	0	5
730	0	6
731	0	2
732	0	3
733	1	6
734	0	6
735	1	5
736	2	3
737	0	4
738	0	4
739	0	7
740	0	7
741	0	6
742	0	4
743	0	4
744	0	6
745	1	3
746	0	3
747	0	2
748	0	5
749	0	7
750	1	8
751	1	7
752	0	9
753	0	9
754	2	4
755	4	4
756	1	3
757	1	5
758	0	3
759	0	1
760	1	4
761	0	8
762	1	6
763	0	2
764	0	3
765	0	7
766	2	9
767	0	6
768	1	4
769	0	4
770	1	4
771	1	4
772	0	4
773	0	3
774	0	2
775	0	4
776	0	3
777	0	3
779	1	3
780	0	7
781	1	5
782	0	3
783	1	5
784	1	1
785	1	3
786	0	6
787	0	4
788	1	1
789	1	3
790	1	3
791	0	4
792	1	4
793	1	6
794	0	3
795	2	4
796	0	5
797	0	4
798	1	4
799	0	6
800	1	4
801	0	6
802	0	4
803	1	3
804	1	8
805	0	3
806	0	8
807	2	2
808	0	4
809	1	6
810	2	6
811	0	7
812	1	5
813	1	1
814	0	5
815	1	3
816	0	6
817	0	7
818	2	5
819	1	9
820	1	4
821	0	3
822	1	1
823	0	3
824	0	1
825	0	3
826	0	6
827	0	3
828	0	2
829	1	1
830	1	4
831	3	4
832	0	3
833	0	4
834	0	3
835	0	4
836	0	3
837	0	3
838	3	5
839	0	3
840	2	6
841	0	6
842	0	5
843	1	7
844	2	5
845	0	4
846	1	4
847	2	2
848	0	6
849	0	4
850	0	4
851	1	9
852	0	2
853	1	1
854	2	6
855	1	6
856	1	5
857	0	1
858	2	4
859	0	7
860	1	4
861	0	1
862	0	4
863	0	10
864	0	1
865	1	7
866	1	5
867	1	8
868	1	3
869	1	4
870	0	3
871	0	4
872	2	3
873	1	6
874	0	7
875	0	5
876	2	3
877	0	6
878	1	3
879	2	8
880	0	10
881	1	6
882	0	3
883	0	1
884	1	6
886	1	7
887	0	2
888	7	3
889	2	4
890	0	6
891	0	5
892	1	4
893	2	6
894	1	2
895	1	7
896	0	10
897	1	7
898	1	6
899	0	4
900	1	3
901	0	4
902	0	5
903	0	9
904	1	4
905	0	6
906	0	1
907	0	5
908	1	7
909	2	6
910	0	4
911	1	5
912	0	3
913	0	3
914	1	8
915	2	3
916	0	6
917	1	3
919	1	2
920	0	3
921	0	6
922	1	7
923	4	4
924	0	3
925	0	4
926	1	9
927	0	4
928	1	7
929	0	4
930	0	5
931	1	1
932	1	4
933	1	4
934	2	1
935	1	3
936	1	8
937	0	1
938	0	4
939	1	2
940	0	5
941	0	5
942	2	10
943	2	3
944	0	8
945	0	3
946	0	4
947	1	9
948	0	11
949	1	5
950	0	6
951	0	1
952	3	6
953	1	8
954	0	4
955	1	6
956	2	9
957	1	5
958	2	2
959	1	4
960	0	6
961	1	8
962	1	3
963	1	3
964	3	4
965	0	3
966	1	4
967	0	2
968	0	3
969	0	3
970	1	6
971	1	7
972	1	7
973	1	4
974	1	6
975	0	2
976	1	4
977	0	5
978	0	3
979	0	4
980	0	1
981	0	3
982	0	3
983	0	4
984	0	1
985	0	3
986	0	3
987	0	5
988	1	3
989	0	3
990	0	7
991	1	1
992	2	5
993	0	7
994	0	3
995	0	3
996	0	2
997	0	5
998	0	5
999	0	5
1000	0	3
1001	2	4
1002	0	4
1003	4	2
1004	5	1
1005	1	3
1006	0	5
1007	0	1
1008	1	3
1009	0	7
1010	0	5
1011	0	7
1012	1	9
1013	1	6
1014	0	6
1015	1	5
1016	0	4
1017	0	5
1018	0	4
1019	1	8
1020	0	5
1021	1	6
1022	2	4
1024	0	5
1025	0	5
1026	0	1
1027	0	4
1028	2	3
1029	1	7
1030	0	5
1031	0	9
1032	0	3
1033	1	4
1034	1	7
1035	2	4
1036	1	6
1037	1	2
1038	0	3
1039	0	6
1040	0	4
1041	2	1
1042	0	6
1043	0	4
1044	3	9
1045	0	8
1046	2	9
1047	1	7
1048	1	6
1049	3	4
1050	1	3
1051	0	4
1052	0	4
1053	1	6
1054	2	5
1055	0	2
1056	0	8
1057	0	1
1058	1	1
1059	3	6
1060	0	5
1061	0	4
1062	0	5
1063	0	5
1064	0	3
1065	1	9
1066	4	5
1067	1	4
1068	0	9
1069	0	4
1070	0	4
1071	1	4
1072	1	2
1073	1	4
1074	0	5
1075	0	3
1076	1	3
1077	0	2
1078	0	6
1079	0	5
1080	4	5
1081	0	5
1082	4	1
1083	0	3
1084	0	4
1085	0	7
1086	1	1
1088	0	4
1089	0	9
1090	1	0
1091	1	4
1092	3	5
1093	1	4
1094	0	6
1095	0	2
1096	0	7
1097	0	5
1098	2	5
1099	0	2
1100	1	7
1101	0	3
1102	0	6
1103	0	6
1104	0	3
1105	1	3
1106	0	5
1107	0	5
1108	2	4
1109	2	6
1110	1	3
1111	0	2
1112	1	1
1113	1	6
1114	3	1
1115	1	3
1116	0	7
1117	1	3
1118	0	2
1119	0	9
1120	2	6
1121	0	1
1122	2	3
1123	0	6
1124	1	2
1125	0	3
1126	0	6
1127	2	5
1128	0	3
1129	0	3
1130	1	2
1131	2	3
1132	1	3
1133	1	5
1134	0	3
1135	0	7
1136	1	4
1137	1	3
1138	0	8
1139	2	4
1140	0	1
1141	2	3
1142	1	3
1143	0	5
1144	1	4
1145	1	5
1146	0	2
1147	1	6
1148	0	5
1149	0	5
1150	1	7
1151	0	4
1152	0	1
1153	0	4
1154	1	3
1155	0	2
1156	3	1
1157	1	3
1158	6	1
1159	1	6
1160	1	2
1161	0	3
1162	1	3
1163	1	8
1164	0	4
1165	1	5
1166	1	2
1167	0	1
1168	2	2
1169	4	1
1170	0	2
1171	0	8
1172	1	3
1173	0	1
1174	1	3
1175	0	1
1176	0	3
1177	2	1
1178	0	8
1179	0	10
1180	2	2
1181	4	2
1182	1	4
1183	1	4
1184	0	3
1185	2	2
1186	1	4
1187	2	6
1188	0	8
1189	1	4
1190	0	3
1191	0	6
1192	2	5
1193	0	9
1194	1	7
1195	1	9
1196	1	11
1197	0	5
1198	1	8
1199	0	6
1200	0	8
1201	3	2
1202	1	4
1203	0	8
1204	2	4
1205	2	4
1206	0	6
1207	0	5
1208	0	2
1209	0	2
1210	0	4
1211	0	3
1212	1	7
1213	0	2
1214	0	3
1215	0	6
1216	1	3
1217	3	3
1218	0	5
1219	1	3
1220	0	4
1221	0	4
1222	0	4
1223	0	4
1224	0	7
1225	0	6
1226	2	3
1227	5	6
1228	3	3
1229	0	5
1230	1	5
1231	1	4
1232	1	6
1233	2	1
1234	0	3
1235	1	1
1236	1	5
1237	0	7
1238	0	2
1239	0	6
1240	0	6
1241	0	6
1242	0	1
1243	0	4
1244	1	4
1245	3	5
1246	1	3
1247	0	3
1248	1	6
1249	0	2
1250	1	1
1251	1	5
1252	0	2
1253	1	3
1254	1	3
1255	0	3
1256	0	4
1257	1	1
1258	0	5
1259	0	3
1260	2	6
1261	0	1
1262	1	3
1263	0	2
1264	0	4
1265	3	3
1266	1	4
1267	0	3
1268	2	10
1269	5	4
1270	1	2
1271	0	8
1272	1	4
1273	0	2
1274	1	6
1275	3	5
1276	1	2
1277	0	6
1278	1	3
1279	0	7
1280	0	4
1281	3	4
1282	1	4
1283	1	2
1284	1	4
1285	3	2
1286	2	3
1287	0	2
1288	0	4
1289	0	5
1290	0	5
1291	0	4
1292	1	1
1293	2	3
1294	0	4
1295	3	3
1296	3	5
1297	1	7
1298	2	4
1299	0	6
1300	0	4
1301	2	3
1302	5	3
1303	2	8
1304	0	5
1305	2	2
1306	1	10
1307	2	3
1308	0	6
1309	1	3
1310	0	1
1311	0	7
1312	0	7
1313	2	7
1315	1	4
1316	3	1
1317	0	3
1318	0	6
1319	1	5
1320	0	3
1321	1	1
1322	1	3
1323	0	5
1324	9	0
1325	0	10
1326	2	4
1327	1	6
1328	0	8
1329	2	6
1330	0	2
1331	2	9
1332	1	6
1333	0	3
1334	0	7
1335	0	6
1336	1	5
1337	1	10
1338	1	5
1339	2	7
1340	0	6
1341	0	8
1342	3	0
1343	0	3
1344	1	5
1345	0	3
1346	1	6
1347	1	5
1348	2	2
1349	1	4
1350	0	7
1351	2	2
1352	1	6
1353	1	6
1354	1	7
1355	0	5
1356	2	2
1357	1	5
1358	1	3
1359	0	1
1360	1	2
1361	0	3
1362	2	3
1363	0	3
1364	2	2
1365	0	4
1366	0	4
1367	2	7
1368	1	6
1369	1	4
1370	5	3
1371	1	4
1372	2	5
1373	0	2
1374	0	4
1375	0	4
1376	1	4
1377	1	5
1378	0	2
1379	0	3
1380	0	5
1381	0	3
1382	0	7
1383	0	3
1384	1	1
1385	2	1
1386	0	2
1387	1	6
1388	0	1
1389	1	5
1390	1	1
1391	0	6
1392	0	5
1393	0	4
1394	2	7
1395	1	6
1396	0	2
1397	1	4
1398	1	1
1399	1	8
1400	1	3
1401	0	3
1402	1	5
1403	0	4
1404	1	6
1405	0	5
1406	0	6
1407	0	5
1408	0	5
1409	0	4
1410	1	5
1411	1	4
1412	2	4
1413	1	2
1414	0	4
1415	1	7
1416	0	1
1417	0	4
1418	0	2
1419	2	3
1420	0	4
1421	2	2
1422	0	5
1423	1	1
1424	0	8
1425	1	5
1426	1	6
1427	1	5
1428	1	2
1429	0	7
1430	0	4
1431	0	4
1432	0	7
1433	4	6
1434	2	9
1435	0	5
1436	1	2
1437	0	3
1438	0	3
1439	0	2
1440	1	5
1441	0	4
1442	2	5
1443	0	2
1444	2	1
1445	2	1
1446	0	6
1447	0	2
1448	1	6
1449	2	4
1450	2	5
1451	1	4
1452	0	7
1453	1	3
1454	0	4
1455	0	8
1456	0	2
1457	0	8
1458	4	1
1459	0	3
1460	0	3
1461	0	4
1462	1	3
1463	1	8
1464	0	9
1465	0	3
1466	0	2
1467	0	1
1468	0	6
1469	2	3
1470	3	3
1471	0	3
1472	1	6
1473	1	5
1474	1	5
1475	0	2
1476	2	8
1477	0	8
1478	0	2
1479	1	7
1480	0	4
1481	1	2
1482	0	7
1483	0	4
1484	1	11
1485	2	9
1486	0	2
1487	1	1
1488	2	4
1489	0	4
1490	2	7
1491	0	3
1492	4	5
1493	3	3
1494	0	5
1495	0	5
1496	4	6
1497	1	3
1498	1	5
1499	0	4
1500	0	1
1501	5	6
1502	1	2
1503	0	2
1504	3	3
1505	1	5
1507	0	2
1508	3	2
1509	3	8
1510	3	5
1511	3	6
1512	3	4
1513	0	5
1514	2	6
1515	0	2
1516	1	7
1517	2	2
1518	0	8
1519	0	6
1520	2	4
1521	1	9
1522	1	6
1523	2	7
1524	1	4
1525	1	6
1526	0	6
1527	1	4
1528	0	5
1529	0	5
1530	0	3
1531	0	7
1532	0	7
1533	1	0
1534	1	1
1535	1	2
1536	0	4
1537	1	5
1538	1	3
1539	0	3
1540	2	1
1541	0	4
1542	1	5
1543	1	4
1544	0	4
1545	2	4
1546	0	7
1547	0	6
1548	2	6
1549	1	3
1550	0	2
1551	2	4
1552	1	3
1553	0	5
1554	0	6
1555	2	4
1556	1	4
1557	0	7
1558	0	7
1559	2	4
1560	1	5
1561	0	1
1562	1	7
1563	0	2
1564	1	3
1565	2	5
1566	5	6
1567	5	4
1568	2	7
1569	1	3
1570	0	6
1571	0	5
1572	2	4
1573	1	5
1574	0	7
1575	0	5
1576	0	5
1577	0	2
1578	0	2
1579	0	2
1580	0	1
1581	0	4
1582	0	7
1583	3	0
1584	2	1
1585	0	3
1586	0	1
1587	0	2
1588	2	2
1589	1	4
1590	2	3
1591	0	1
1592	1	5
1593	3	3
1594	0	5
1595	0	1
1596	0	1
1597	1	4
1598	2	2
1599	2	1
1600	0	6
1601	1	4
1602	1	4
1603	2	2
1604	1	5
1606	0	8
1607	0	8
1608	1	1
1609	2	6
1610	1	2
1611	0	4
1612	1	4
1613	0	7
1614	1	2
1615	1	5
1616	0	1
1617	0	3
1618	0	5
1619	3	4
1620	2	4
1621	0	4
1622	1	5
1623	0	3
1624	1	9
1625	1	0
1626	0	4
1627	0	4
1628	0	5
1629	0	3
1630	0	2
1631	1	6
1632	0	6
1633	0	4
1634	0	3
1635	1	7
1636	1	1
1637	2	1
1638	1	5
1639	0	5
1640	0	9
1641	0	4
1642	1	8
1643	0	12
1644	1	2
1645	1	4
1646	0	3
1647	1	4
1648	0	3
1649	1	6
1650	0	7
1651	0	4
1652	0	4
1653	0	6
1654	1	13
1655	1	5
1656	2	5
1657	0	2
1658	0	3
1659	1	2
1660	0	4
1661	1	6
1662	0	5
1663	1	6
1664	1	6
1665	0	6
1666	0	1
1667	1	1
1668	0	5
1669	0	2
1670	0	3
1671	0	7
1672	1	3
1673	0	7
1674	0	4
1675	1	4
1676	2	2
1677	1	5
1678	0	2
1679	2	3
1680	0	8
1681	1	8
1682	0	4
1683	0	6
1684	1	4
1685	0	3
1686	0	3
1687	0	2
1688	0	2
1689	0	3
1690	0	2
1691	1	11
1692	1	5
1693	0	3
1694	0	6
1695	0	6
1696	0	3
1698	0	6
1699	3	6
1700	2	4
1701	2	4
1702	0	3
1703	1	4
1704	1	2
1705	1	3
1706	3	6
1707	0	3
1708	1	4
1709	0	2
1710	1	7
1711	0	8
1712	2	3
1713	5	6
1714	0	10
1715	1	5
1716	0	14
1717	1	3
1718	1	7
1719	0	8
1720	2	5
1721	2	5
1722	3	7
1723	0	3
1724	0	7
1725	0	6
1726	0	9
1727	1	3
1728	0	5
1729	2	6
1730	0	3
1731	0	7
1732	0	3
1733	0	4
1734	0	5
1735	0	4
1736	2	2
1737	1	10
1738	1	5
1739	1	5
1741	3	4
1742	0	7
1743	1	2
1744	2	7
1745	1	2
1746	2	2
1747	0	7
1748	2	8
1749	0	2
1750	1	9
1751	0	8
1752	1	3
1753	2	3
1754	0	5
1755	1	12
1756	1	5
1757	0	8
1758	0	5
1759	0	5
1760	3	12
1761	2	7
1762	0	5
1763	1	2
1764	0	7
1765	1	2
1766	0	3
1767	0	1
1768	0	3
1769	1	2
1770	3	7
1771	0	7
1772	0	1
1773	1	4
1774	0	6
1775	0	5
1776	0	2
1777	1	8
1778	0	2
1779	0	3
1780	0	6
1781	1	7
1782	0	9
1783	0	8
1784	0	4
1785	0	7
1786	1	7
1787	1	3
1788	1	1
1789	2	2
1790	2	1
1791	2	4
1792	0	6
1793	0	1
1794	0	3
1795	2	3
1796	1	4
1797	2	5
1798	0	7
1799	1	8
1800	0	6
1801	0	3
1802	0	5
1803	0	2
1804	0	6
1805	0	5
1806	0	7
1807	1	2
1808	1	0
1809	2	4
1810	0	5
1811	0	7
1812	1	0
1813	0	2
1814	0	4
1815	0	4
1816	1	2
1817	1	6
1818	0	5
1819	0	4
1820	0	6
1821	0	8
1822	0	7
1823	0	4
1824	0	6
1825	0	3
1826	0	3
1827	0	2
1828	1	3
1829	1	3
1830	0	7
1831	0	2
1832	1	6
1833	0	3
1834	0	1
1835	1	2
1836	0	6
1837	0	5
1838	1	0
1839	1	6
1840	1	6
1841	0	2
1842	0	6
1843	0	5
1844	0	4
1845	0	5
1846	1	4
1847	1	4
1848	0	7
1849	0	2
1850	0	7
1851	1	3
1852	1	1
1853	2	6
1854	0	3
1855	1	4
1856	0	6
1857	0	6
1858	1	3
1859	0	7
1860	0	2
1861	1	2
1862	0	7
1863	2	4
1864	1	6
1865	1	3
1866	0	4
1867	0	2
1868	0	6
1869	1	1
1870	0	7
1871	2	7
1872	3	9
1873	0	4
1874	1	6
1875	1	6
1876	0	3
1877	1	7
1878	1	6
1879	0	3
1880	0	6
1881	0	2
1882	2	3
1883	0	3
1884	0	5
1885	0	3
1886	0	7
1887	0	5
1888	0	4
1889	0	4
1890	1	8
1891	2	6
1892	0	3
1893	1	6
1894	0	9
1895	0	4
1896	1	1
1897	2	1
1898	2	5
1899	3	1
1901	1	7
1902	1	6
1903	0	3
1904	1	5
1905	0	8
1906	0	6
1907	0	4
1908	2	2
1909	0	2
1910	1	4
1911	3	7
1912	1	4
1913	1	6
1914	0	3
1915	0	2
1916	1	4
1917	2	10
1918	0	5
1919	2	1
1920	2	8
1921	1	1
1922	2	8
1923	0	4
1924	0	2
1925	0	5
1926	2	5
1927	1	4
1928	3	8
1929	0	7
1930	1	2
1931	1	2
1932	0	8
1933	0	3
1934	1	6
1935	0	6
1936	3	6
1937	3	7
1938	2	3
1939	1	5
1940	0	4
1941	2	1
1942	2	6
1943	0	6
1944	0	5
1945	2	8
1946	1	7
1947	0	2
1948	0	6
1949	0	7
1950	0	8
1951	0	7
1952	1	4
1953	3	4
1954	0	7
1955	1	6
1956	0	9
1957	2	7
1958	0	7
1959	1	8
1960	0	3
1961	1	4
1962	2	5
1963	1	5
1964	1	3
1965	1	5
1966	0	6
1967	1	5
1968	2	2
1969	1	7
1970	1	2
1971	0	5
1972	1	5
1973	1	4
1974	0	4
1975	2	3
1976	1	5
1977	0	7
1978	0	6
1979	2	6
1980	1	7
1981	2	7
1982	5	6
1983	0	4
1984	2	5
1985	2	3
1986	1	4
1987	1	6
1988	2	9
1989	3	5
1990	5	7
1992	1	3
1993	2	4
1994	1	3
1995	3	6
1996	1	4
1997	1	6
1998	1	2
1999	1	7
2000	2	12
2001	3	12
2002	1	4
2003	1	3
2004	1	3
2005	0	4
2006	2	4
2007	1	3
2008	0	6
2009	1	4
2010	1	9
2011	0	4
2012	2	6
2013	2	8
2014	2	3
2015	2	4
2016	0	7
2017	0	6
2018	0	4
2019	0	1
2020	1	5
2021	0	2
2022	1	5
2023	1	7
2024	5	2
2025	4	3
2026	0	6
2027	0	7
2028	2	8
2029	0	5
2030	1	7
2031	0	1
2032	1	8
2033	1	6
2034	0	7
2035	0	3
2036	1	2
2037	0	7
2038	4	4
2039	3	3
2040	3	8
2041	1	1
2042	1	4
2043	0	7
2044	0	2
2045	0	4
2046	3	6
2047	8	6
2048	1	8
2049	1	4
2050	0	4
2051	1	5
2052	3	5
2053	0	6
2054	1	11
2055	0	7
2056	2	5
2057	1	9
2058	0	5
2059	2	5
2060	1	2
2061	0	9
2062	0	2
2063	0	8
2064	0	6
2065	0	3
2066	1	1
2067	0	1
2068	0	3
2069	1	2
2070	1	5
2071	0	8
2072	0	3
2073	1	1
2074	1	5
2075	5	2
2076	3	2
2077	0	3
2078	0	3
2079	0	3
2080	0	3
2081	0	3
2082	0	2
2083	0	4
2084	1	4
2085	1	3
2086	3	5
2087	0	6
2088	1	4
2089	1	3
2090	0	9
2091	0	2
2092	0	4
2093	0	4
2094	1	3
2095	1	5
2096	0	7
2097	0	4
2098	0	6
2099	1	8
2100	0	6
2101	1	6
2102	0	7
2103	4	3
2104	0	4
2105	1	5
2106	0	4
2107	1	6
2108	0	4
2109	0	9
2110	2	7
2111	0	3
2112	2	4
2113	0	1
2114	0	2
2115	2	1
2116	1	3
2117	1	6
2118	0	5
2119	0	2
2120	0	2
2121	0	5
2122	0	5
2123	1	2
2124	0	5
2125	1	3
2126	2	5
2127	2	4
2128	1	3
2129	0	5
2130	0	9
2131	1	3
2132	1	5
2133	0	4
2134	0	4
2135	0	4
2136	1	4
2137	3	6
2138	4	1
2139	6	4
2140	2	3
2141	1	3
2142	1	5
2143	1	8
2144	0	3
2145	0	4
2146	1	3
2147	0	3
2148	0	5
2149	0	2
2150	1	3
2151	1	2
2152	0	1
2153	0	3
2154	1	9
2155	0	5
2156	0	7
2157	0	5
2158	1	8
2159	1	7
2160	2	2
2161	0	16
2162	1	8
2163	0	5
2164	0	8
2165	0	5
2166	2	4
2167	0	6
2168	2	4
2169	0	2
2170	1	7
2171	0	6
2172	1	4
2173	1	1
2174	1	2
2175	0	3
2176	3	5
2177	3	2
2178	6	7
2179	0	5
2180	2	2
2181	2	8
2182	2	3
2183	1	3
2184	2	6
2185	1	7
2186	0	4
2187	0	5
2188	1	5
2189	1	3
2190	1	8
2191	0	7
2192	2	5
2193	0	5
2194	2	9
2195	2	2
2196	0	7
2197	1	5
2198	1	6
2199	1	11
2200	1	7
2201	1	17
2202	0	19
2203	2	11
2204	0	1
2205	8	2
2206	3	1
2207	3	3
2208	3	2
2209	0	8
2210	1	11
2211	0	4
2212	1	6
2213	2	13
2214	1	10
2215	1	8
2216	1	9
2217	5	4
2218	1	7
2219	3	6
2220	4	15
2221	3	8
2222	4	8
2223	2	10
2224	3	8
2225	6	7
2226	4	10
2227	4	9
2228	4	10
2229	5	6
2230	6	7
2231	8	7
2232	10	2
2233	0	17
2234	1	15
2235	9	9
2236	0	8
2237	2	8
2238	4	7
2239	1	11
2240	2	9
2241	0	3
2242	1	6
2243	7	3
2244	0	3
2245	1	2
2246	0	6
2247	2	3
2248	1	5
2249	1	3
2250	0	6
2251	1	4
2252	0	7
2253	0	4
2254	2	2
2255	0	3
2256	0	3
2257	3	4
2258	2	1
2259	0	3
2260	0	3
2261	1	4
2262	0	2
2263	0	3
2264	0	4
2265	0	2
2266	0	1
2267	0	2
2268	0	2
2269	0	3
2270	0	7
2271	2	2
2272	1	5
2273	0	3
2274	1	5
2275	1	10
2276	1	8
2277	0	6
2278	1	3
2279	0	6
2280	0	3
2281	2	4
2282	0	5
2283	2	4
2284	0	2
2285	0	3
2286	1	6
2287	1	9
2288	0	7
2289	1	10
2290	0	7
2291	0	7
2292	1	7
2293	1	8
2294	0	8
2295	3	1
2296	0	6
2297	0	7
2298	2	2
2299	0	3
2300	0	7
2301	0	5
2302	0	1
2303	0	3
2304	1	4
2305	1	7
2306	0	7
2307	0	5
2308	1	7
2309	0	2
2310	0	7
2311	0	2
2312	2	6
2313	0	7
2314	1	8
2315	1	3
2316	1	5
2317	2	2
2318	1	5
2319	1	7
2320	1	2
2321	0	2
2322	1	4
2323	0	1
2324	0	4
2325	0	7
2326	2	6
2327	2	3
2328	2	1
2329	2	3
2330	0	3
2331	1	8
2332	0	4
2333	0	5
2334	1	2
2335	3	5
2336	0	5
2337	2	4
2338	0	2
2339	0	5
2340	0	6
2341	1	8
2342	0	8
2343	1	6
2344	0	5
2345	2	6
2346	1	4
2347	1	3
2348	1	5
2349	0	5
2350	1	6
2351	1	2
2352	1	2
2353	0	2
2354	0	7
2355	3	5
2356	0	10
2357	0	7
2358	2	7
2359	0	3
2360	0	4
2361	0	3
2362	2	4
2363	0	1
2364	0	8
2365	0	7
2366	0	2
2367	0	2
2368	0	5
2369	0	5
2370	0	4
2371	1	0
2372	0	4
2373	0	3
2374	1	4
2375	0	4
2376	0	3
2377	1	4
2378	2	6
2379	1	5
2380	0	5
2381	0	5
2382	1	4
2383	1	4
2384	0	7
2385	0	6
2386	0	3
2387	0	5
2388	0	2
2389	0	3
2390	2	4
2391	0	1
2392	0	2
2393	2	8
2394	1	8
2395	2	4
2396	0	4
2397	1	4
2398	0	4
2399	0	2
2400	0	4
2401	0	7
2402	1	6
2403	0	8
2404	2	6
2405	0	1
2406	0	6
2407	0	6
2408	0	4
2409	1	7
2410	1	9
2411	0	3
2412	1	2
2413	0	1
2414	0	4
2415	0	3
2416	1	3
2417	0	3
2418	0	4
2419	0	3
2420	0	5
2421	3	0
2422	1	4
2423	0	6
2424	0	5
2425	1	4
2427	1	4
2428	2	4
2429	0	3
2430	0	9
2431	0	6
2432	0	2
2433	3	4
2434	2	4
2435	2	1
2436	0	3
2437	0	5
2438	2	4
2439	1	2
2440	0	6
2441	1	5
2442	1	2
2443	0	7
2444	0	4
2445	0	3
2446	0	1
2447	1	1
2448	0	5
2449	4	3
2450	2	2
2451	0	10
2452	2	2
2453	0	2
2454	0	3
2455	3	8
2456	2	2
2457	0	8
2458	1	5
2459	1	12
2460	0	4
2461	0	1
2462	0	2
2463	0	6
2464	0	3
2465	1	8
2466	0	6
2467	0	1
2468	1	6
2469	1	5
2470	0	4
2471	0	4
2472	3	5
2473	1	6
2474	1	3
2475	1	2
2476	0	6
2477	0	3
2478	0	4
2479	0	6
2480	0	7
2481	1	7
2483	0	1
2484	0	4
2485	0	5
2486	1	6
2487	1	3
2488	0	6
2489	2	6
2490	1	3
2491	0	4
2492	4	1
2493	1	2
2494	1	3
2495	1	3
2496	0	7
2497	1	2
2498	0	4
2499	0	2
2500	0	6
2501	0	6
2502	1	2
2503	0	6
2504	0	2
2505	2	1
2506	0	5
2507	0	5
2508	0	5
2509	0	6
2510	1	4
2511	1	2
2512	4	4
2513	0	5
2514	1	6
2515	1	6
2516	1	2
2517	0	5
2518	3	5
2519	0	1
2520	1	1
2521	1	7
2522	0	7
2523	1	3
2524	0	4
2525	0	2
2526	1	5
2527	0	8
2528	2	4
2529	2	3
2530	4	4
2531	0	3
2532	2	3
2533	1	6
2534	0	4
2535	0	3
2536	2	7
2537	1	6
2538	0	5
2539	0	7
2540	2	13
2541	0	8
2542	0	2
2543	3	2
2544	2	7
2545	1	3
2546	0	6
2547	1	7
2548	1	7
2549	1	6
2550	1	5
2551	1	1
2552	1	5
2554	1	3
2555	0	9
2556	0	6
2557	0	5
2558	2	2
2559	2	6
2560	1	4
2561	0	6
2562	0	6
2563	0	4
2564	0	3
2565	0	2
2566	0	6
2567	0	5
2568	1	10
2569	1	4
2570	1	3
2571	1	2
2572	0	2
2573	0	4
2574	0	2
2575	1	7
2576	2	6
2577	2	5
2578	0	3
2579	0	1
2580	0	1
2581	0	5
2582	2	6
2583	1	8
2584	1	6
2585	2	6
2586	0	5
2587	1	4
2588	2	4
2589	0	6
2590	3	5
2591	0	6
2592	1	5
2593	3	8
2594	1	5
2595	0	3
2596	0	10
2597	0	3
2598	0	8
2599	2	5
2600	0	1
2601	0	5
2602	0	3
2603	0	8
2604	1	4
2605	0	1
2606	0	3
2607	1	4
2608	1	6
2609	1	2
2610	1	2
2611	1	2
2612	1	3
2613	0	4
2614	0	3
2615	4	4
2616	1	2
2617	3	5
2618	4	3
2619	0	5
2620	2	2
2621	1	5
2622	1	2
2623	1	1
2624	0	3
2625	2	8
2626	0	6
2627	2	4
2628	0	11
2629	0	5
2630	1	4
2631	0	2
2632	0	3
2633	0	6
2634	0	7
2635	2	4
2636	0	5
2637	0	6
2638	1	1
2639	0	5
2640	0	5
2641	0	1
2642	0	5
2643	0	6
2644	0	2
2645	0	5
2646	0	7
2647	0	2
2648	1	5
2649	0	12
2650	0	4
2651	1	4
2652	0	6
2653	0	1
2654	0	8
2655	0	3
2656	0	6
2657	0	2
2658	1	7
2659	0	4
2660	1	4
2661	0	2
2662	0	3
2663	0	8
2664	1	4
2665	0	2
2666	1	4
2667	0	5
2668	2	6
2669	0	1
2670	2	2
2671	1	2
2672	0	3
2673	1	6
2674	3	3
2675	0	8
2676	0	6
2677	1	1
2678	2	6
2679	1	5
2680	0	3
2681	1	4
2682	1	2
2683	1	6
2684	0	7
2685	1	3
2686	1	5
2687	0	2
2688	0	8
2689	1	2
2690	1	5
2691	0	10
2692	1	4
2693	1	1
2694	0	6
2695	1	4
2696	0	4
2697	0	4
2698	1	4
2699	1	4
2700	0	6
2701	0	5
2702	0	3
2703	0	4
2704	1	2
2705	2	3
2706	3	6
2707	4	8
2708	2	5
2709	2	3
2710	2	3
2711	0	4
2712	0	4
2713	1	1
2714	0	1
2715	0	6
2716	0	2
2717	0	6
2718	3	4
2719	0	2
2720	0	6
2721	0	5
2722	1	4
2723	0	3
2724	0	1
2725	0	8
2726	1	7
2727	1	4
2728	4	11
2729	3	1
2730	4	3
2731	4	2
2732	0	2
2733	3	2
2734	0	6
2735	1	5
2736	0	7
2737	0	5
2738	0	7
2739	2	3
2740	1	3
2741	2	7
2742	0	7
2743	1	4
2744	0	6
2745	2	2
2746	0	5
2747	1	3
2748	1	1
2749	1	4
2750	1	1
2751	1	2
2752	0	4
2753	1	7
2754	5	10
2755	2	4
2756	1	5
2757	0	2
2758	0	6
2759	1	3
2760	0	2
2761	0	3
2762	0	3
2763	2	5
2764	2	7
2765	2	4
2766	1	3
2767	0	4
2768	0	5
2769	0	5
2770	2	5
2771	1	5
2772	1	9
2773	0	4
2774	1	5
2775	1	2
2776	0	3
2777	1	5
2778	0	6
2779	1	3
2780	0	3
2781	2	6
2782	4	8
2783	3	2
2784	1	3
2785	2	4
2786	0	4
2787	1	3
2788	0	1
2789	1	0
2790	0	7
2791	1	8
2792	1	3
2793	1	7
2794	5	2
2795	0	2
2796	0	1
2797	1	4
2798	0	5
2799	1	3
2800	0	3
2801	0	2
2802	0	3
2803	2	6
2804	0	2
2805	1	8
2806	1	1
2807	1	9
2808	0	8
2809	1	5
2810	1	4
2811	0	7
2813	0	3
2814	0	4
2815	0	5
2816	0	3
2818	1	6
2819	2	1
2820	0	6
2821	0	3
2822	0	1
2823	0	2
2824	0	4
2825	0	6
2826	1	6
2827	1	4
2828	0	4
2829	2	4
2830	0	2
2831	1	6
2832	0	3
2833	1	8
2834	1	6
2835	3	2
2836	8	4
2837	3	5
2838	5	3
2839	0	4
2840	0	5
2841	0	3
2842	1	2
2843	0	3
2844	0	1
2845	1	4
2846	2	3
2847	0	5
2848	1	3
2849	2	3
2850	1	4
2851	1	5
2852	1	3
2853	2	4
2854	1	1
2855	0	4
2856	2	9
2857	1	1
2858	1	9
2859	0	3
2860	3	2
2861	0	7
2862	1	1
2863	0	8
2864	1	2
2865	0	5
2866	1	2
2867	0	3
2868	1	4
2869	1	2
2870	0	2
2871	2	3
2872	0	6
2873	0	4
2874	0	5
2875	0	4
2876	0	3
2877	1	5
2878	0	2
2879	1	4
2880	3	4
2881	1	7
2882	0	8
2883	1	5
2884	2	9
2885	1	4
2886	0	4
2887	0	2
2888	1	0
2889	2	6
2890	0	1
2891	0	1
2892	0	4
2893	0	5
2894	0	6
2895	0	1
2896	2	2
2897	0	4
2898	0	2
2899	1	2
2900	1	2
2901	0	4
2902	0	6
2903	0	5
2904	1	4
2905	0	7
2906	1	5
2907	0	6
2908	0	7
2910	1	6
2911	0	3
2912	0	2
2913	0	2
2914	2	4
2915	1	4
2916	0	6
2917	1	3
2918	0	8
2919	1	3
2920	0	2
2921	1	6
2922	1	3
2923	1	5
2924	0	3
2925	0	11
2926	0	6
2927	2	5
2928	1	7
2929	0	8
2930	1	2
2931	0	4
2932	1	3
2933	1	7
2934	1	10
2935	2	5
2936	3	7
2937	0	2
2938	3	3
2939	1	4
2940	0	3
2941	1	6
2942	0	4
2943	0	5
2944	1	7
2945	2	7
2946	0	3
2947	0	12
2948	1	8
2949	1	4
2950	1	7
2951	1	5
2952	0	4
2953	1	8
2954	2	5
2955	0	10
2956	0	6
2957	1	7
2958	0	5
2959	0	7
2960	1	3
2961	1	3
2962	0	1
2963	2	5
2964	1	5
2965	0	1
2966	1	3
2967	0	2
2968	0	3
2970	1	3
2971	1	5
2972	0	6
2973	1	1
2974	0	4
2975	1	10
2976	0	4
2977	0	4
2978	1	3
2979	0	6
2980	1	5
2981	0	5
2982	1	10
2983	0	5
2984	0	6
2985	1	4
2986	0	3
2987	1	11
2988	0	7
2989	0	1
2990	0	7
2991	2	7
2992	0	3
2993	1	6
2994	1	5
2995	1	5
2996	3	2
2997	1	5
2998	2	8
2999	1	7
3000	0	11
3001	1	2
3002	0	6
3003	0	7
3004	0	5
3005	0	6
3006	1	4
3007	0	6
3008	0	6
3009	0	5
3010	1	12
3011	0	7
3012	4	4
3013	0	7
3014	0	6
3015	0	7
3016	0	11
3017	0	7
3018	1	5
3019	1	6
3020	0	1
3021	1	7
3022	0	3
3023	0	3
3024	0	6
3025	3	14
3026	1	4
3027	0	7
3028	1	5
3029	1	4
3030	0	6
3031	1	10
3032	0	7
3033	2	3
3034	1	9
3035	0	4
3036	1	4
3037	0	6
3038	0	3
3039	2	4
3040	2	4
3041	1	7
3042	1	1
3043	2	4
3044	1	7
3045	2	5
3046	3	1
3047	2	3
3048	1	2
3049	1	7
3050	0	3
3051	1	4
3052	0	7
3053	4	2
3054	1	6
3055	2	9
3056	1	4
3057	0	3
3058	0	6
3059	1	5
3060	0	4
3061	2	6
3062	1	6
3063	0	1
3064	0	7
3065	0	7
3066	2	5
3067	1	3
3068	3	5
3069	0	6
3070	1	6
3071	0	6
3072	0	5
3073	2	5
3074	2	3
3075	0	5
3076	0	3
3077	0	4
3078	0	4
3079	2	4
3080	4	2
3081	0	6
3082	2	3
3083	0	3
3084	2	4
3085	0	10
3086	1	4
3087	0	5
3088	1	7
3089	0	2
3090	0	9
3091	0	3
3092	0	6
3093	1	1
3094	2	2
3095	0	6
3096	0	6
3097	0	4
3098	0	2
3099	0	7
3100	0	2
3101	1	6
3102	0	6
3103	0	6
3104	1	4
3105	0	2
3106	0	1
3107	0	2
3108	2	1
3109	6	1
3110	0	5
3111	1	3
3112	2	1
3113	0	5
3114	0	3
3115	1	3
3116	0	6
3117	1	9
3118	1	3
3119	0	6
3120	3	2
3121	0	4
3122	1	3
3123	0	4
3124	2	7
3125	1	4
3126	1	1
3127	0	3
3128	0	4
3129	0	8
3130	0	4
3131	0	3
3132	0	2
3133	0	3
3134	0	6
3135	0	5
3136	0	7
3137	0	4
3138	0	4
3139	1	6
3140	0	2
3141	2	2
3142	0	4
3143	0	2
3144	0	2
3145	1	7
3146	1	6
3147	1	4
3148	0	3
3149	0	6
3150	0	1
3151	2	3
3152	1	4
3153	1	7
3154	1	11
3155	0	1
3156	1	2
3157	0	3
3158	0	4
3159	0	5
3160	0	4
3161	0	2
3162	1	2
3163	0	6
3164	4	3
3165	3	1
3166	1	4
3167	2	4
3168	0	5
3169	2	5
3170	1	4
3171	4	5
3172	0	3
3173	0	9
3174	1	4
3175	1	3
3176	2	9
3177	0	4
3178	1	2
3179	0	8
3180	1	6
3181	1	4
3182	1	9
3183	3	3
3184	0	4
3185	0	5
3186	0	7
3187	1	0
3188	1	8
3189	2	8
3190	0	9
3191	0	1
3192	2	3
3193	0	7
3194	1	8
3195	2	4
3196	2	4
3197	0	2
3198	1	5
3199	5	4
3200	1	6
3201	0	4
3202	0	2
3203	0	5
3204	1	2
3205	1	3
3206	0	7
3207	0	2
3208	0	7
3209	0	3
3210	0	11
3211	1	3
3212	0	9
3213	2	2
3214	1	4
3215	0	5
3216	0	3
3217	1	6
3218	1	2
3219	1	9
3220	0	6
3221	1	7
3222	0	4
3223	1	4
3224	0	3
3225	1	4
3226	0	3
3227	0	1
3228	1	4
3230	1	3
3231	1	8
3232	1	5
3233	0	6
3234	0	4
3235	0	9
3236	2	5
3237	2	4
3238	2	8
3239	0	6
3240	2	6
3241	3	3
3242	1	6
3243	0	3
3244	0	5
3245	0	1
3246	0	3
3247	0	5
3248	0	1
3249	0	9
3250	1	6
3251	0	3
3252	0	7
3253	1	3
3254	0	4
3255	0	2
3256	2	0
3257	0	4
3258	0	2
3259	0	3
3260	1	3
3261	2	6
3262	1	5
3263	0	1
3264	2	7
3265	0	1
3266	0	2
3267	1	4
3268	0	5
3269	2	5
3270	0	6
3271	1	6
3272	0	2
3273	2	6
3274	1	4
3275	0	5
3276	0	1
3277	0	5
3278	1	5
3279	0	3
3280	4	5
3281	1	4
3282	2	12
3283	1	0
3284	1	5
3285	0	3
3286	2	3
3287	0	6
3288	1	3
3289	0	2
3290	0	5
3291	1	5
3292	0	3
3293	0	7
3294	0	6
3295	0	5
3296	2	6
3297	2	2
3298	1	5
3299	0	4
3300	1	6
3301	1	8
3302	0	3
3303	2	12
3304	0	4
3305	2	1
3306	1	5
3307	2	1
3308	0	4
3309	0	4
3310	0	7
3311	0	7
3312	0	4
3313	0	7
3314	0	4
3315	0	2
3316	0	3
3317	0	3
3318	1	3
3319	0	5
3320	1	2
3321	0	6
3322	2	5
3323	1	6
3324	0	1
3325	0	2
3326	2	1
3327	0	8
3328	1	6
3329	0	6
3330	1	5
3331	2	4
3332	1	4
3333	1	3
3334	0	8
3335	0	4
3336	0	3
3337	1	4
3338	2	7
3339	1	4
3340	0	7
3341	1	4
3342	1	3
3343	3	6
3344	1	7
3345	0	2
3346	0	3
3347	2	4
3348	0	12
3349	1	8
3350	0	9
3351	1	8
3352	0	3
3353	0	5
3354	0	1
3355	3	5
3356	2	4
3357	1	4
3358	2	1
3359	0	5
3360	0	9
3361	4	4
3362	1	7
3363	0	5
3364	1	8
3365	3	4
3366	1	3
3367	0	4
3368	0	6
3369	1	3
3370	2	4
3371	0	4
3372	2	6
3373	0	4
3374	1	2
3375	2	3
3376	3	6
3377	1	4
3378	0	8
3379	0	3
3380	0	5
3381	0	2
3382	1	4
3383	0	3
3384	2	6
3385	0	3
3386	2	6
3387	1	7
3388	1	7
3389	0	2
3390	0	8
3391	0	6
3392	2	5
3393	0	4
3394	3	4
3396	1	10
3397	2	6
3398	1	4
3399	2	3
3400	0	3
3401	0	7
3402	0	4
3403	0	5
3404	0	4
3405	0	6
3406	1	3
3407	0	1
3408	1	6
3409	1	4
3410	0	5
3411	0	4
3412	1	2
3413	2	3
3414	0	6
3415	2	3
3416	1	7
3417	0	3
3418	0	5
3419	0	3
3420	0	5
3421	1	3
3422	1	5
3423	1	5
3424	0	6
3425	0	2
3426	0	8
3427	0	2
3428	0	5
3429	0	7
3430	0	5
3431	1	5
3432	2	8
3433	1	4
3434	1	7
3435	0	3
3436	0	8
3437	1	5
3438	0	1
3439	2	5
3440	0	5
3441	0	3
3442	1	2
3443	1	5
3444	0	6
3445	2	2
3446	0	1
3447	1	6
3448	0	3
3449	2	5
3450	0	6
3451	1	7
3452	0	3
3453	1	4
3454	1	5
3455	0	4
3456	2	7
3457	0	4
3458	0	4
3459	0	2
3460	0	4
3461	0	7
3462	0	4
3463	0	7
3464	0	4
3465	1	2
3466	1	7
3467	1	1
3468	0	5
3469	0	3
3470	1	9
3471	0	2
3472	2	4
3473	1	3
3474	1	3
3475	2	2
3476	0	1
3477	0	3
3478	1	4
3479	2	2
3480	0	6
3481	2	10
3482	0	4
3483	0	3
3485	1	2
3486	1	7
3487	0	3
3488	2	7
3489	2	6
3490	0	4
3491	1	4
3492	0	5
3493	0	2
3494	0	3
3495	1	2
3496	0	2
3497	0	3
3498	0	4
3499	2	5
3500	4	4
3501	0	2
3502	0	3
3503	2	3
3504	0	5
3505	0	2
3506	1	2
3507	0	5
3508	1	7
3509	1	2
3510	1	3
3511	1	9
3512	3	1
3514	0	1
3515	1	5
3516	2	0
3517	2	3
3518	2	4
3519	2	1
3520	0	5
3521	1	3
3522	2	5
3523	0	3
3524	2	5
3525	5	4
3526	1	1
3527	0	2
3528	0	9
3529	0	6
3530	2	3
3531	0	3
3532	1	3
3533	2	3
3534	0	3
3535	3	3
3536	2	2
3537	0	2
3538	0	3
3539	2	4
3540	0	4
3541	0	6
3542	0	8
3543	0	7
3544	1	4
3545	1	4
3546	2	2
3548	0	8
3549	1	3
3550	2	6
3551	0	3
3552	1	5
3553	1	4
3554	2	1
3555	1	3
3556	1	4
3557	0	5
3558	0	4
3559	0	5
3560	0	3
3561	0	2
3562	0	3
3563	2	4
3564	2	5
3565	2	7
3566	1	2
3567	0	1
3568	0	5
3569	0	3
3570	0	7
3571	0	5
3572	0	6
3573	0	4
3574	1	5
3575	0	2
3576	0	2
3577	0	7
3578	0	5
3579	1	6
3580	0	3
3581	0	2
3582	0	3
3583	4	7
3584	1	6
3585	0	2
3586	1	3
3587	0	5
3588	0	5
3589	0	5
3590	0	4
3591	0	5
3592	2	5
3593	3	4
3594	1	5
3595	0	5
3596	3	4
3597	0	3
3598	1	2
3599	0	2
3600	1	2
3601	1	2
3602	0	3
3603	0	4
3604	0	4
3605	0	3
3606	1	2
3607	2	6
3608	0	1
3609	0	6
3610	0	6
3611	0	6
3612	0	3
3613	0	4
3614	1	7
3615	1	2
3616	0	7
3617	1	6
3618	0	3
3619	0	1
3620	0	4
3621	1	6
3622	1	7
3623	1	3
3624	0	4
3625	3	2
3626	2	3
3627	2	8
3628	2	5
3629	2	7
3630	0	2
3631	2	7
3632	1	6
3633	2	5
3634	0	7
3635	0	10
3636	1	2
3637	0	5
3638	0	6
3639	0	2
3640	1	5
3641	0	6
3642	0	4
3643	0	7
3644	0	2
3645	0	3
3646	0	4
3647	0	5
3648	0	2
3649	1	8
3650	0	3
3651	0	8
3652	1	3
3653	1	3
3654	0	4
3655	1	5
3656	0	2
3657	2	5
3658	3	7
3659	0	5
3660	0	3
3661	2	7
3662	3	8
3663	0	5
3664	1	2
3665	0	3
3666	0	6
3667	0	4
3668	0	4
3669	0	5
3670	1	5
3671	2	3
3672	1	7
3673	0	7
3674	0	6
3675	0	10
3676	0	2
3677	1	7
3678	0	6
3679	1	3
3680	0	7
3681	1	5
3682	0	5
3683	1	6
3684	2	0
3685	0	4
3686	1	4
3687	1	4
3688	1	1
3689	0	5
3690	0	3
3691	0	6
3692	1	3
3693	1	5
3694	0	4
3695	0	4
3696	0	10
3697	0	6
3698	0	4
3699	0	5
3700	0	7
3701	0	5
3702	2	5
3703	0	7
3704	0	8
3705	1	6
3706	0	4
3707	0	5
3708	0	6
3709	0	7
3710	2	4
3711	0	3
3712	1	7
3713	0	6
3714	0	6
3715	2	3
3716	0	3
3717	0	7
3718	0	6
3719	0	4
3720	1	1
3721	0	2
3722	0	9
3723	0	5
3724	2	1
3725	3	1
3726	3	2
3727	1	5
3728	0	3
3729	0	5
3730	2	7
3731	0	5
3732	0	5
3733	0	4
3734	1	5
3735	2	9
3736	0	2
3737	0	4
3738	0	1
3739	0	6
3740	0	5
3741	0	5
3742	0	2
3743	0	4
3744	0	4
3745	0	2
3746	0	6
3747	2	4
3748	2	7
3749	2	4
3750	0	6
3751	1	5
3752	0	8
3753	1	8
3754	1	3
3755	0	3
3756	1	6
3757	0	2
3758	0	4
3759	1	6
3760	0	6
3761	0	8
3762	0	7
3763	1	5
3764	0	2
3765	0	4
3766	0	6
3767	0	7
3768	0	6
3769	0	4
3770	1	3
3771	1	2
3772	0	2
3773	0	5
3774	0	6
3775	1	2
3776	0	4
3777	1	5
3778	0	4
3779	0	3
3780	0	8
3781	0	6
3782	1	2
3783	1	4
3784	0	7
3785	3	3
3786	1	2
3787	1	3
3788	0	8
3789	0	5
3790	2	6
3791	0	5
3792	1	3
3793	0	7
3794	0	9
3795	0	3
3796	1	2
3797	0	4
3798	0	4
3799	0	7
3800	0	2
3801	0	3
3802	0	5
3803	1	7
3804	1	7
3805	1	3
3806	1	6
3807	0	5
3808	0	4
3809	1	2
3810	1	3
3811	0	3
3812	1	3
3813	1	4
3814	0	2
3815	1	8
3816	0	2
3817	1	7
3818	0	2
3819	1	4
3820	0	6
3821	0	6
3822	0	6
3823	1	3
3824	0	6
3825	1	2
3826	2	0
3827	5	2
3828	2	6
3829	0	5
3830	1	4
3831	2	7
3832	0	5
3833	1	6
3834	1	5
3835	1	7
3836	1	7
3837	0	2
3838	0	4
3839	2	5
3840	1	4
3841	0	4
3842	0	3
3843	1	1
3844	0	2
3845	3	4
3846	1	2
3847	3	2
3848	0	6
3849	1	7
3850	0	4
3851	1	3
3852	2	5
3853	0	7
3854	0	6
3855	2	4
3856	2	3
3857	1	2
3858	0	6
3859	3	5
3860	1	2
3861	1	4
3862	1	10
3863	0	3
3864	0	5
3865	3	3
3866	3	4
3867	0	5
3868	0	5
3869	1	1
3870	0	3
3871	2	7
3872	2	8
3873	2	7
3874	1	6
3875	2	6
3876	0	6
3877	0	5
3878	0	6
3879	2	5
3880	1	1
3881	1	4
3882	0	3
3883	0	3
3884	0	6
3885	2	6
3886	0	3
3887	4	1
3888	0	6
3889	0	2
3890	1	2
3891	0	2
3892	3	4
3893	0	5
3894	1	1
3895	0	2
3896	0	5
3897	1	7
3898	1	4
3899	1	4
3900	0	3
3901	2	1
3902	0	5
3903	1	2
3904	0	2
3905	0	6
3906	0	6
3907	0	1
3908	0	6
3909	0	4
3910	1	3
3911	1	5
3912	1	2
3913	1	2
3914	0	7
3915	1	5
3916	0	2
3917	0	6
3918	2	5
3919	0	7
3920	2	4
3921	1	4
3922	1	3
3923	0	5
3924	2	9
3925	1	3
3926	0	5
3927	2	5
3928	1	2
3929	0	3
3930	1	2
3931	0	8
3932	1	1
3933	1	4
3934	1	3
3935	1	8
3936	0	1
3937	0	3
3938	0	5
3939	1	4
3940	1	4
3941	0	1
3942	0	7
3943	0	5
3944	0	5
3945	2	8
3946	1	6
3947	0	9
3948	1	3
3949	0	4
3950	0	3
3951	0	1
3952	1	4
3953	0	5
3954	0	3
3955	1	7
3956	0	4
3957	1	8
3958	0	2
3959	1	5
3960	0	4
3961	1	4
3962	0	2
3963	0	5
3964	0	5
3965	1	2
3966	2	5
3967	0	3
3968	0	7
3969	0	5
3970	0	5
3971	0	4
3972	1	5
3973	0	3
3974	0	6
3975	0	5
3976	0	4
3977	3	6
3978	1	5
3979	1	5
3980	0	5
3981	0	1
3982	0	4
3983	0	6
3984	0	3
3985	0	4
3986	0	2
3987	0	7
3988	0	9
3989	0	3
3990	0	2
3991	1	7
3992	0	5
3993	2	4
3994	1	3
3995	0	7
3996	0	6
3997	1	1
3998	0	4
3999	1	6
4000	2	2
4001	1	4
4002	2	3
4003	1	7
4004	1	4
4005	0	2
4006	1	3
4007	2	5
4008	0	6
4009	0	3
4010	0	3
4011	0	7
4012	1	7
4013	2	4
4014	0	7
4015	1	7
4016	1	3
4017	3	3
4018	1	5
4019	0	4
4020	0	4
4021	1	5
4022	1	6
4023	0	5
4024	2	5
4025	0	5
4026	0	5
4027	1	5
4028	0	5
4029	0	7
4030	3	5
4031	1	6
4032	0	11
4033	3	5
4034	4	4
4035	4	1
4036	1	4
4037	1	5
4038	0	3
4039	0	6
4040	1	7
4041	2	6
4042	0	12
4043	1	9
4044	0	8
4045	0	8
4046	1	0
4047	0	7
4048	0	1
4049	3	4
4050	0	6
4051	0	6
4052	3	5
4053	2	4
4054	0	6
4055	2	6
4056	1	5
4057	1	7
4058	1	1
4059	0	3
4060	1	3
4061	0	5
4062	0	7
4063	0	2
4064	0	7
4065	2	10
4066	0	2
4067	1	3
4068	2	3
4069	2	6
4070	2	5
4071	7	1
4072	3	2
4073	3	7
4074	4	1
4075	1	4
4076	0	3
4077	1	5
4078	0	5
4079	0	7
4080	0	5
4081	0	5
4082	1	3
4083	0	10
4084	0	10
4085	1	9
4086	0	6
4087	0	4
4088	2	6
4089	1	10
4090	2	3
4091	1	5
4092	0	5
4093	1	10
4094	1	9
4095	1	4
4096	1	6
4097	2	6
4098	3	3
4099	4	6
4100	1	3
4101	0	6
4102	1	6
4103	1	6
4104	6	5
4105	2	6
4106	2	6
4107	0	3
4108	2	1
4109	2	7
4110	0	2
4111	0	8
4112	0	4
4113	0	1
4114	1	2
4115	0	4
4116	0	4
4117	1	2
4118	2	5
4119	0	5
4120	0	2
4121	0	6
4122	0	1
4123	0	3
4125	1	1
4126	0	5
4127	1	2
4128	0	2
4129	1	2
4130	0	2
4131	0	3
4132	1	9
4133	0	4
4134	0	1
4135	2	1
4136	2	4
4137	0	5
4138	0	2
4139	1	1
4140	2	10
4141	0	2
4142	2	6
4143	2	7
4144	2	5
4145	0	2
4146	0	3
4147	1	6
4148	0	8
4149	1	4
4150	1	1
4151	0	3
4152	0	6
4153	0	2
4154	2	4
4155	0	6
4156	1	4
4157	1	4
4158	3	9
4159	0	4
4160	2	5
4161	1	5
4162	0	1
4163	2	4
4164	0	7
4165	0	1
4166	0	2
4167	1	2
4168	1	3
4169	1	7
4170	0	1
4171	0	4
4172	1	6
4173	0	3
4174	0	5
4175	0	5
4176	1	5
4178	0	6
4179	0	5
4180	1	2
4181	0	6
4182	0	4
4183	0	5
4184	0	5
4185	0	6
4186	0	7
4187	2	4
4188	0	3
4189	0	3
4190	0	3
4191	1	2
4192	0	2
4193	2	2
4194	1	5
4195	0	2
4196	0	5
4197	2	6
4198	0	2
4199	0	2
4200	0	5
4201	0	5
4202	2	6
4203	0	2
4204	0	5
4205	1	3
4206	0	3
4207	1	2
4208	0	7
4209	1	3
4210	1	4
4211	1	6
4212	2	5
4213	0	2
4214	0	2
4215	0	3
4216	1	3
4217	0	4
4218	1	4
4219	1	1
4220	1	7
4221	1	5
4222	1	4
4224	0	5
4225	1	2
4226	1	8
4227	0	7
4228	0	2
4229	0	9
4230	3	11
4231	2	3
4232	0	6
4233	2	2
4234	1	7
4235	1	4
4236	1	9
4237	2	6
4239	1	4
4240	0	11
4241	1	7
4242	0	9
4243	0	9
4244	0	3
4245	1	6
4246	2	6
4247	1	5
4248	0	13
4249	0	5
4250	0	6
4251	0	6
4252	0	3
4253	0	7
4254	1	4
4255	0	4
4256	1	4
4257	1	4
4258	5	3
4259	2	0
4260	7	2
4261	4	1
4262	1	5
4263	0	1
4264	0	6
4265	1	2
4266	1	3
4267	0	5
4268	1	10
4269	1	5
4270	1	3
4271	0	3
4272	2	3
4273	1	6
4274	1	7
4275	1	3
4276	1	5
4277	0	3
4278	2	4
4279	0	2
4280	1	5
4281	1	6
4282	2	5
4283	1	8
4284	2	6
4285	0	4
4286	1	1
4287	0	4
4288	1	2
4289	0	2
4290	1	3
4291	0	5
4292	1	3
4293	0	4
4294	0	2
4295	1	4
4296	1	1
4297	0	4
4298	0	9
4299	0	2
4300	2	6
4301	0	7
4302	2	6
4303	0	3
4304	1	3
4305	1	7
4306	0	7
4307	0	3
4308	0	6
4309	1	4
4310	1	1
4311	0	3
4312	0	6
4313	0	3
4314	0	2
4315	0	5
4316	0	1
4318	0	3
4319	0	5
4320	1	6
4321	0	5
4322	0	3
4323	0	3
4324	1	5
4325	2	4
4326	0	2
4327	0	2
4328	0	5
4329	1	4
4330	2	2
4331	0	4
4332	1	3
4333	0	3
4334	0	3
4335	0	3
4336	0	1
4337	0	4
4338	0	11
4339	1	5
4340	1	1
4341	1	5
4342	2	0
4343	0	5
4344	1	6
4345	1	8
4346	1	3
4347	0	5
4348	0	6
4349	1	3
4350	0	6
4351	1	4
4352	3	3
4353	1	6
4354	0	2
4355	1	6
4356	2	2
4357	0	11
4358	0	2
4359	1	2
4360	4	9
4361	3	1
4362	1	2
4363	0	5
4364	0	1
4365	0	8
4366	3	4
4367	2	4
4368	1	2
4369	0	6
4370	0	4
4371	0	8
4372	2	4
4373	1	5
4374	1	10
4375	4	6
4376	0	3
4377	0	4
4378	1	4
4379	0	2
4380	0	4
4381	1	6
4382	1	6
4383	0	3
4384	2	8
4385	1	7
4386	1	1
4387	0	4
4388	2	5
4389	0	7
4390	0	6
4391	0	7
4392	1	6
4393	0	7
4394	0	7
4395	0	2
4396	0	2
4397	1	5
4398	0	2
4399	2	5
4400	1	3
4401	1	6
4402	3	3
4403	0	1
4404	0	6
4405	0	4
4406	0	4
4407	1	2
4408	0	5
4409	1	3
4410	3	1
4411	0	3
4412	0	4
4413	1	6
4414	0	4
4415	1	7
4416	1	4
4417	0	3
4418	0	5
4419	0	8
4420	0	4
4421	0	9
4422	0	4
4423	1	6
4424	1	2
4425	0	4
4426	2	2
4427	1	4
4428	1	6
4429	0	2
4430	0	6
4431	1	5
4433	0	6
4434	0	3
4435	0	4
4436	0	2
4437	3	4
4438	0	4
4439	3	5
4440	1	6
4441	0	4
4442	1	2
4443	2	7
4444	5	6
4445	0	6
4446	0	2
4447	0	5
4448	0	3
4449	2	2
4450	2	3
4451	3	6
4452	1	8
4453	0	4
4454	1	5
4455	0	2
4456	1	4
4457	0	1
4458	3	5
4459	1	5
4460	0	3
4461	0	1
4462	0	2
4463	1	5
4464	1	5
4465	0	6
4466	0	5
4467	1	5
4469	1	10
4470	0	2
4471	1	3
4472	1	6
4473	2	3
4474	1	7
4475	1	7
4476	1	5
4477	2	7
4478	1	9
4479	0	6
4480	0	8
4481	0	3
4482	1	2
4483	2	3
4484	1	7
4485	1	4
4486	0	7
4487	0	4
4488	0	3
4489	0	5
4490	0	7
4491	0	6
4492	2	5
4493	0	2
4494	0	5
4495	1	2
4496	0	1
4497	0	2
4498	0	6
4499	1	6
4500	1	4
4501	1	7
4502	0	2
4503	0	2
4504	0	4
4505	0	3
4506	1	3
4507	2	6
4508	1	2
4509	1	9
4510	0	3
4511	0	6
4512	2	1
4513	1	5
4514	0	4
4515	1	3
4516	1	6
4517	3	2
4518	0	6
4519	0	8
4520	0	3
4521	0	5
4522	0	3
4523	0	4
4524	0	3
4525	0	3
4526	0	5
4527	2	5
4528	0	3
4529	0	2
4530	1	6
4531	0	3
4532	1	9
4533	1	6
4534	0	2
4535	0	2
4536	0	3
4537	0	6
4538	1	2
4539	0	3
4540	1	2
4541	0	3
4542	1	2
4543	0	6
4544	0	6
4545	1	6
4546	1	6
4547	1	2
4548	1	4
4549	0	4
4550	1	2
4551	1	2
4552	1	5
4553	0	4
4554	0	2
4555	0	4
4556	0	3
4557	1	6
4558	0	10
4559	1	7
4560	0	2