1	0	8
2	1	8
3	0	6
4	3	4
5	0	3
6	1	2
7	0	4
8	2	5
9	1	6
10	0	4
11	2	3
12	0	4
13	0	3
14	0	4
15	0	4
16	1	3
17	0	4
18	0	2
19	2	4
20	0	6
21	0	2
22	1	6
23	2	3
24	0	2
25	4	4
26	3	1
27	3	8
28	0	4
29	1	4
30	0	2
31	0	4
32	1	6
33	0	7
34	2	2
35	1	3
36	0	5
37	1	7
38	0	6
39	0	3
40	2	4
41	2	4
42	0	6
43	0	5
44	0	3
45	1	6
46	2	7
47	4	0
48	2	5
49	2	2
50	0	4
51	1	2
52	0	3
53	0	5
54	1	5
55	1	5
56	2	5
57	0	3
58	1	2
59	1	8
60	1	0
61	1	6
62	0	4
63	1	5
64	4	7
65	0	2
66	0	3
67	1	2
68	1	4
69	0	3
70	0	3
71	1	5
72	1	0
73	0	6
74	1	2
75	0	7
76	1	6
77	1	4
78	0	2
79	1	6
80	0	9
81	0	2
82	3	1
83	2	1
84	1	1
85	0	3
86	0	3
87	0	4
88	0	3
89	1	3
90	1	5
91	0	2
92	1	3
93	0	7
94	1	5
95	2	5
96	0	2
97	1	1
98	2	4
99	0	5
100	1	5
101	0	6
102	1	2
103	1	1
104	1	6
105	2	2
106	2	7
107	0	3
108	1	2
109	0	4
110	0	3
111	0	5
112	0	5
113	0	9
114	1	5
115	0	2
116	0	3
117	2	14
119	2	1
120	1	6
121	1	4
122	3	5
123	0	9
124	1	2
125	1	6
126	0	4
127	0	6
128	0	2
129	2	4
130	0	3
131	3	2
132	0	2
133	2	5
134	0	7
135	0	1
136	1	4
137	0	2
138	0	2
139	1	5
140	3	5
141	0	2
142	0	4
143	0	9
144	1	8
145	4	4
146	2	5
147	6	1
148	0	3
149	1	4
150	0	2
151	1	0
152	0	5
153	0	6
154	2	5
155	0	7
156	0	11
157	1	4
158	1	4
159	3	4
160	1	6
161	2	8
162	1	4
163	1	3
164	0	3
165	1	7
166	0	8
167	1	9
168	0	3
169	1	7
170	1	3
171	0	7
172	2	5
173	3	8
174	1	3
175	1	3
176	0	7
177	2	5
178	1	1
179	1	3
180	2	6
181	5	1
182	1	6
183	1	1
184	4	6
185	0	1
186	1	3
187	0	3
188	0	3
189	0	3
190	0	2
191	0	6
192	0	4
193	0	9
194	0	5
195	0	1
196	0	3
197	0	3
198	2	3
199	4	4
200	0	2
201	0	3
202	0	3
203	2	3
204	3	3
205	0	3
206	1	4
207	1	5
208	1	6
209	1	8
210	3	5
211	0	4
212	0	2
213	1	6
214	2	2
215	0	5
216	2	5
217	2	10
218	0	5
219	1	3
220	1	7
221	2	3
222	0	5
223	3	4
224	1	4
225	1	5
226	0	3
227	0	6
228	1	5
229	4	2
230	0	5
231	4	2
232	3	7
233	1	8
234	0	4
235	0	4
236	0	5
237	0	3
238	0	4
239	0	5
240	2	3
241	0	5
242	0	10
243	0	3
244	0	6
245	1	6
246	0	6
247	1	7
248	3	4
249	2	8
250	0	4
251	3	3
252	0	5
253	0	6
254	2	5
255	1	3
256	1	4
257	2	5
258	1	2
259	2	4
260	0	4
261	0	9
262	0	8
263	0	2
264	0	7
265	0	3
266	0	6
267	2	4
268	2	4
269	1	4
270	1	2
271	0	1
272	0	4
273	0	7
274	0	7
275	1	7
276	0	8
277	2	6
278	0	5
279	2	2
280	0	2
281	1	6
282	2	12
283	1	6
284	0	5
285	0	9
286	1	7
287	1	3
288	1	8
289	1	4
290	1	9
291	1	5
292	3	4
293	0	1
294	0	6
295	0	1
296	1	7
297	3	5
298	2	6
299	0	1
300	0	3
301	2	5
302	0	8
303	1	2
304	1	2
305	0	4
306	2	4
307	0	3
308	2	3
309	2	4
310	1	4
311	3	4
312	2	3
313	4	5
314	0	4
315	1	3
316	1	5
317	2	8
318	0	7
319	1	4
320	1	6
321	2	1
322	0	4
323	0	3
324	2	8
325	0	5
326	0	3
327	1	4
328	0	3
329	0	2
330	0	7
331	0	6
332	1	7
333	2	3
334	2	3
335	0	2
336	1	5
337	0	4
338	0	3
339	1	2
341	1	2
342	1	5
343	0	4
344	1	2
345	0	6
346	0	2
347	0	6
348	3	3
349	1	2
350	2	3
351	0	7
352	1	6
353	0	1
354	1	2
355	1	5
356	1	2
357	0	7
358	1	6
359	0	6
360	1	8
361	1	4
362	1	4
363	1	1
364	0	2
365	2	2
366	0	6
367	0	4
368	1	2
369	0	1
370	1	5
371	1	4
372	0	5
373	0	2
374	1	0
375	0	3
376	2	3
377	1	7
378	1	2
379	0	6
380	0	3
381	0	5
382	0	6
383	1	4
384	3	4
385	0	8
386	1	1
387	1	1
388	1	3
389	0	5
390	1	2
391	1	7
392	1	7
393	0	3
394	1	5
395	0	4
396	1	3
397	0	5
398	1	3
399	0	3
400	0	6
401	0	3
402	0	7
403	1	3
404	0	3
405	0	4
406	1	2
407	1	5
408	1	6
409	1	4
410	1	7
411	3	5
412	3	2
413	1	4
414	0	4
415	0	2
416	2	3
417	6	4
418	0	4
419	1	6
420	0	3
421	1	5
422	2	2
423	0	3
424	1	5
425	4	4
426	0	5
427	1	6
428	1	7
429	2	5
430	1	4
431	2	4
432	1	5
433	2	5
434	0	6
435	0	1
436	0	5
437	0	3
438	0	3
439	1	4
440	0	7
441	3	6
442	1	4
443	0	5
444	1	5
445	1	3
446	0	4
447	0	1
448	0	4
449	2	3
450	1	2
451	1	4
452	0	1
453	1	6
454	2	5
455	0	3
456	0	5
457	0	7
458	0	2
459	1	5
460	1	4
461	0	5
462	0	3
463	0	5
464	0	7
465	1	2
466	1	7
467	0	10
468	1	5
469	2	4
470	0	1
471	1	2
472	6	5
473	2	3
474	0	3
475	0	5
476	0	3
477	0	4
478	0	3
479	0	4
480	0	4
481	2	3
482	0	2
483	2	9
484	1	4
485	0	3
486	4	3
487	5	6
488	2	1
489	0	7
490	0	3
491	0	4
492	4	3
493	1	3
494	0	6
495	0	3
496	0	3
497	0	2
498	0	5
499	0	6
500	0	5
501	0	6
502	1	6
503	0	6
504	1	4
505	0	6
506	0	4
507	0	3
508	0	4
509	2	5
510	0	5
511	0	7
512	2	5
513	1	8
514	1	8
515	0	4
516	0	3
517	0	2
518	2	0
519	0	2
520	0	2
521	0	6
522	2	8
523	2	9
524	1	2
525	1	7
526	1	3
527	1	6
528	1	9
529	1	10
530	0	2
532	1	5
533	1	4
534	1	4
535	0	9
536	0	7
537	0	2
538	1	3
539	0	6
540	1	3
541	0	8
542	0	5
543	0	3
544	0	5
545	2	6
546	3	5
547	1	12
548	1	4
549	0	5
550	3	1
551	1	8
552	1	5
553	0	6
554	1	5
555	0	6
556	0	2
557	3	3
558	0	5
559	1	3
560	1	5
561	1	9
562	0	1
563	3	4
564	0	7
565	0	7
566	1	9
567	1	5
568	0	10
569	0	2
570	3	5
571	0	5
572	0	6
573	1	4
574	0	5
575	0	4
576	1	3
577	1	6
578	1	5
579	1	5
580	1	7
581	1	4
582	1	5
583	1	2
584	3	4
585	1	7
586	2	4
587	1	2
588	1	7
589	3	4
590	1	5
591	0	10
592	0	8
593	0	6
594	3	6
595	8	2
596	0	1
597	1	4
598	1	3
599	3	6
600	0	6
601	3	2
602	3	5
603	1	4
604	1	5
605	0	2
606	0	6
607	2	2
608	2	3
609	0	4
610	0	3
611	0	3
612	0	2
613	0	4
614	2	3
615	2	2
616	1	7
617	0	3
618	0	2
619	1	2
620	2	8
621	4	6
622	1	6
623	0	10
624	0	9
625	0	11
626	0	5
627	0	6
628	3	4
629	2	4
630	2	6
631	0	8
632	2	4
633	1	8
634	1	8
635	0	8
636	1	2
637	0	6
638	0	3
639	0	7
640	0	8
641	0	5
642	1	5
643	1	4
644	2	4
645	1	6
646	0	5
647	1	5
648	1	6
649	1	3
650	0	1
651	0	3
652	0	4
653	3	6
654	2	6
655	1	3
656	1	4
657	0	4
658	2	5
659	2	7
660	3	7
661	1	7
662	1	5
663	2	4
664	1	4
665	0	9
666	2	7
667	0	3
668	0	4
669	4	6
670	0	7
671	2	4
672	0	4
673	2	6
674	0	3
675	0	6
676	2	6
677	2	5
678	0	5
679	1	3
680	1	10
681	1	0
682	2	4
683	1	3
684	1	4
685	1	1
686	1	7
687	0	7
688	0	3
689	0	8
690	0	7
691	0	6
692	1	7
693	0	8
694	1	6
695	1	5
696	0	2
697	0	2
698	0	5
699	1	10
700	1	5
701	0	7
702	2	6
703	2	9
704	0	4
705	2	6
706	1	8
707	1	12
708	0	4
709	2	6
710	1	4
711	0	6
712	2	13
713	0	3
714	3	8
715	1	5
716	0	4
717	1	4
718	1	9
719	1	9
720	0	5
721	1	5
722	0	6
723	1	6
724	0	6
725	0	8
726	0	1
727	1	7
728	1	7
729	0	8
730	0	7
731	1	5
732	0	5
733	1	9
734	0	10
735	2	7
736	2	4
737	1	4
738	2	4
739	1	6
740	0	3
741	0	5
742	1	5
743	0	10
744	2	7
745	1	8
746	0	2
747	0	8
748	3	12
749	0	11
750	1	5
751	0	5
752	0	4
753	1	4
754	0	8
755	2	5
756	2	6
757	0	7
758	1	5
759	0	1
760	1	5
762	0	5
763	1	2
764	0	5
765	0	4
766	0	4
767	1	5
768	1	4
769	0	4
770	1	3
771	0	2
772	1	4
773	0	4
774	1	9
775	1	6
776	1	5
777	1	1
778	1	4
779	1	6
780	1	6
781	1	1
782	1	5
783	0	5
784	0	6
785	0	4
786	1	5
787	2	3
788	0	3
789	0	8
790	1	8
791	1	6
792	0	5
793	2	6
794	0	4
795	3	3
796	7	5
797	0	5
798	0	4
799	0	5
800	0	5
801	1	6
802	4	8
803	0	7
804	2	2
805	1	3
806	0	7
807	0	4
808	0	4
809	1	7
810	0	7
811	2	7
812	0	6
813	1	9
814	0	6
815	0	8
816	2	4
817	2	8
818	0	4
819	2	1
820	0	5
821	0	6
822	0	2
823	1	0
824	1	6
825	0	5
826	1	6
827	3	2
828	1	3
829	1	9
830	0	1
831	0	8
832	0	5
833	0	7
834	1	9
835	2	4
836	0	9
837	1	7
838	0	3
839	0	11
840	2	4
841	2	9
842	0	4
843	3	9
844	0	6
845	0	11
846	0	3
847	0	4
848	1	5
849	0	6
850	2	6
851	0	7
852	1	9
853	1	4
854	0	4
855	2	4
856	0	4
857	0	13
858	0	4
859	0	1
860	1	2
861	0	3
862	1	4
863	0	3
864	0	6
865	3	1
866	3	7
867	3	6
868	0	6
869	1	6
870	0	7
871	0	8
872	1	5
873	1	9
874	0	3
875	1	10
876	2	6
877	3	5
878	1	6
879	0	11
880	3	9
881	3	8
882	1	5
883	0	4
884	1	4
885	0	5
886	0	6
887	0	5
888	0	2
889	1	5
890	0	6
891	1	5
892	5	5
893	3	3
894	3	1
895	1	5
896	0	5
897	0	2
898	2	8
899	3	6
900	1	4
901	3	2
902	2	3
903	7	5
904	10	2
905	0	7
906	1	6
907	1	5
908	0	4
909	1	3
910	0	3
911	2	5
912	0	3
913	2	3
914	2	4
915	0	3
916	0	4
917	1	3
918	1	5
919	2	7
920	1	8
921	0	2
922	2	4
923	2	0
924	1	4
925	0	4
926	2	1
927	1	4
928	0	4
929	1	3
930	4	3
931	1	2
932	0	3
933	0	6
934	0	2
936	0	4
937	1	6
938	0	4
939	1	5
940	1	3
941	1	5
942	1	7
943	0	1
944	0	4
945	1	9
946	0	5
947	0	4
948	1	6
949	0	6
950	1	2
951	0	5
952	0	4
953	0	7
954	0	4
955	2	3
956	1	6
957	0	5
958	1	8
959	0	3
960	1	1
961	0	4
962	0	3
963	1	4
964	0	6
965	1	5
966	1	4
967	0	6
968	2	4
969	0	6
970	0	5
971	0	4
972	1	2
973	0	7
974	0	4
975	0	3
976	0	3
977	1	5
978	2	7
979	5	7
980	1	0
981	0	6
982	0	3
983	1	6
984	1	7
985	0	3
986	0	8
987	2	6
988	0	4
989	0	2
990	1	6
991	0	3
992	0	2
993	0	6
994	2	3
995	0	5
996	2	7
997	2	8
998	0	4
999	0	4
1000	1	8
1001	0	7
1002	0	3
1003	0	5
1004	1	1
1005	0	9
1006	2	6
1007	2	3
1008	3	3
1009	2	2
1010	0	4
1011	0	3
1012	2	3
1013	0	2
1014	2	3
1015	2	4
1016	0	5
1017	1	4
1018	0	4
1019	0	5
1020	2	4
1021	3	2
1022	3	5
1023	4	3
1024	2	3
1025	0	5
1026	0	3
1027	0	4
1028	0	3
1029	0	10
1030	0	3
1031	0	3
1032	1	4
1033	0	5
1034	2	6
1035	1	2
1036	1	4
1037	0	9
1038	1	8
1039	0	3
1040	1	3
1041	1	1
1042	0	6
1043	2	6
1044	1	2
1045	0	4
1046	0	4
1047	0	2
1048	0	4
1049	1	3
1050	1	3
1051	0	4
1052	0	2
1053	0	1
1054	0	6
1055	1	9
1056	1	5
1057	2	3
1058	1	4
1059	0	6
1060	1	3
1061	1	7
1062	0	4
1063	1	9
1064	0	2
1065	1	7
1066	0	3
1067	2	5
1068	0	4
1069	1	2
1070	0	5
1071	1	2
1072	2	8
1073	1	2
1074	0	6
1075	2	6
1076	0	7
1077	0	6
1078	1	7
1079	1	2
1080	1	4
1081	2	8
1082	0	3
1083	0	1
1084	1	4
1085	0	2
1086	3	2
1087	0	7
1088	4	3
1089	2	3
1090	2	4
1091	1	7
1092	1	0
1093	0	2
1094	0	2
1095	0	8
1096	0	9
1097	0	8
1098	0	7
1099	1	4
1100	1	4
1101	0	4
1102	1	4
1103	2	6
1104	0	3
1105	2	1
1106	0	8
1107	0	3
1108	1	4
1109	0	6
1110	0	4
1111	2	3
1112	0	4
1113	2	4
1114	0	2
1115	1	6
1116	0	7
1117	0	7
1118	1	4
1119	0	5
1120	1	5
1121	0	9
1122	1	5
1123	0	4
1124	0	5
1125	3	5
1126	3	5
1127	0	4
1128	1	6
1129	1	7
1130	2	5
1131	2	9
1132	2	5
1133	0	2
1134	3	3
1135	1	3
1136	0	2
1137	0	10
1138	0	8
1139	0	8
1140	1	2
1141	3	1
1142	1	2
1143	2	4
1144	2	5
1145	0	6
1146	0	3
1147	0	8
1148	0	6
1149	2	3
1150	0	5
1151	3	6
1152	3	5
1153	0	3
1154	0	2
1155	1	1
1156	0	4
1157	0	1
1158	0	7
1159	0	3
1160	0	1
1161	1	4
1162	0	4
1163	2	1
1164	4	3
1165	4	1
1166	6	5
1167	1	5
1168	1	11
1169	1	10
1170	1	4
1171	0	4
1172	0	4
1173	2	5
1174	2	2
1175	1	3
1176	0	4
1177	0	6
1178	1	2
1179	9	3
1180	0	1
1181	1	9
1182	0	8
1183	0	2
1184	2	4
1185	1	5
1186	0	5
1187	0	3
1188	1	4
1189	1	5
1190	0	6
1191	0	5
1192	0	7
1193	0	7
1194	0	6
1195	1	3
1197	0	5
1198	0	3
1199	0	4
1200	0	6
1201	0	5
1202	3	1
1203	2	1
1204	0	5
1205	2	5
1206	1	5
1207	0	2
1208	2	9
1209	1	2
1210	0	3
1211	1	4
1212	2	4
1213	0	4
1214	1	10
1215	1	8
1216	0	2
1217	0	6
1218	0	7
1219	1	5
1220	2	6
1221	1	3
1222	0	5
1223	0	1
1224	1	6
1225	3	2
1226	2	5
1227	0	6
1228	1	10
1229	0	5
1230	0	4
1231	0	9
1232	1	4
1233	1	8
1234	1	3
1235	0	5
1236	0	5
1237	3	8
1238	1	10
1239	3	2
1240	1	7
1241	0	2
1242	2	2
1243	3	8
1244	0	3
1245	2	11
1246	1	4
1247	1	4
1248	1	2
1249	2	2
1250	1	5
1251	0	2
1252	0	1
1253	0	5
1254	2	7
1255	2	10
1256	1	2
1257	0	3
1258	0	6
1259	2	6
1260	1	5
1261	0	4
1262	0	10
1263	0	12
1264	2	3
1265	0	5
1266	1	5
1267	0	4
1268	2	3
1269	1	6
1270	0	6
1271	0	5
1272	0	6
1273	0	13
1274	2	3
1275	0	4
1276	0	11
1277	1	4
1278	0	5
1279	1	6
1280	0	5
1281	1	5
1282	1	4
1283	1	5
1284	0	5
1285	0	6
1286	0	8
1287	2	5
1288	0	5
1289	1	6
1290	0	4
1291	1	3
1292	1	2
1293	1	4
1294	2	4
1295	1	3
1296	1	3
1297	0	9
1298	2	3
1299	1	6
1300	2	3
1301	5	4
1302	0	1
1303	0	4
1304	0	1
1305	0	3
1306	1	5
1307	1	5
1308	2	5
1309	1	6
1310	0	1
1311	0	4
1312	0	2
1313	2	5
1314	1	6
1315	2	3
1316	0	11
1317	1	8
1318	2	2
1319	0	7
1320	1	7
1321	0	10
1322	1	1
1323	0	6
1324	0	10
1325	1	0
1326	4	5
1327	0	8
1328	0	5
1329	0	1
1330	1	5
1331	1	6
1332	0	10
1333	1	6
1334	2	9
1335	0	2
1336	0	6
1337	2	7
1338	2	3
1339	2	0
1340	0	3
1341	2	5
1342	3	4
1343	0	8
1344	1	4
1345	2	6
1346	0	4
1347	0	6
1348	1	4
1349	1	4
1350	2	8
1351	1	9
1352	0	8
1353	1	6
1354	0	9
1355	0	5
1356	2	5
1357	1	3
1358	0	5
1359	0	2
1360	0	4
1361	0	2
1362	0	8
1363	1	3
1364	1	8
1365	2	4
1366	1	2
1367	1	12
1368	0	6
1369	1	13
1370	0	10
1371	2	9
1372	1	3
1373	0	3
1374	0	2
1375	0	9
1376	1	7
1377	1	6
1378	0	4
1379	6	2
1380	8	5
1381	0	3
1382	1	5
1383	0	7
1384	0	3
1385	0	9
1386	1	2
1387	1	4
1388	1	0
1389	1	2
1390	1	3
1391	0	5
1392	1	1
1393	0	5
1394	3	4
1395	1	5
1396	1	2
1397	1	2
1398	0	4
1399	2	6
1400	1	6
1401	0	3
1402	3	6
1403	0	2
1404	0	7
1405	1	5
1406	5	4
1407	0	2
1408	0	5
1409	0	4
1410	0	4
1411	1	3
1412	2	4
1413	1	3
1414	1	2
1415	0	3
1416	1	4
1417	4	11
1418	0	1
1419	0	4
1420	0	4
1421	0	4
1422	2	5
1423	0	2
1424	0	8
1425	1	3
1426	0	4
1427	0	4
1428	0	4
1429	0	8
1430	0	3
1431	0	7
1432	0	5
1433	2	4
1434	1	6
1435	0	5
1436	1	6
1437	0	6
1438	2	7
1439	0	8
1440	5	4
1441	1	8
1442	4	4
1443	0	6
1444	1	3
1445	0	2
1446	2	4
1447	2	4
1448	0	5
1449	0	6
1450	1	6
1451	1	2
1452	0	2
1453	0	8
1454	1	6
1455	1	11
1456	1	2
1457	1	4
1458	1	3
1459	3	3
1460	1	3
1462	0	5
1463	4	6
1464	1	5
1465	0	2
1466	1	5
1467	0	3
1468	0	3
1469	0	2
1470	0	3
1471	2	4
1472	0	6
1473	0	8
1474	1	4
1475	0	5
1476	0	4
1477	0	4
1478	1	4
1479	0	3
1480	0	4
1481	1	2
1482	0	2
1483	0	3
1484	0	5
1485	0	5
1487	1	5
1488	0	7
1489	0	2
1490	5	1
1491	3	3
1492	0	5
1493	2	4
1494	2	8
1495	1	3
1496	2	4
1497	2	3
1498	1	2
1499	0	2
1500	1	8
1501	0	6
1502	1	5
1503	1	5
1504	1	6
1505	0	7
1506	1	7
1507	1	2
1508	0	4
1509	2	0
1510	2	3
1511	0	5
1512	1	3
1513	1	5
1514	0	8
1515	0	3
1516	0	5
1517	0	1
1518	6	4
1519	4	3
1520	0	1
1521	0	7
1522	5	6
1523	0	4
1524	0	3
1525	1	5
1526	2	3
1527	0	4
1528	2	10
1529	2	5
1530	1	3
1531	0	3
1532	0	2
1533	2	2
1534	0	4
1535	0	7
1536	0	5
1537	2	2
1538	2	9
1539	2	7
1540	3	4
1541	3	6
1542	1	10
1543	0	8
1544	1	8
1545	1	2
1546	1	2
1547	1	4
1548	0	10
1549	0	2
1550	1	3
1551	0	2
1552	0	2
1553	1	4
1554	1	7
1555	1	3
1556	0	4
1557	1	4
1558	0	6
1559	1	1
1560	1	3
1561	1	3
1562	2	6
1563	2	6
1564	0	3
1565	0	3
1566	1	3
1567	2	4
1568	1	4
1569	0	8
1570	6	4
1571	1	4
1572	1	3
1573	1	4
1574	0	1
1575	1	3
1576	0	3
1577	1	4
1578	0	2
1579	0	5
1580	0	3
1581	0	2
1582	0	4
1583	0	6
1584	0	5
1585	0	5
1586	0	3
1587	1	5
1588	1	4
1589	0	6
1590	0	2
1591	0	3
1592	2	1
1593	1	5
1594	0	3
1595	1	8
1596	0	7
1597	0	4
1598	0	7
1599	0	5
1600	1	4
1601	0	3
1602	0	4
1603	1	3
1604	0	3
1605	0	2
1606	0	2
1607	1	4
1608	1	7
1609	0	4
1610	1	3
1611	2	3
1612	1	5
1613	1	1
1614	1	3
1615	0	12
1616	2	2
1617	0	5
1618	0	7
1619	0	1
1620	4	1
1621	6	3
1622	1	8
1623	1	0
1624	0	5
1625	0	5
1626	2	6
1627	0	11
1628	0	5
1629	1	7
1630	2	6
1631	0	6
1632	1	5
1633	0	3
1634	2	6
1635	0	3
1636	3	1
1637	2	7
1638	1	1
1639	0	5
1640	0	5
1641	0	1
1642	0	9
1643	0	5
1644	1	6
1645	0	3
1646	0	8
1647	3	3
1648	1	6
1649	0	7
1650	0	4
1651	3	7
1652	1	2
1653	1	1
1654	1	7
1655	1	4
1656	0	5
1657	2	5
1658	0	6
1659	1	4
1660	0	7
1661	0	6
1662	2	4
1663	0	2
1664	0	4
1665	0	1
1666	0	4
1667	1	4
1668	1	2
1669	0	4
1670	3	5
1671	0	7
1672	0	5
1673	3	11
1674	2	3
1675	0	2
1676	1	5
1677	0	7
1678	1	3
1679	3	1
1680	1	1
1681	2	1
1682	0	5
1683	0	3
1684	0	2
1685	0	9
1686	0	4
1687	1	2
1688	2	5
1689	2	2
1690	2	3
1691	0	6
1692	1	0
1693	1	2
1694	1	6
1695	1	4
1696	0	6
1697	0	4
1698	1	5
1699	0	6
1700	2	2
1701	2	7
1702	1	4
1703	0	6
1704	0	6
1705	0	4
1706	1	2
1707	2	6
1708	0	6
1709	0	8
1710	0	7
1711	0	5
1712	1	4
1713	0	4
1714	0	3
1715	1	4
1716	1	5
1717	1	9
1718	1	3
1719	1	6
1720	2	4
1721	0	5
1722	1	3
1723	3	3
1724	0	4
1725	0	6
1726	0	3
1727	0	4
1728	0	5
1729	1	4
1731	0	3
1732	0	2
1733	1	5
1734	1	3
1736	1	5
1737	1	3
1738	0	6
1739	0	6
1740	1	1
1741	0	1
1742	0	2
1743	0	6
1744	0	2
1745	1	2
1746	0	4
1747	0	2
1748	0	5
1749	0	5
1750	0	9
1751	1	3
1752	0	3
1753	0	8
1754	0	6
1755	1	5
1756	0	5
1757	0	2
1758	0	5
1759	1	8
1760	0	3
1761	2	2
1762	0	8
1763	0	7
1764	0	6
1765	0	3
1766	0	5
1767	0	6
1768	0	8
1769	0	7
1770	0	3
1771	1	3
1772	0	7
1773	0	5
1774	0	3
1775	0	6
1776	0	5
1777	1	3
1778	4	5
1779	1	5
1780	3	9
1781	1	4
1782	0	3
1783	1	5
1784	2	7
1785	2	2
1786	2	6
1787	1	6
1788	1	3
1789	0	2
1790	0	2
1791	0	5
1792	0	6
1793	1	8
1794	0	4
1795	0	6
1796	0	4
1797	0	5
1798	0	4
1799	0	3
1800	6	3
1801	0	6
1802	2	6
1803	0	4
1804	1	2
1805	1	2
1806	3	4
1807	1	6
1808	1	4
1809	0	1
1810	1	3
1811	0	8
1812	0	4
1813	1	4
1814	0	3
1815	2	1
1816	0	2
1817	0	4
1818	0	6
1819	0	3
1820	2	3
1821	0	10
1822	1	4
1823	1	1
1824	0	6
1825	1	6
1826	0	6
1827	0	7
1828	0	1
1829	0	2
1830	1	4
1831	1	3
1832	2	0
1833	0	5
1834	1	5
1835	0	5
1836	0	6
1837	0	5
1838	0	3
1839	1	7
1840	1	3
1841	0	7
1842	0	3
1843	1	5
1844	0	5
1845	0	1
1846	1	5
1847	0	3
1848	0	5
1849	2	5
1850	2	9
1851	0	3
1852	1	4
1853	3	8
1854	0	4
1855	2	3
1856	0	2
1857	0	2
1858	1	1
1859	0	1
1860	0	3
1861	0	2
1862	0	3
1863	0	5
1864	0	1
1865	3	3
1866	0	7
1867	0	4
1868	1	3
1869	0	2
1870	3	5
1871	0	6
1872	0	5
1873	0	3
1874	0	3
1875	0	5
1876	1	5
1877	0	2
1878	0	5
1879	1	6
1880	0	7
1881	1	5
1882	1	2
1883	1	5
1884	0	7
1885	1	6
1886	0	11
1887	1	10
1888	1	5
1889	0	10
1890	0	6
1891	2	7
1892	3	4
1893	0	9
1894	1	7
1895	0	8
1896	0	4
1897	0	4
1898	0	4
1899	1	9
1900	1	6
1901	1	7
1902	0	6
1903	0	5
1904	1	4
1905	1	11
1906	0	10
1907	2	3
1908	0	4
1909	0	3
1910	1	4
1911	0	9
1912	2	9
1913	0	5
1914	1	3
1915	1	6
1916	0	5
1917	0	3
1918	0	3
1919	1	5
1920	1	6
1921	1	5
1922	2	2
1923	0	6
1924	0	5
1925	0	10
1926	1	4
1927	1	6
1928	0	1
1929	0	3
1930	2	3
1931	0	4
1933	2	5
1934	0	2
1935	3	4
1936	3	5
1937	3	2
1938	2	4
1939	1	4
1940	1	3
1941	0	6
1942	0	5
1943	1	5
1944	0	3
1945	0	5
1946	1	6
1947	1	3
1948	0	4
1949	1	1
1950	2	3
1951	0	10
1952	3	3
1953	0	2
1954	2	5
1955	3	4
1956	0	6
1957	0	7
1958	0	4
1959	1	3
1960	1	4
1961	1	6
1962	0	7
1963	0	7
1964	1	6
1965	0	5
1966	0	6
1967	0	1
1968	0	1
1969	0	8
1970	0	6
1971	2	4
1972	0	11
1973	1	2
1974	0	5
1975	0	1
1976	0	4
1977	1	3
1978	1	2
1979	0	2
1980	2	3
1981	0	8
1982	0	2
1983	0	6
1984	0	3
1985	2	3
1986	0	4
1987	0	3
1988	1	7
1989	1	4
1990	0	2
1991	0	3
1992	2	7
1993	0	5
1994	0	8
1995	0	3
1996	1	3
1997	0	4
1998	0	5
1999	0	5
2000	1	3
2001	3	3
2002	0	8
2003	0	1
2004	1	5
2005	2	3
2006	1	5
2007	0	5
2008	0	6
2009	0	3
2010	0	7
2011	1	4
2012	1	10
2013	1	2
2014	0	2
2015	0	5
2016	3	6
2017	1	6
2018	2	6
2019	0	4
2020	0	7
2021	0	6
2022	0	6
2023	0	4
2024	0	2
2025	2	3
2026	2	5
2027	1	4
2028	0	10
2029	0	8
2030	2	6
2031	1	3
2032	1	5
2033	0	4
2034	0	3
2035	0	6
2036	0	2
2037	0	3
2038	1	5
2039	1	4
2040	1	5
2041	3	8
2042	1	6
2043	0	4
2044	0	8
2045	2	5
2046	2	4
2047	3	11
2048	0	5
2049	1	6
2050	1	5
2051	1	6
2052	1	9
2053	0	6
2054	1	6
2055	0	6
2056	1	7
2057	0	7
2058	1	2
2059	2	4
2060	0	8
2061	0	8
2062	2	3
2063	0	5
2064	1	5
2065	2	4
2066	1	7
2067	0	5
2068	2	5
2069	0	4
2070	2	3
2071	0	4
2072	0	3
2073	0	4
2074	0	6
2075	4	2
2076	2	5
2077	1	4
2078	1	8
2079	0	6
2080	0	7
2081	2	3
2082	2	4
2083	0	6
2084	0	2
2085	1	4
2086	1	1
2087	0	2
2088	0	1
2089	0	4
2090	0	3
2091	0	7
2092	4	3
2093	1	2
2094	0	1
2095	0	3
2096	1	6
2097	3	10
2098	0	2
2099	0	7
2100	0	5
2101	0	9
2102	0	10
2103	1	5
2104	2	2
2105	0	6
2106	3	0
2107	3	8
2108	1	4
2109	1	8
2110	0	3
2111	1	6
2112	1	1
2113	1	6
2114	0	12
2115	0	6
2116	1	5
2117	1	7
2118	0	7
2119	1	5
2120	3	10
2121	3	2
2122	1	0
2123	0	1
2124	0	7
2125	1	4
2126	2	5
2127	0	4
2128	4	2
2129	0	5
2130	2	7
2131	4	4
2132	1	6
2133	0	6
2134	0	5
2135	1	5
2136	1	1
2137	0	2
2138	0	6
2139	0	4
2140	1	5
2141	0	7
2142	0	3
2143	1	5
2144	0	3
2145	1	3
2146	0	3
2147	0	4
2148	1	4
2149	0	2
2150	1	3
2151	0	3
2152	1	3
2153	0	5
2154	3	0
2155	4	2
2156	1	10
2157	0	3
2158	1	4
2159	4	6
2160	1	4
2161	2	5
2162	3	2
2163	3	8
2164	0	6
2165	0	7
2166	1	6
2167	0	2
2168	1	5
2169	2	11
2170	0	7
2171	1	5
2172	1	3
2173	3	2
2174	0	3
2175	0	5
2176	1	3
2177	0	1
2178	0	3
2179	1	2
2180	0	9
2181	2	3
2182	2	3
2183	5	4
2184	0	10
2185	0	4
2186	1	7
2187	2	3
2188	0	5
2189	1	5
2190	1	5
2191	1	2
2192	2	7
2193	1	4
2194	1	3
2195	1	6
2196	1	5
2197	1	5
2198	1	4
2199	0	5
2200	1	3
2201	0	1
2202	0	7
2203	1	3
2204	1	6
2205	3	3
2206	2	6
2207	1	5
2208	1	7
2209	0	6
2210	1	2
2211	3	6
2212	3	3
2213	1	6
2214	0	4
2215	0	3
2217	0	2
2218	0	7
2219	4	4
2220	1	4
2221	3	5
2222	5	4
2223	4	5
2224	0	4
2225	0	2
2226	2	4
2228	4	5
2229	4	3
2230	2	2
2231	1	8
2232	2	1
2233	0	2
2234	0	3
2235	1	6
2236	1	2
2237	3	6
2238	1	5
2239	1	2
2240	2	5
2241	4	4
2242	1	6
2243	0	3
2244	1	5
2245	1	5
2246	4	3
2247	1	1
2248	0	2
2249	4	3
2250	1	2
2251	1	2
2252	1	7
2253	0	6
2254	0	11
2255	0	3
2256	1	5
2257	1	8
2258	1	4
2259	0	6
2260	1	1
2261	1	8
2262	1	3
2263	0	4
2264	0	4
2265	1	2
2266	2	3
2267	2	4
2268	1	5
2269	1	4
2270	1	3
2271	0	1
2272	1	1
2273	2	2
2274	0	3
2275	0	7
2276	0	2
2277	0	7
2278	0	4
2279	1	6
2280	1	6
2281	0	2
2282	0	10
2283	1	4
2284	1	2
2285	1	3
2286	0	2
2287	1	3
2288	0	2
2289	0	8
2290	2	11
2291	0	4
2292	1	3
2293	0	5
2294	0	3
2295	1	1
2296	2	5
2297	6	1
2298	2	5
2299	1	6
2300	0	1
2301	2	4
2302	1	5
2303	0	5
2304	0	1
2305	0	3
2306	0	4
2307	0	3
2308	2	3
2309	2	5
2310	0	2
2311	0	3
2312	1	3
2313	1	4
2314	0	3
2315	0	2
2316	1	7
2317	1	3
2318	0	5
2319	0	8
2320	2	6
2321	2	8
2322	0	3
2323	1	8
2324	0	4
2325	0	5
2326	0	3
2327	2	4
2328	1	3
2329	0	4
2330	0	2
2331	0	6
2332	1	5
2333	0	4
2334	0	6
2335	1	2
2336	1	3
2337	2	7
2338	0	5
2339	0	11
2340	0	12
2341	3	6
2343	1	4
2344	0	2
2345	0	8
2346	1	4
2347	2	5
2348	1	4
2349	0	3
2350	0	4
2351	0	3
2352	1	6
2353	2	5
2354	1	4
2355	0	4
2356	0	5
2357	0	1
2358	0	4
2359	0	5
2360	0	4
2361	0	4
2362	5	2
2363	4	3
2364	3	4
2365	5	7
2366	3	7
2367	0	6
2368	0	5
2369	0	10
2370	3	5
2371	1	5
2372	0	9
2373	1	6
2374	0	6
2375	0	7
2376	0	4
2377	1	2
2378	0	2
2379	1	8
2380	1	4
2381	0	2
2382	0	4
2383	1	5
2384	1	4
2385	0	4
2386	0	7
2387	0	5
2388	2	7
2389	2	4
2390	0	4
2391	2	2
2392	1	4
2393	2	4
2394	0	4
2395	2	7
2396	2	4
2397	2	1
2398	0	5
2399	0	3
2400	1	6
2401	2	6
2402	3	2
2403	0	7
2404	0	5
2405	1	5
2406	3	5
2407	0	3
2408	1	10
2409	0	3
2410	0	2
2411	0	6
2412	1	2
2413	0	3
2414	0	5
2415	1	5
2416	1	2
2417	0	4
2418	1	4
2419	0	4
2420	1	3
2421	0	11
2422	0	6
2423	0	4
2424	1	3
2425	0	3
2426	1	3
2427	1	4
2428	5	1
2429	1	3
2430	1	6
2431	1	6
2432	2	5
2433	1	5
2434	0	7
2435	1	8
2436	0	2
2437	1	5
2438	0	7
2439	1	4
2440	0	4
2441	0	2
2442	0	6
2443	0	5
2444	0	2
2445	0	7
2446	0	2
2447	0	6
2448	0	3
2449	0	3
2450	4	2
2451	0	3
2453	3	4
2454	2	6
2455	0	5
2456	0	5
2457	0	2
2458	2	2
2459	1	5
2460	1	6
2461	5	5
2462	1	6
2463	5	3
2464	5	2
2465	2	4
2466	3	6
2467	2	2
2468	1	6
2469	0	8
2470	1	6
2471	1	1
2472	0	3
2473	1	1
2474	1	8
2475	0	5
2476	2	4
2477	1	6
2478	0	4
2479	4	4
2480	2	3
2481	0	6
2482	1	5
2483	0	9
2484	0	5
2485	1	2
2486	0	3
2487	0	6
2488	0	4
2489	3	3
2490	1	3
2491	1	7
2492	2	5
2493	1	4
2494	2	9
2495	3	3
2496	0	4
2497	1	4
2498	0	4
2499	0	2
2500	3	5
2501	0	3
2502	2	4
2503	0	5
2504	1	8
2505	1	3
2506	0	2
2507	0	4
2508	1	1
2509	0	5
2510	4	3
2511	1	2
2512	2	4
2513	0	1
2514	2	6
2515	0	6
2516	0	6
2517	1	5
2518	1	3
2519	2	3
2520	0	8
2521	0	3
2522	0	8
2523	2	1
2524	0	6
2525	0	6
2526	0	4
2527	0	9
2528	1	1
2529	0	10
2530	0	7
2531	2	8
2532	3	4
2533	0	6
2534	0	6
2535	0	3
2536	1	2
2537	1	6
2538	1	6
2539	0	2
2540	1	6
2541	0	6
2542	1	3
2543	1	4
2544	3	3
2545	1	7
2546	1	7
2547	1	5
2548	0	4
2549	1	3
2550	0	4
2551	1	5
2552	2	3
2553	0	8
2554	0	2
2555	2	3
2556	1	5
2557	0	6
2558	0	4
2559	2	9
2560	2	1
2561	3	4
2562	1	3
2563	0	3
2564	1	7
2565	0	5
2566	0	3
2567	2	2
2568	3	8
2569	2	6
2570	1	2
2571	1	4
2572	0	5
2573	5	4
2575	2	2
2576	0	2
2577	2	2
2578	1	1
2579	0	5
2580	0	4
2581	3	2
2582	1	6
2583	1	6
2584	0	4
2585	1	6
2586	0	3
2587	2	4
2588	1	5
2589	0	7
2590	1	8
2591	1	2
2592	0	7
2593	0	3
2594	0	4
2595	1	4
2597	0	7
2598	1	6
2599	0	3
2600	1	7
2601	0	5
2602	0	2
2603	0	2
2604	0	8
2605	2	4
2606	0	5
2607	0	6
2608	0	3
2609	0	5
2610	1	6
2611	0	2
2612	0	4
2613	2	6
2614	1	3
2615	0	2
2616	0	2
2617	3	5
2618	0	1
2619	2	3
2620	0	4
2621	0	1
2622	1	4
2623	1	6
2624	0	4
2625	1	4
2626	1	1
2627	0	7
2628	0	6
2629	2	4
2630	0	3
2631	0	3
2632	0	3
2633	1	5
2634	0	2
2635	0	10
2636	0	2
2637	0	7
2638	0	4
2639	0	8
2640	1	7
2641	0	9
2642	1	3
2643	2	4
2644	1	4
2645	0	9
2646	1	3
2647	1	4
2648	0	3
2649	1	3
2650	0	7
2651	2	4
2652	0	4
2653	0	5
2654	1	6
2655	2	6
2656	0	7
2657	1	2
2658	0	9
2659	1	1
2660	0	8
2661	2	3
2662	0	7
2663	1	4
2664	2	4
2665	0	3
2666	1	4
2667	1	8
2669	1	7
2670	1	4
2671	1	5
2672	0	10
2673	0	2
2674	6	2
2675	3	2
2676	0	4
2677	1	6
2678	3	3
2679	0	4
2680	1	4
2681	1	5
2682	1	3
2683	0	5
2684	0	8
2685	2	7
2686	1	2
2687	0	7
2688	1	8
2689	3	4
2690	3	7
2691	2	8
2692	0	4
2693	2	9
2694	1	5
2695	0	1
2696	0	5
2697	0	8
2698	0	3
2699	3	6
2700	0	7
2701	2	9
2702	1	6
2703	1	7
2704	0	7
2705	1	1
2706	1	3
2707	1	4
2708	1	5
2709	2	3
2710	0	5
2711	0	9
2712	0	4
2713	0	3
2714	1	4
2715	2	8
2716	3	10
2717	1	3
2718	0	1
2719	0	5
2720	2	9
2721	2	4
2722	0	10
2723	3	2
2724	1	5
2725	0	2
2726	0	5
2727	0	3
2728	1	5
2729	0	4
2730	1	10
2731	2	4
2732	1	5
2733	0	2
2734	1	3
2735	2	4
2736	0	1
2737	0	3
2738	0	1
2739	1	6
2740	2	0
2741	2	4
2742	1	3
2743	0	2
2744	1	2
2745	1	1
2746	2	4
2747	0	2
2748	1	4
2749	0	6
2750	0	7
2751	0	8
2752	0	3
2753	1	8
2754	0	5
2755	0	2
2756	2	5
2757	4	7
2758	0	8
2759	1	6
2760	4	9
2761	2	5
2762	2	3
2763	2	4
2764	0	6
2765	0	1
2766	0	6
2767	0	7
2768	0	5
2769	2	8
2770	0	4
2771	1	3
2772	0	5
2773	1	9
2774	1	6
2775	0	9
2776	1	6
2777	3	3
2778	2	8
2779	0	2
2780	1	4
2781	0	3
2782	0	2
2783	1	8
2784	0	6
2785	1	0
2786	0	3
2787	1	6
2788	0	5
2789	1	5
2790	3	2
2791	2	6
2792	0	5
2793	0	6
2794	0	5
2795	1	2
2796	0	2
2797	0	2
2798	0	5
2799	0	8
2800	0	6
2801	1	3
2802	3	1
2803	3	5
2804	4	3
2805	1	4
2806	1	3
2807	1	5
2808	1	7
2809	1	4
2810	0	6
2811	0	5
2812	0	3
2813	0	5
2814	0	3
2815	1	4
2816	2	1
2817	1	5
2818	1	6
2819	0	2
2820	0	4
2821	2	3
2822	0	3
2823	1	5
2824	0	7
2825	0	3
2826	0	3
2827	0	3
2828	1	9
2829	1	4
2830	0	3
2831	0	2
2832	1	3
2833	2	5
2834	1	8
2835	1	5
2836	3	5
2837	1	3
2838	0	4
2839	0	6
2840	2	7
2841	4	3
2842	1	3
2843	3	3
2844	3	2
2845	1	6
2846	0	3
2847	1	3
2848	0	3
2849	0	1
2850	0	5
2851	0	2
2852	3	2
2853	0	4
2854	2	7
2855	1	3
2856	0	4
2857	0	4
2858	0	1
2859	0	3
2860	0	3
2861	0	3
2862	4	3
2863	3	8
2864	0	4
2865	0	7
2866	1	7
2867	0	1
2868	1	8
2869	0	4
2870	0	2
2871	2	4
2872	0	9
2873	0	7
2874	0	6
2875	0	4
2876	2	8
2877	1	8
2878	1	4
2879	0	5
2880	1	12
2881	0	4
2882	1	5
2883	1	9
2884	0	5
2885	1	5
2886	0	6
2887	1	3
2888	0	3
2889	0	3
2890	3	4
2891	0	3
2892	0	9
2893	3	3
2894	0	4
2895	1	3
2896	0	3
2897	0	4
2898	1	1
2899	0	10
2900	0	5
2901	3	1
2902	1	10
2903	0	8
2904	3	5
2905	1	6
2906	0	2
2907	2	4
2908	2	4
2909	0	5
2910	0	2
2911	0	7
2912	0	9
2913	1	5
2914	2	4
2915	0	7
2916	0	6
2917	1	6
2918	0	4
2919	1	6
2920	2	2
2921	1	4
2922	0	2
2923	0	7
2924	1	5
2925	0	6
2926	0	4
2927	0	4
2928	0	6
2929	2	2
2930	0	6
2931	1	7
2932	2	7
2934	1	3
2935	1	5
2936	1	3
2937	1	5
2938	0	3
2939	0	2
2940	0	8
2941	0	6
2942	1	3
2943	4	5
2944	3	4
2945	0	5
2946	1	9
2947	1	5
2948	1	7
2949	1	4
2950	0	3
2951	0	7
2952	1	2
2953	1	6
2954	0	1
2955	1	2
2956	0	6
2957	0	4
2958	1	1
2959	1	4
2960	0	7
2961	0	4
2962	1	4
2963	3	3
2964	1	2
2965	0	2
2966	0	5
2967	0	6
2968	0	4
2969	2	1
2970	0	10
2971	1	7
2972	0	5
2973	0	7
2974	3	3
2975	0	2
2976	2	1
2977	1	4
2978	1	4
2979	0	6
2980	0	8
2981	1	5
2982	0	4
2983	0	8
2984	1	8
2985	0	2
2986	2	5
2987	0	4
2988	1	5
2989	0	4
2990	1	5
2991	3	4
2992	3	9
2993	0	4
2994	3	2
2995	1	11
2996	0	9
2997	0	5
2998	0	4
2999	1	6
3000	0	3
3001	1	4
3002	2	8
3003	0	6
3004	0	3
3005	0	5
3006	1	4
3007	0	1
3008	0	3
3009	1	7
3010	0	3
3011	1	4
3013	1	3
3014	0	6
3015	1	3
3016	1	5
3017	0	3
3018	0	8
3019	1	3
3020	3	2
3021	1	1
3022	1	4
3023	1	4
3024	1	7
3025	2	2
3026	0	4
3027	1	5
3028	1	2
3029	1	4
3030	0	6
3031	0	6
3032	0	5
3033	0	7
3034	0	4
3035	2	4
3036	1	5
3037	1	4
3038	0	2
3039	1	7
3040	0	5
3041	0	1
3042	1	6
3043	2	3
3044	0	3
3045	0	7
3046	1	9
3047	1	7
3048	0	1
3049	0	2
3050	1	6
3051	2	8
3052	0	5
3053	2	2
3054	2	3
3055	4	1
3056	2	6
3057	0	1
3058	1	5
3059	1	3
3060	1	7
3061	2	3
3062	1	7
3063	1	7
3064	0	6
3065	1	3
3066	1	3
3067	0	6
3068	2	4
3069	2	5
3070	3	7
3071	2	6
3072	0	2
3073	1	8
3074	2	6
3075	1	3
3076	1	7
3077	0	4
3078	2	7
3079	1	5
3080	4	6
3081	3	3
3082	1	2
3083	1	3
3084	6	5
3085	1	6
3086	1	11
3087	1	4
3088	0	6
3089	3	3
3090	1	7
3091	1	5
3092	0	6
3093	0	5
3094	2	4
3096	1	2
3097	0	7
3098	0	4
3099	1	4
3100	0	3
3101	0	5
3102	1	4
3103	0	6
3104	2	7
3105	2	4
3106	0	6
3107	1	2
3108	1	4
3109	1	8
3110	1	3
3111	0	4
3112	0	2
3113	0	1
3114	2	1
3115	1	4
3116	1	3
3117	1	5
3118	2	3
3119	1	4
3120	0	7
3121	2	4
3122	0	4
3123	0	6
3124	0	10
3125	0	5
3126	0	8
3127	0	2
3128	2	4
3129	1	4
3130	2	2
3131	2	4
3132	1	5
3133	0	4
3134	0	3
3135	2	6
3136	1	2
3137	0	4
3138	1	6
3139	1	7
3140	2	5
3141	0	7
3142	0	2
3143	2	4
3144	1	3
3145	0	3
3146	0	5
3147	0	4
3148	1	5
3149	1	2
3150	0	12
3151	0	2
3152	0	2
3153	0	5
3154	0	5
3155	0	5
3156	0	5
3157	0	5
3158	1	4
3159	1	9
3160	0	8
3161	0	6
3162	0	5
3163	1	9
3164	0	6
3165	1	5
3166	1	2
3167	0	6
3168	2	5
3169	1	5
3170	1	7
3171	0	7
3172	2	7
3173	1	7
3174	1	11
3175	2	3
3176	0	4
3177	1	9
3178	1	6
3179	1	7
3180	1	3
3181	3	8
3182	2	4
3183	2	3
3184	0	6
3185	0	2
3186	0	1
3187	2	5
3188	2	5
3189	1	3
3190	2	5
3191	1	4
3192	0	2
3193	0	5
3194	1	7
3195	0	10
3196	0	3
3197	0	4
3198	0	10
3199	1	6
3200	1	6
3201	0	4
3202	1	10
3203	0	4
3204	2	6
3205	2	4
3206	1	7
3207	1	3
3208	0	15
3209	1	7
3210	0	4
3211	1	5
3212	3	5
3213	3	4
3214	1	7
3215	1	2
3216	1	4
3217	2	10
3218	0	4
3219	1	10
3220	2	9
3221	4	10
3222	3	12
3223	0	11
3224	1	7
3225	0	3
3226	0	7
3227	1	5
3228	0	8
3229	1	11
3230	0	4
3231	0	4
3232	3	4
3233	1	2
3235	2	5
3236	0	1
3237	2	6
3238	1	4
3239	1	11
3240	1	4
3241	1	4
3242	0	7
3243	0	8
3244	2	6
3245	3	6
3246	0	3
3247	1	3
3248	1	4
3249	1	1
3250	3	1
3251	1	1
3252	1	6
3253	0	6
3254	2	3
3255	0	6
3256	0	5
3257	0	4
3258	4	5
3259	0	4
3260	1	4
3261	0	6
3262	3	5
3263	0	3
3264	0	2
3265	3	6
3266	1	3
3267	0	3
3268	0	3
3269	1	5
3270	0	2
3271	0	5
3272	0	5
3273	1	8
3274	0	4
3275	1	2
3276	0	4
3277	0	3
3278	3	2
3279	0	2
3280	0	7
3281	0	3
3282	0	3
3283	1	2
3284	2	1
3285	0	4
3286	0	4
3287	0	6
3288	0	7
3289	0	4
3290	1	2
3291	0	3
3292	1	9
3293	2	4
3294	0	7
3295	2	8
3296	0	1
3297	2	6
3298	0	7
3299	0	4
3300	0	5
3302	0	2
3303	1	7
3304	1	4
3305	1	7
3306	0	11
3307	0	2
3308	1	3
3309	1	5
3310	0	4
3311	0	5
3312	0	2
3313	3	6
3314	2	2
3315	0	3
3316	0	4
3317	0	3
3318	1	3
3319	0	11
3320	2	2
3321	0	7
3322	0	4
3323	0	5
3324	0	6
3325	0	4
3327	0	2
3328	0	1
3329	0	3
3330	1	5
3331	1	7
3332	2	5
3333	0	3
3334	2	2
3335	0	3
3336	2	4
3337	1	2
3338	0	5
3339	1	6
3340	0	7
3341	1	4
3342	1	1
3343	2	5
3344	0	5
3345	1	4
3346	0	5
3347	0	2
3348	0	5
3349	0	6
3350	1	3
3351	1	5
3352	0	1
3353	1	8
3354	0	11
3355	0	3
3356	0	7
3357	4	4
3358	1	3
3359	0	5
3360	0	4
3361	2	2
3362	1	4
3363	2	9
3364	0	4
3365	1	4
3366	0	1
3367	1	6
3368	0	3
3369	1	4
3370	0	1
3371	0	5
3372	1	4
3373	1	5
3374	1	4
3375	0	5
3376	1	5
3377	2	6
3378	1	7
3379	2	3
3380	1	11
3381	1	4
3382	0	4
3383	1	5
3384	2	6
3386	1	7
3387	2	4
3388	2	2
3389	2	7
3390	0	6
3391	0	6
3392	0	6
3393	0	3
3394	0	3
3395	1	2
3396	1	0
3397	0	3
3398	5	2
3399	1	5
3400	1	6
3401	0	6
3402	2	2
3403	1	3
3404	1	4
3405	2	2
3406	1	3
3407	0	5
3408	0	6
3409	0	2
3410	0	4
3411	5	5
3412	0	3
3413	1	3
3414	3	3
3415	0	8
3416	0	4
3417	2	4
3418	2	6
3419	2	3
3420	0	4
3421	0	2
3422	2	6
3423	2	9
3424	2	6
3425	0	3
3426	0	8
3427	3	2
3428	2	4
3429	2	5
3430	0	3
3431	0	4
3432	1	6
3433	1	8
3434	1	5
3435	0	2
3436	0	1
3437	1	9
3438	2	4
3439	1	3
3440	0	3
3441	0	5
3442	1	4
3443	1	5
3444	2	2
3445	0	3
3446	1	7
3447	0	5
3448	0	3
3449	2	1
3450	3	6
3451	2	6
3452	0	2
3453	1	4
3454	0	6
3455	0	3
3456	0	3
3457	0	3
3458	1	5
3459	1	3
3460	1	4
3461	0	3
3462	1	4
3463	0	7
3464	3	4
3465	0	3
3466	0	10
3467	2	4
3468	2	5
3469	1	8
3470	2	6
3471	0	5
3472	1	9
3473	2	4
3474	1	3
3475	1	0
3476	0	1
3477	1	4
3478	2	4
3479	1	4
3480	0	3
3481	1	4
3482	0	3
3483	1	4
3484	2	7
3485	0	5
3486	1	6
3487	3	1
3488	3	8
3489	0	3
3490	0	3
3491	1	5
3493	1	5
3494	1	3
3495	2	1
3496	1	4
3497	1	3
3498	0	5
3499	0	6
3500	3	6
3502	1	7
3503	0	2
3504	1	5
3505	0	2
3506	1	5
3507	1	7
3508	3	5
3509	2	1
3510	0	5
3511	2	5
3512	0	7
3513	0	6
3514	4	5
3515	2	3
3516	1	7
3517	0	3
3518	1	3
3519	1	9
3520	0	5
3521	0	5
3522	0	4
3523	1	10
3524	0	4
3525	0	8
3526	2	9
3527	0	5
3528	0	6
3529	1	3
3530	0	6
3531	0	10
3532	0	4
3533	2	11
3534	1	7
3535	1	4
3536	0	3
3537	0	2
3538	0	7
3539	0	6
3540	1	7
3541	0	2
3542	1	5
3543	2	5
3544	1	3
3545	1	5
3546	2	6
3547	0	6
3548	0	6
3549	1	5
3550	1	4
3551	0	6
3552	0	9
3553	0	7
3554	4	4
3555	0	7
3556	0	8
3557	0	9
3558	3	3
3559	0	7
3560	2	5
3561	0	4
3562	1	6
3563	0	5
3564	0	9
3565	1	9
3566	0	8
3567	2	3
3568	0	7
3569	0	7
3570	0	4
3571	3	3
3572	3	6
3573	1	3
3574	1	6
3575	1	4
3576	1	5
3577	4	4
3578	2	3
3579	0	5
3580	0	8
3581	0	6
3582	0	5
3583	0	9
3584	0	12
3585	0	10
3586	0	7
3587	0	5
3588	0	6
3589	0	5
3590	0	6
3591	1	3
3592	0	3
3593	1	8
3594	1	10
3595	0	1
3596	2	7
3597	0	3
3598	0	8
3599	0	4
3600	0	3
3601	1	7
3602	2	10
3603	0	4
3604	0	3
3605	0	6
3606	0	10
3607	0	9
3608	0	13
3609	0	6
3610	0	8
3611	0	5
3612	0	5
3613	1	6
3614	0	5
3615	1	1
3616	0	5
3617	2	10
3618	2	5
3619	3	3
3620	1	3
3621	1	1
3622	0	3
3623	1	6
3624	1	3
3625	0	3
3626	1	4
3627	0	4
3628	2	4
3629	0	5
3630	1	3
3631	0	4
3632	1	3
3633	1	8
3634	0	6
3635	0	6
3636	1	5
3637	2	2
3638	1	4
3639	2	3
3640	0	3
3641	0	7
3642	1	7
3643	1	3
3644	0	8
3645	1	4
3646	0	1
3647	0	4
3648	0	5
3649	2	5
3650	4	4
3651	1	2
3652	1	6
3653	0	2
3654	0	5
3655	0	2
3656	0	5
3657	1	2
3658	0	1
3659	0	6
3660	1	8
3661	0	10
3662	1	7
3663	0	8
3664	1	2
3665	0	4
3666	0	7
3667	1	4
3669	0	3
3670	0	5
3671	3	5
3672	1	0
3673	1	4
3674	0	2
3675	0	3
3676	2	2
3677	1	4
3678	0	3
3679	0	5
3680	0	2
3681	1	5
3682	0	6
3683	0	4
3684	1	8
3685	1	1
3686	0	3
3687	0	8
3688	0	5
3689	0	6
3690	0	5
3691	2	2
3692	0	5
3693	0	4
3694	1	2
3695	1	3
3696	0	7
3697	3	3
3698	1	6
3699	1	3
3700	0	9
3701	0	3
3702	0	4
3703	0	3
3704	0	2
3705	1	6
3706	0	5
3707	0	2
3708	0	4
3709	0	7
3710	0	5
3711	1	4
3712	1	6
3713	0	1
3714	1	9
3715	0	10
3716	1	4
3717	2	1
3718	0	5
3719	0	3
3720	1	2
3721	1	11
3722	0	9
3723	2	3
3724	0	6
3725	0	3
3726	0	7
3727	0	6
3728	1	3
3729	0	3
3730	1	9
3731	1	4
3732	0	5
3733	0	3
3734	2	0
3735	0	7
3736	1	5
3737	1	1
3738	0	7
3739	1	7
3740	0	4
3741	0	3
3742	0	3
3743	0	5
3744	1	2
3745	1	4
3746	0	4
3747	2	5
3748	0	3
3749	0	6
3750	1	2
3751	2	5
3752	0	7
3753	1	4
3754	0	2
3755	1	4
3756	1	5
3757	0	4
3758	1	3
3759	0	2
3760	1	6
3761	2	7
3762	0	4
3763	2	4
3764	0	3
3765	0	2
3766	0	8
3767	0	5
3768	0	8
3769	1	4
3770	0	5
3771	1	7
3772	0	1
3773	2	4
3774	0	7
3775	1	6
3776	1	4
3777	0	1
3778	1	4
3779	1	1
3780	1	3
3781	0	1
3782	3	7
3783	1	4
3784	0	6
3785	0	3
3786	1	4
3787	1	7
3788	5	2
3789	9	3
3790	2	4
3791	1	9
3792	2	1
3794	0	2
3795	1	2
3796	2	2
3797	0	3
3798	0	4
3799	0	4
3800	0	6
3801	2	3
3802	0	3
3803	1	1
3804	1	2
3805	0	3
3806	2	1
3807	1	5
3808	0	5
3809	0	2
3810	2	9
3811	4	3
3812	0	5
3813	2	4
3814	1	2
3815	1	3
3816	0	1
3817	0	5
3818	1	7
3819	1	3
3820	0	2
3821	0	6
3822	0	6
3823	0	7
3824	0	5
3825	0	7
3826	0	5
3827	1	8
3828	0	4
3829	2	4
3830	2	7
3831	1	7
3832	0	6
3833	3	4
3834	2	2
3835	3	4
3836	0	4
3837	1	5
3838	3	6
3839	3	3
3840	2	6
3841	2	5
3842	1	5
3843	1	3
3844	0	2
3845	2	7
3846	0	5
3847	0	3
3848	1	4
3849	0	6
3850	1	5
3851	1	4
3852	0	4
3853	0	6
3854	0	6
3855	1	4
3856	1	4
3857	2	7
3858	1	6
3859	2	3
3860	1	4
3861	0	4
3862	0	4
3863	2	6
3864	0	4
3865	0	4
3866	0	2
3867	0	4
3868	1	8
3869	0	6
3870	0	4
3871	0	5
3872	0	6
3873	1	5
3874	0	1
3875	0	9
3876	0	3
3877	3	3
3878	0	6
3879	0	7
3880	0	6
3881	0	5
3882	1	6
3883	1	6
3884	2	4
3885	1	4
3886	2	2
3887	0	1
3888	4	4
3889	1	2
3890	1	3
3891	0	4
3892	1	2
3893	0	5
3894	4	5
3895	0	5
3896	2	5
3897	1	2
3898	1	5
3899	0	1
3900	0	3
3901	0	8
3902	0	2
3903	0	3
3904	1	2
3905	0	6
3906	0	4
3907	0	6
3908	0	5
3909	1	2
3910	0	3
3911	0	4
3912	0	3
3913	1	6
3914	2	2
3915	2	3
3916	0	5
3917	1	5
3918	1	4
3919	1	5
3920	2	0
3921	1	2
3922	0	4
3923	0	1
3924	1	4
3925	1	3
3926	1	3
3927	4	7
3928	0	4
3929	0	4
3930	2	5
3931	1	4
3932	0	3
3933	2	5
3934	1	7
3935	1	4
3936	0	4
3937	1	6
3938	0	1
3939	0	6
3940	2	3
3941	3	6
3942	2	3
3943	1	0
3944	0	4
3945	0	5
3946	1	0
3947	1	3
3948	0	9
3949	0	4
3950	0	4
3951	1	1
3952	2	5
3953	1	5
3954	1	3
3955	0	9
3956	2	6
3957	2	2
3958	2	4
3959	0	8
3960	2	3
3961	0	4
3962	1	5
3963	0	3
3964	1	4
3965	0	1
3966	1	5
3967	0	6
3968	1	5
3969	0	7
3970	0	5
3971	0	2
3972	0	4
3973	2	4
3974	1	5
3975	0	4
3976	0	4
3977	0	5
3978	0	6
3980	0	5
3981	0	2
3982	0	3
3983	1	4
3984	0	2
3985	0	3
3986	1	0
3987	3	6
3988	0	4
3989	1	11
3990	2	7
3991	0	4
3992	0	1
3993	2	2
3994	0	5
3995	0	5
3996	1	6
3997	0	6
3998	2	6
3999	3	4
4000	0	5
4001	2	7
4002	1	2
4003	0	4
4004	0	4
4005	0	4
4006	0	4
4007	1	2
4008	3	5
4009	2	2
4010	1	5
4011	0	4
4012	0	5
4013	1	5
4014	0	1
4015	0	2
4016	1	4
4017	0	8
4018	2	2
4019	0	3
4020	0	7
4022	0	7
4023	1	10
4024	0	3
4025	1	4
4026	2	8
4027	1	6
4028	1	2
4029	0	2
4030	1	4
4031	2	7
4032	1	5
4033	0	1
4034	0	2
4035	0	3
4036	0	4
4037	0	3
4038	0	3
4039	3	4
4040	3	4
4041	0	2
4042	0	3
4043	0	7
4044	2	4
4045	1	11
4046	1	3
4047	0	4
4048	1	5
4049	1	8
4050	0	8
4051	1	9
4052	0	6
4053	1	7
4054	0	5
4055	0	5
4056	2	1
4057	1	3
4058	0	4
4059	0	7
4060	0	5
4061	2	3
4062	1	7
4063	0	7
4064	0	1
4065	0	7
4066	1	3
4067	2	3
4068	1	3
4069	0	4
4070	1	3
4071	0	5
4072	1	3
4073	3	5
4074	1	3
4075	1	3
4076	0	6
4077	1	6
4078	0	7
4079	1	5
4080	0	4
4081	1	10
4082	0	2
4083	0	3
4084	0	6
4085	0	8
4086	0	2
4087	0	2
4088	1	6
4089	0	2
4090	0	5
4091	1	3
4092	1	4
4093	0	8
4094	0	6
4095	0	2
4096	2	4
4097	2	6
4098	1	3
4099	1	3
4100	1	3
4101	1	3
4102	0	6
4103	0	4
4104	0	5
4105	1	3
4106	0	3
4107	1	2
4108	0	6
4109	2	6
4110	1	3
4111	1	4
4112	1	10
4113	2	5
4114	2	5
4116	0	5
4117	0	5
4118	0	1
4119	0	3
4120	0	4
4121	4	5
4122	3	3
4123	4	5
4124	3	6
4125	5	4
4126	6	5
4127	0	2
4128	0	5
4129	1	4
4130	1	3
4131	1	10
4132	0	5
4133	1	5
4134	0	5
4135	0	4
4136	1	7
4137	0	1
4138	1	1
4139	0	5
4140	1	8
4141	4	5
4142	3	9
4143	0	4
4144	0	5
4145	1	13
4146	1	3
4147	1	9
4148	0	5
4149	0	6
4150	2	4
4151	1	2
4152	0	6
4153	1	9
4154	0	6
4155	1	10
4156	1	1
4157	0	5
4158	1	3
4159	0	4
4160	1	4
4161	0	9
4162	0	7
4163	1	7
4164	0	6
4165	0	2
4166	1	6
4167	0	7
4168	2	1
4169	0	6
4170	0	6
4171	2	9
4172	1	3
4173	0	7
4174	0	9
4175	2	7
4176	1	11
4177	0	4
4178	0	7
4179	0	8
4180	1	6
4181	0	3
4182	0	6
4183	0	7
4184	1	9
4185	2	3
4186	0	1
4187	2	4
4188	1	7
4189	0	2
4190	1	3
4191	1	5
4192	0	3
4193	0	6
4194	0	10
4195	0	3
4196	2	6
4197	0	6
4198	1	3
4199	1	8
4200	0	5
4201	3	5
4202	2	3
4203	0	5
4204	1	7
4205	0	7
4206	0	5
4207	1	2
4208	1	6
4209	1	9
4210	0	6
4211	2	5
4212	1	3
4213	1	1
4214	2	5
4215	2	2
4216	1	3
4217	0	6
4218	0	2
4219	0	5
4220	1	3
4221	2	4
4222	0	5
4223	1	5
4224	1	1
4225	0	2
4226	3	5
4227	0	13
4228	3	3
4229	0	5
4230	0	6
4231	1	6
4232	0	5
4233	0	9
4234	1	9
4235	0	5
4236	1	5
4237	1	2
4238	0	4
4239	0	4
4240	0	7
4241	1	7
4242	1	3
4243	0	5
4244	1	4
4245	0	5
4246	0	4
4247	0	7
4248	0	2
4249	2	7
4250	0	3
4251	0	6
4252	2	9
4253	0	6
4254	1	4
4255	1	8
4256	1	5
4257	0	5
4258	0	4
4259	2	2
4260	0	5
4261	1	6
4262	0	6
4263	0	4
4264	0	4
4265	1	3
4266	1	2
4267	0	5
4268	1	9
4269	6	3
4270	4	2
4271	0	7
4272	0	8
4273	2	4
4274	1	2
4275	0	3
4276	0	2
4277	0	3
4278	2	5
4279	0	5
4280	1	4
4281	0	2
4282	0	9
4283	0	4
4284	0	4
4285	2	4
4286	0	5
4287	1	6
4288	0	5
4289	0	2
4290	1	0
4291	1	7
4292	0	3
4293	0	3
4294	2	5
4295	1	6
4296	0	3
4297	0	9
4298	0	6
4299	2	5
4300	1	5
4301	1	4
4303	0	5
4304	0	2
4305	0	6
4306	0	3
4307	0	2
4308	1	5
4309	3	3
4310	1	2
4311	0	5
4312	0	6
4313	0	11
4314	1	3
4315	2	6
4316	0	8
4317	0	3
4318	1	2
4319	0	4
4320	0	7
4321	1	2
4322	0	6
4323	0	8
4324	0	9
4325	1	4
4326	2	4
4327	0	2
4328	1	5
4329	3	7
4330	0	7
4332	1	8
4333	0	3
4334	1	5
4335	1	4
4336	1	4
4337	1	4
4338	0	1
4339	0	6
4340	1	6
4341	0	5
4342	1	3
4343	2	5
4344	2	1
4345	1	6
4346	0	1
4347	0	5
4348	0	4
4349	0	8
4350	1	4
4351	1	3
4352	1	6
4353	1	3
4354	0	2
4355	1	4
4356	1	2
4357	1	4
4358	1	6
4359	0	4
4360	1	6
4361	0	2
4362	0	2
4363	1	4
4364	0	5
4365	0	2
4366	3	6
4367	4	2
4368	0	2
4369	0	2
4370	2	4
4372	0	7
4373	1	7
4374	0	9
4375	0	10
4376	1	3
4377	3	3
4378	0	1
4379	0	5
4380	1	2
4381	0	5
4382	0	3
4383	0	3
4384	1	7
4385	0	5
4386	0	4
4387	0	5
4388	1	0
4389	1	8
4390	0	4
4391	0	8
4392	2	6
4393	0	4
4394	0	3
4395	1	3
4396	0	1
4397	2	2
4398	1	8
4399	2	4
4400	0	3
4401	2	2
4402	2	3
4403	0	3
4404	0	3
4405	2	11
4406	1	5
4407	1	6
4408	1	3
4409	1	7
4410	2	11
4411	0	3
4412	0	4
4413	1	5
4414	0	7
4415	0	3
4416	1	8
4417	1	6
4418	0	5
4419	0	7
4420	0	6
4421	1	4
4422	0	7
4423	0	3
4424	2	6
4425	1	7
4426	1	8
4427	0	5
4428	1	2
4429	1	1
4430	0	2
4432	0	2
4433	0	8
4434	0	8
4435	1	2
4436	0	6
4437	1	5
4438	0	1
4439	0	1
4440	1	5
4441	1	2
4442	1	5
4443	1	2
4444	0	4
4445	1	4
4446	0	5
4447	0	5
4448	0	4
4449	1	5
4450	0	1
4451	0	4
4452	1	7
4453	0	6
4454	0	7
4455	1	2
4456	0	4
4457	2	1
4458	0	5
4459	1	3
4460	2	5
4461	0	5
4462	1	3
4463	1	7
4464	0	6
4465	0	4
4466	1	5
4467	1	5
4468	0	3
4469	1	6
4470	2	4
4471	0	2
4472	1	4
4473	0	3
4474	0	5
4475	1	3
4476	1	3
4477	0	5
4478	1	3
4479	2	8
4480	1	2
4481	0	3
4482	0	2
4483	0	10
4484	1	2
4485	0	6
4486	2	7
4487	0	3
4488	1	4
4489	0	3
4490	2	5
4491	1	4
4492	2	1
4493	1	1
4494	1	5
4495	4	4
4496	1	6
4497	0	6
4498	1	2
4499	0	5
4500	0	1
4501	1	3
4502	4	2
4503	0	5
4504	0	6
4505	0	3
4506	2	4
4507	0	4
4508	1	4
4509	0	3
4510	1	8
4511	1	2
4512	0	5
4513	0	8
4514	0	5
4515	3	4
4516	1	4
4517	1	3
4518	0	3
4519	1	3
4520	1	4
4521	0	2
4522	1	7
4523	0	5
4524	1	6
4525	2	7
4526	2	9
4527	0	2
4528	0	5
4529	2	6
4530	1	6
4531	1	5
4532	0	7
4533	0	7
4534	0	8
4535	0	8
4536	1	4
4537	1	9
4538	1	13
4539	2	6
4540	2	5
4541	0	7
4542	0	5
4543	2	10
4544	1	6
4545	0	8
4546	0	2
4547	0	4
4548	0	3
4549	0	4
4550	0	5
4551	0	6
4552	1	6
4553	0	4
4554	0	9
4555	2	4
4556	1	10
4557	1	10
4558	0	12
4559	1	3
4560	0	3
4561	0	5
4562	0	10
4563	1	6
4564	4	6
4565	0	9
4566	0	7
4567	0	5
4568	1	5
4569	0	2
4570	1	3
4571	4	6
4572	0	5
4573	0	2
4574	0	2
4575	0	4
4576	0	2
4577	0	1
4578	0	4
4579	3	2
4580	1	6
4581	1	3
4582	0	6
4583	3	3
4584	3	0
4585	0	2
4586	1	4
4587	1	4
4588	0	3
4589	0	3
4590	1	6
4591	2	5
4592	0	5
4593	0	1
4594	0	5
4595	1	4
4596	1	3
4597	0	6
4598	0	4
4599	1	5
4600	2	4
4601	1	5
4602	0	3
4603	0	9
4604	2	5
4605	1	7
4606	0	4
4607	0	5
4608	0	1
4609	0	7
4610	0	2
4611	0	4
4612	1	4
4613	0	3
4614	0	3
4615	0	3
4616	0	5
4617	0	4
4618	0	5
4619	1	4
4620	0	7
4621	2	2
4622	1	5
4623	1	4
4624	3	6
4625	0	1
4626	2	3
4627	1	3
4628	0	1
4629	3	4
4630	0	2
4631	1	2
4632	0	4
4633	0	3
4634	1	1
4635	0	6
4636	0	4
4637	0	4
4638	0	6
4639	0	5
4640	1	2
4641	0	4
4642	0	5
4643	0	1
4644	0	4
4645	0	10
4646	4	2
4647	0	2
4648	0	4
4649	2	5
4650	1	4
4651	2	2
4652	0	5
4653	1	4
4654	2	4
4655	0	7
4656	1	4
4657	2	6
4658	0	2
4659	0	2
4660	0	4
4661	2	2
4662	1	3
4663	0	8
4664	1	0
4665	0	1
4666	1	5
4667	0	6
4668	0	6
4669	0	1
4670	0	5
4671	0	5
4672	1	0
4673	2	6
4674	1	5
4675	1	5
4676	1	3
4677	1	8
4678	1	6
4679	3	5
4680	1	5
4681	1	8
4682	0	2
4683	1	8
4684	0	8
4685	0	2
4686	0	3
4687	0	5
4688	0	3
4689	0	4
4690	3	9
4691	5	1
4692	3	2
4693	1	4
4694	0	5
4695	4	5
4696	3	4
4697	1	1
4698	1	8
4699	0	2
4700	3	3
4701	5	4
4702	1	7
4703	0	5
4704	0	5
4705	1	2
4706	1	3
4707	6	3
4708	0	2
4709	0	1
4710	0	4
4711	0	4
4712	0	2
4713	0	4
4714	0	3
4715	0	4
4716	2	6
4717	1	1
4718	0	6
4719	1	4
4720	0	7
4721	0	5
4722	2	3
4723	1	3
4724	0	6
4725	0	6
4726	1	6
4727	1	4
4728	0	6
4729	0	1
4730	2	6
4731	0	3
4732	2	6
4733	1	4
4734	1	6
4735	1	8
4736	0	3
4737	0	10
4738	0	6
4739	0	4
4740	2	4
4741	0	3
4742	0	3
4743	1	4
4744	3	2
4745	0	1
4746	0	4
4747	3	4
4748	1	10
4749	1	5
4750	3	2
4751	1	2
4752	0	6
4753	1	6
4754	2	7
4755	0	11
4756	1	5
4757	0	4
4758	1	1
4759	0	3
4760	1	3
4761	0	2
4762	0	3
4763	2	4
4764	1	3
4765	0	7
4766	1	2
4767	0	3
4768	1	3
4769	0	3
4770	1	5
4771	5	10
4772	0	3
4773	1	5
4774	0	5
4775	2	9
4776	1	2
4777	0	8
4778	0	8
4779	0	6
4780	0	10
4781	1	3
4782	1	4
4783	0	1
4784	0	6
4785	1	4
4786	1	7
4787	2	2
4788	1	3
4789	0	2
4790	0	6
4791	5	7
4792	2	1
4793	1	5
4794	0	4
4795	1	2
4796	0	10
4797	0	4
4798	0	6
4799	0	3
4800	0	2
4801	0	3
4802	1	7
4803	1	4
4804	1	9
4805	0	4
4806	0	4
4807	0	10
4808	1	7
4809	1	2
4810	0	5
4811	0	5
4812	0	4
4813	0	4
4814	0	4
4815	0	6
4816	0	5
4817	0	7
4818	0	4
4819	0	3
4820	0	3
4821	1	9
4822	0	5
4823	0	6
4824	0	3
4825	0	3
4826	0	5
4827	1	1
4828	0	2
4829	0	3
4830	0	4
4831	0	6
4832	1	6
4833	1	6
4834	0	5
4835	2	5
4836	0	3
4837	1	1
4838	0	7
4839	0	7
4840	0	5
4841	0	6
4842	0	6
4843	1	2
4844	0	3
4845	0	1
4846	0	4
4847	0	5
4848	0	5
4849	1	1
4850	2	4
4851	2	1
4852	0	5
4853	0	4
4854	2	2
4855	0	7
4856	0	2
4857	1	4
4858	1	6
4859	1	5
4860	1	2
4861	0	3
4862	1	4
4863	0	6
4865	3	2
4866	3	3
4867	0	8
4868	0	2
4869	0	4
4870	1	3
4871	1	9
4872	1	6
4873	2	2
4874	0	2
4875	1	13
4876	1	4
4877	2	4
4878	0	6
4879	4	3
4880	1	4
4881	0	6
4882	1	4
4883	0	5
4884	0	7
4885	0	7
4886	0	4
4887	0	3
4888	1	2
4889	0	4
4890	1	5
4891	2	3
4892	0	5
4893	0	2
4894	0	6
4895	1	6
4896	0	6
4897	0	4
4898	0	4
4899	1	2
4900	0	2
4901	0	6
4902	2	2
4903	2	3
4904	0	7
4905	0	5
4906	0	7
4907	2	6
4908	0	7
4909	1	4
4910	0	6
4911	0	2
4912	0	4
4913	2	3
4914	3	3
4915	1	2
4916	0	3
4917	0	5
4918	1	4
4919	1	1
4920	1	1
4921	1	3
4922	1	6
4923	0	6
4924	0	5
4925	1	6
4926	1	3
4927	1	3
4928	0	4
4929	0	3
4930	0	5
4931	1	7
4932	1	5
4933	0	7
4934	1	4
4935	0	10
4936	2	4
4937	1	5
4938	0	1
4939	0	2
4940	1	8
4941	1	7
4942	0	2
4943	1	2
4944	4	5
4945	1	6
4946	1	8
4947	1	10
4948	0	4
4949	3	2
4950	0	5
4951	1	4
4952	0	11
4953	0	5
4954	0	6
4955	1	6
4956	0	4
4957	5	6
4958	1	7
4959	2	4
4960	0	1
4961	1	5
4962	0	2
4963	0	8
4964	0	5
4965	1	6
4966	2	3
4967	0	4
4968	0	8
4969	0	8
4970	2	4
4971	4	5
4972	0	3
4973	1	2
4974	1	4
4975	0	9
4976	0	9
4977	1	5
4978	0	9
4979	1	6
4980	0	4
4981	0	2
4982	3	8
4983	1	1
4984	7	4
4985	1	3
4986	2	4
4987	2	5
4988	1	5
4989	0	3
4990	3	5
4991	3	3
4992	0	1
4993	0	1
4994	2	6
4995	1	4
4996	1	5
4997	0	5
4998	0	5
4999	0	2
5000	1	1
5001	2	6
5002	1	3
5003	0	4
5004	0	8
5005	1	6
5006	0	5
5007	1	8
5008	1	8
5009	1	4
5010	2	8
5011	0	7
5012	0	9
5013	0	7
5014	1	5
5015	1	4
5016	1	3
5017	0	5
5019	1	8
5020	0	6
5021	0	5
5022	0	7
5023	0	5
5024	1	4
5025	0	1
5026	0	4
5027	0	3
5028	1	5
5029	2	1
5030	1	4
5031	0	6
5032	1	4
5033	0	2
5034	0	3
5035	0	2
5036	0	4
5037	1	3
5038	1	4
5039	2	5
5040	2	3
5041	0	3
5042	0	6
5043	1	5
5044	1	3
5045	0	4
5046	0	6
5047	1	6
5048	2	6
5049	0	4
5050	1	3
5051	1	7
5052	0	3
5053	1	4
5054	0	1
5055	2	4
5056	0	4
5057	2	4
5058	1	6
5059	2	5
5060	2	10
5061	0	7
5062	3	3
5063	0	7
5064	0	8
5065	1	5
5066	0	4
5067	1	2
5068	0	2
5069	0	6
5070	0	6
5071	1	6
5072	2	5
5073	0	2
5074	1	5
5075	0	3
5076	0	1
5077	0	2
5078	1	4
5079	0	2
5080	1	6
5081	0	6
5082	1	5
5083	0	5
5084	0	3
5085	0	2
5086	0	4
5087	0	2
5088	1	9
5089	0	6
5090	0	5
5091	2	1
5092	0	2
5093	0	5
5094	0	7
5095	1	3
5096	0	3
5097	0	2
5098	0	4
5099	1	2
5100	2	8
5101	0	5
5102	1	7
5103	1	3
5104	0	5
5105	1	5
5106	2	4
5107	0	3
5108	0	4
5109	1	6
5110	2	3
5111	1	6
5112	0	7
5113	0	3
5114	0	6
5115	0	3
5116	3	2
5117	1	2
5118	0	6
5119	0	4
5120	1	3
5121	2	4
5122	0	2
5123	5	3
5124	2	4
5125	2	1
5127	1	8
5128	0	2
5129	1	2
5130	1	12
5131	0	7
5132	0	4
5133	1	6
5134	1	7
5135	2	5
5136	0	4
5137	0	1
5138	0	5
5139	1	2
5140	2	2
5141	0	4
5142	2	7
5143	3	5
5144	0	3
5145	3	7
5146	4	4
5147	1	8
5148	3	3
5149	2	7
5150	0	4
5151	2	5
5152	1	6
5153	1	3
5154	0	4
5155	0	2
5156	1	2
5157	1	5
5158	1	5
5159	0	3
5160	2	5
5161	1	5
5162	2	3
5163	0	4
5164	1	6
5165	0	4
5166	0	5
5167	0	5
5168	1	5
5169	0	3
5170	0	3
5171	0	8
5172	0	1
5173	2	2
5174	1	4
5175	0	3
5176	0	5
5177	0	5
5178	0	6
5179	0	2
5180	2	5
5181	0	2
5182	2	7
5183	0	5
5184	0	5
5185	2	4
5186	3	3
5187	2	3
5188	3	3
5189	0	4
5190	1	7
5191	0	5
5192	0	5
5193	0	2
5194	1	4
5195	0	3
5196	3	2
5197	0	5
5198	1	3
5199	0	2
5200	4	10
5201	0	7
5202	1	6
5203	1	4
5204	1	7
5205	0	7
5206	0	2
5207	0	4
5208	0	3
5209	0	4
5210	0	5
5211	0	6
5212	0	3
5213	0	6
5214	1	8
5215	0	5
5216	0	5
5217	0	8
5218	0	4
5219	0	6
5220	1	6
5221	0	8
5222	1	3
5223	2	3
5224	1	7
5225	1	5
5226	0	3
5227	0	5
5228	2	2
5229	0	8
5230	0	7
5231	2	5
5232	1	1
5233	2	4
5234	2	4
5235	0	3
5236	1	5
5237	2	6
5238	0	2
5239	0	7
5240	1	4
5241	1	7
5242	0	1
5243	0	7
5244	0	2
5245	2	4
5246	1	2
5247	1	6
5248	0	5
5249	2	3
5250	1	5
5251	0	4
5252	0	3
5253	0	7
5254	0	4
5255	0	2
5256	1	5
5257	0	4
5258	1	4
5259	2	3
5260	3	1
5261	2	2
5262	3	5
5263	2	2
5264	1	5
5265	0	5
5266	0	6
5267	0	3
5268	0	3
5269	1	5
5270	0	7
5271	0	5
5272	0	4
5273	1	2
5274	1	2
5275	1	6
5276	1	5
5277	0	6
5278	0	6
5279	2	10
5280	0	5
5281	3	5
5282	1	4
5283	0	6
5284	3	2
5285	3	4
5286	1	1
5287	2	2
5288	0	2
5289	0	7
5290	1	8
5291	1	3
5292	0	2
5293	1	5
5294	1	9
5295	1	5
5296	0	6
5297	0	3
5298	0	2
5299	0	2
5300	0	4
5301	0	3
5302	1	2
5303	0	5
5304	0	1
5305	1	4
5306	1	5
5307	0	2
5308	0	7
5309	2	1
5310	2	3
5311	1	6
5312	0	1
5313	0	2
5314	1	3
5315	2	4
5316	0	6
5317	2	5
5318	0	3
5319	0	3
5320	0	2
5321	2	4
5322	0	6
5323	0	2
5324	1	6
5325	2	3
5326	0	7
5327	0	6
5328	0	4
5329	2	3
5330	3	3
5332	3	1
5333	4	4
5334	1	2
5335	2	3
5336	2	4
5337	0	5
5338	0	3
5339	1	4
5340	0	1
5341	0	7
5342	0	4
5343	0	5
5344	0	4
5345	0	7
5346	1	2
5347	0	7
5348	0	5
5349	3	3
5350	3	6
5351	2	4
5352	1	3
5353	0	4
5354	1	3
5355	1	5
5356	0	5
5357	1	5
5358	4	4
5359	2	5
5360	1	3
5361	1	7
5362	2	3
5363	0	3
5364	3	5
5365	0	4
5366	1	6
5367	0	2
5368	0	3
5369	1	7
5370	0	4
5371	0	8
5372	0	4
5373	2	3
5374	0	8
5375	1	4
5376	0	2
5377	0	5
5378	1	2
5379	0	1
5380	1	5
5381	0	6
5382	2	3
5383	1	9
5384	1	2
5385	0	6
5386	0	4
5387	1	5
5388	0	3
5389	1	4
5390	2	1
5391	1	6
5392	1	4
5393	0	4
5394	4	6
5395	0	3
5396	2	6
5397	1	4
5398	1	2
5399	2	5
5400	0	7
5401	1	3
5402	0	1
5403	0	4
5404	1	5
5405	0	4
5406	0	6
5407	0	5
5408	0	2
5409	2	7
5410	0	4
5411	1	2
5412	1	5
5413	0	7
5414	0	6
5415	2	3
5416	1	4
5417	0	2
5418	0	2
5419	2	2
5420	1	0
5421	0	8
5422	0	4
5423	0	4
5424	1	5
5425	0	3
5426	0	7
5427	0	13
5428	0	7
5429	2	1
5430	5	4
5431	0	7
5432	3	1
5433	2	5
5434	2	1
5435	0	3
5436	2	7
5437	3	7
5438	0	5
5439	1	2
5440	0	9
5441	1	3
5442	0	6
5443	0	4
5444	2	7
5445	1	7
5446	0	3
5447	0	3
5448	1	3
5449	1	3
5450	1	2
5451	0	2
5452	1	4
5453	0	2
5454	0	3
5455	0	3
5456	1	6
5457	1	5
5458	0	3
5459	1	5
5460	0	3
5461	1	4
5462	0	8
5463	0	3
5464	2	6
5465	1	12
5466	0	4
5467	1	4
5468	1	6
5469	0	2
5470	0	7
5471	0	5
5472	0	3
5473	1	0
5474	1	7
5475	2	10
5476	1	4
5477	0	2
5478	2	2
5479	0	7
5480	0	4
5481	1	5
5482	0	2
5483	1	6
5484	0	6
5485	1	5
5486	1	1
5487	0	3
5488	1	4
5489	0	2
5490	1	2
5491	1	4
5492	0	5
5493	2	2
5494	0	5
5495	0	2
5496	2	5
5497	0	5
5498	1	5
5499	0	8
5500	0	4
5501	1	5
5502	1	2
5503	0	2
5504	0	2
5505	0	4
5506	0	7
5507	0	3
5508	0	1
5509	2	3
5510	1	6
5511	2	6
5512	1	2
5513	1	5
5514	0	4
5515	0	7
5516	2	6
5517	1	5
5518	0	2
5519	1	2
5520	2	1
5521	0	5
5522	0	5
5523	0	3
5524	0	1
5525	1	2
5526	0	5
5527	2	3
5528	1	6
5529	0	3
5530	0	5
5531	1	3
5532	2	2
5533	1	6
5534	5	4
5535	2	4
5536	0	9
5537	2	6
5538	0	9
5539	0	8
5540	2	4
5541	1	4
5542	1	1
5543	0	5
5544	1	2
5545	0	9
5546	0	7
5547	0	3
5548	0	6
5549	0	11
5550	0	5
5551	1	2
5552	1	5
5553	1	7
5554	0	4
5555	0	5
5556	1	2
5557	4	0
5558	0	2
5559	0	4
5560	0	7
5561	1	3
5562	0	3
5563	0	6
5564	0	2
5565	1	5
5566	0	5
5567	2	4
5568	0	7
5569	0	7
5570	0	7
5571	0	3
5572	0	4
5573	4	7
5574	2	4
5575	0	3
5576	0	6
5577	0	9
5578	1	1
5579	0	8
5580	0	6
5581	0	4
5582	0	5
5583	2	4
5584	1	5
5585	0	8
5586	0	8
5587	0	5
5588	0	1
5589	2	5
5590	1	3
5591	0	5
5592	1	9
5593	1	7
5594	1	5
5595	0	6
5596	2	7
5597	2	4
5598	0	7
5599	0	6
5600	0	6
5601	3	4
5602	0	7
5603	1	1
5604	1	3
5605	0	3
5606	0	5
5607	1	3
5608	2	4
5609	0	7
5610	4	2
5611	1	7
5612	2	4
5613	0	5
5614	3	8
5615	3	5
5616	2	3
5617	1	4
5618	1	7
5619	0	4
5620	0	4
5621	1	3
5622	2	7
5623	1	2
5624	0	5
5625	0	5
5626	0	3
5627	0	5
5628	0	8
5629	0	6
5630	2	4
5631	0	4
5632	0	2
5633	0	4
5634	3	8
5635	0	3
5636	0	2
5637	0	4
5638	1	5
5639	0	3
5640	2	4
5641	1	3
5642	0	6
5643	0	7
5644	0	7
5645	0	4
5646	0	3
5647	0	3
5648	1	5
5649	1	7
5650	1	5
5651	0	4
5652	1	2
5653	0	9
5654	0	5
5655	1	4
5656	0	4
5657	1	4
5658	0	6
5659	0	2
5660	1	3
5661	1	0
5662	0	5
5663	0	4
5664	0	3
5665	0	3
5666	1	3
5667	2	5
5668	0	2
5669	0	5
5670	1	7
5671	2	2
5672	1	3
5673	1	5
5674	1	2
5675	2	1
5676	0	5
5677	0	4
5678	2	4
5679	2	3
5680	1	4
5681	1	8
5682	3	5
5683	1	3
5684	6	1
5685	0	3
5686	3	7
5687	0	4
5688	3	1
5689	1	5
5690	0	3
5691	0	5
5692	0	5
5693	2	11
5694	0	5
5695	0	9
5696	2	8
5697	0	8
5698	0	6
5699	1	3
5700	0	6
5701	0	5
5702	1	5
5703	1	5
5704	1	3
5705	1	6
5706	0	8
5707	2	8
5708	1	9
5709	0	7
5710	1	4
5711	0	5
5712	0	7
5713	0	5
5714	1	4
5715	1	9
5716	1	7
5717	0	7
5718	1	7
5719	1	8
5720	1	8
5721	1	9
5722	0	5
5723	3	9
5724	1	8
5725	0	4
5726	0	5
5727	1	7
5728	1	9
5729	0	2
5730	0	7
5731	1	4
5732	0	3
5733	0	10
5734	2	6
5735	1	5
5736	0	9
5737	0	8
5738	1	3
5739	2	5
5740	0	6
5741	1	10
5742	0	9
5743	1	7
5744	0	3
5745	0	3
5746	0	5
5747	2	3
5748	1	3
5749	5	4
5750	1	4
5751	3	2
5752	1	2
5753	0	4
5754	1	5
5755	2	6
5756	2	11
5757	1	4
5758	1	5
5759	0	6
5760	2	6
5761	2	3
5762	0	5
5763	0	2
5764	0	8
5765	1	10
5766	0	9
5767	1	5
5768	1	5
5769	0	6
5770	0	8
5771	0	5
5772	0	4
5773	0	2
5774	7	3
5775	0	1
5776	0	3
5777	0	5
5778	2	6
5779	1	9
5780	0	3
5781	1	5
5782	0	9
5783	1	6
5784	0	1
5785	0	9
5786	0	4
5787	0	11
5788	0	7
5789	1	3
5790	1	7
5791	2	11
5792	0	6
5793	0	5
5794	0	4
5795	0	5
5796	0	3
5797	1	7
5798	0	3
5799	0	4
5800	0	4
5801	1	2
5802	1	6
5803	1	6
5804	0	4
5805	0	3
5806	1	5
5807	2	8
5808	0	4
5809	0	6
5810	0	3
5811	0	2
5812	0	3
5813	1	6
5814	1	4
5815	0	3
5816	0	4
5817	1	6
5818	1	8
5819	2	3
5820	0	3
5821	1	4
5822	0	3
5823	0	4
5824	2	5
5825	0	3
5826	0	2
5827	0	3
5828	0	6
5829	0	2
5830	0	7
5831	0	2
5832	1	8
5833	1	3
5834	0	3
5835	6	1
5836	1	9
5837	1	6
5838	0	5
5839	0	5
5840	0	5
5841	1	2
5842	1	8
5843	2	4
5844	0	2
5845	1	4
5846	1	3
5847	2	3
5848	2	5
5849	0	3
5850	1	4
5851	0	3
5852	0	4
5853	5	3
5854	0	3
5855	2	5
5856	1	5
5857	2	3
5858	0	1
5859	1	6
5860	0	2
5861	1	4
5862	0	3
5863	1	9
5864	2	9
5865	2	1
5866	1	3
5867	0	3
5868	1	3
5869	3	7
5870	0	1
5871	2	1
5872	1	5
5873	0	5
5874	1	3
5875	1	2
5876	1	3
5877	0	2
5878	2	3
5879	2	3
5880	0	5
5881	0	4
5882	0	6
5883	0	3
5884	1	7
5885	1	7
5886	0	3
5887	0	5
5888	0	4
5889	0	3
5890	0	10
5891	1	9
5892	0	2
5893	2	8
5894	2	4
5895	3	0
5897	1	5
5898	3	1
5899	0	2
5900	0	5
5901	0	3
5902	1	5
5903	0	3
5904	1	5
5905	1	4
5906	0	4
5907	0	1
5908	0	6
5909	1	3
5910	2	8
5911	1	9
5912	1	3
5913	0	6
5914	1	5
5915	0	6
5916	0	3
5917	1	6
5918	1	3
5919	0	4
5920	0	4
5921	1	3
5922	3	2
5923	1	3
5924	0	6
5925	0	6
5926	2	7
5927	1	5
5928	0	9
5929	0	6
5930	1	6
5931	0	4
5932	0	6
5933	0	5
5934	1	3
5935	1	5
5936	0	5
5937	0	6
5938	1	4
5939	1	1
5940	1	5
5941	0	6
5942	0	1
5943	1	8
5944	0	5
5945	0	9
5946	1	2
5947	2	5
5948	0	1
5949	1	5
5950	0	7
5951	0	1
5952	1	3
5953	0	6
5954	1	2
5955	0	3
5956	0	9
5957	1	4
5958	1	7
5959	1	6
5960	2	3
5961	0	7
5962	1	2
5963	0	4
5964	0	4
5965	1	6
5966	0	4
5967	1	6
5968	2	7
5969	3	0
5970	4	5
5971	3	6
5972	1	5
5973	2	4
5974	3	6
5975	0	4
5976	1	6
5977	0	9
5978	1	4
5979	0	7
5980	1	6
5981	1	8
5982	0	3
5983	0	8
5984	2	8
5985	1	6
5986	1	6
5987	1	8
5988	1	6
5989	0	8
5990	2	3
5991	0	3
5992	1	3
5993	1	4
5994	1	3
5995	1	4
5996	1	5
5997	1	6
5998	0	4
5999	0	7
6000	0	9
6001	1	3
6002	0	2
6003	0	6
6004	1	2
6005	0	3
6006	0	6
6007	3	7
6008	2	6
6009	1	7
6010	1	7
6011	1	9
6012	0	5
6013	1	7
6014	0	7
6015	1	7
6016	0	4
6017	0	8
6018	2	5
6019	1	9
6020	1	9
6021	0	13
6022	2	6
6023	0	9
6024	0	7
6025	0	4
6026	2	2
6027	1	5
6028	0	3
6029	0	6
6030	1	4
6031	0	3
6032	0	4
6033	1	6
6034	0	2
6035	0	6
6036	2	2
6037	4	1
6038	1	3
6039	1	5
6040	0	3
6041	0	3
6042	0	2
6043	0	5
6044	0	3
6045	0	6
6046	0	10
6047	0	1
6048	2	2
6049	0	5
6050	0	9
6051	1	2
6052	0	6
6053	1	4
6054	1	5
6055	1	4
6056	0	5
6057	3	4
6058	0	1
6059	2	5
6060	1	2
6061	0	4
6062	0	1
6063	0	4
6064	1	7
6065	1	6
6066	1	4
6067	1	5
6068	0	6
6069	0	5
6070	0	7
6071	0	4
6072	0	3
6073	1	8
6074	1	3
6075	1	2
6076	0	4
6077	0	5
6078	0	3
6079	0	4
6080	0	8
6081	0	5
6082	1	9
6083	2	1
6084	1	3
6085	0	5
6086	1	9
6087	1	3
6088	0	8
6089	0	9
6090	0	4
6091	0	6
6092	1	3
6093	2	14
6094	1	3
6095	1	8
6096	1	6
6097	1	7
6098	2	3
6099	0	5
6100	0	6
6101	0	4
6102	0	4
6103	1	7
6104	0	7
6105	2	3
6106	0	5
6107	0	5
6108	0	6
6109	0	1
6110	0	7
6111	1	5
6112	0	8
6113	0	5
6114	1	6
6115	0	1
6116	0	3
6117	0	2
6118	2	2
6119	0	3
6120	0	2
6121	1	4
6122	0	5
6123	1	2
6124	1	8
6125	1	2
6126	1	0
6127	0	2
6128	2	5
6129	0	5
6131	0	4
6132	1	2
6133	2	3
6134	3	4
6135	0	4
6136	2	7
6137	1	4
6138	0	2
6139	0	6
6140	0	4
6141	0	5
6142	0	7
6143	0	2
6144	2	3
6145	0	2
6146	3	6
6147	4	2
6148	1	6
6149	1	6
6150	0	4
6151	1	7
6152	1	5
6153	0	1
6154	0	4
6155	0	3
6156	2	4
6157	1	1
6158	0	5
6159	0	7
6160	1	5
6161	1	4
6162	0	4
6163	0	4
6164	0	2
6165	1	3
6166	2	2
6167	0	3
6168	2	7
6169	1	2
6170	3	1
6171	0	4
6172	0	6
6173	0	6
6174	0	4
6175	0	8
6176	1	4
6177	0	6
6178	0	3
6179	0	4
6180	0	4
6181	1	3
6182	0	4
6183	2	4
6184	4	4
6185	1	9
6186	0	6
6187	0	4
6188	1	6
6189	0	4
6190	0	4
6191	0	4
6192	0	5
6193	4	7
6194	0	7
6195	1	5
6196	1	2
6197	0	11
6198	3	1
6199	0	4
6200	0	2
6201	1	2
6202	0	10
6203	0	4
6204	0	2
6205	0	6
6206	1	6
6207	1	8
6208	1	8
6209	1	6
6210	0	4
6211	0	3
6212	0	6
6213	3	6
6214	1	3
6215	1	5
6216	0	10
6217	1	4
6218	2	5
6219	0	3
6220	1	7
6221	1	5
6222	1	4
6223	1	5
6224	0	3
6225	1	9
6226	3	6
6227	1	5
6228	0	9
6229	0	5
6230	0	4
6231	1	1
6232	2	6
6233	0	4
6234	1	5
6235	1	5
6236	0	2
6237	0	5
6238	3	5
6239	1	6
6240	1	5
6241	0	7
6242	0	3
6243	0	5
6244	0	6
6245	1	5
6246	1	4
6247	0	6
6248	0	4
6249	0	1
6250	1	3
6251	2	5
6252	2	5
6253	0	2
6255	1	2
6256	1	7
6257	0	2
6258	1	6
6259	0	2
6260	0	3
6261	2	7
6262	1	6
6263	1	5
6264	0	2
6265	0	1
6266	0	3
6267	0	3
6268	1	8
6269	1	8
6270	0	6
6271	1	3
6272	0	1
6273	1	0
6274	1	2
6275	0	2
6276	0	8
6277	1	6
6278	0	9
6279	0	9
6280	0	3
6281	1	4
6282	2	2
6283	0	3
6284	0	7
6285	0	5
6286	3	2
6287	2	5
6288	3	7
6289	1	3
6290	1	3
6291	1	5
6292	0	3
6293	1	5
6294	1	1
6295	3	3
6296	0	3
6297	3	3
6298	0	3
6299	3	2
6300	5	4
6301	3	3
6302	0	5
6303	0	1
6304	0	5
6305	2	1
6306	1	2
6307	0	5
6308	1	5
6309	1	2
6310	1	5
6311	4	7
6312	1	9
6313	1	6
6314	0	6
6315	0	11
6316	1	9
6317	1	6
6318	2	2
6319	1	7
6320	0	7
6321	0	5
6322	0	2
6323	0	7
6324	2	6
6325	2	4
6326	2	6
6327	1	3
6328	0	5
6329	1	2
6330	0	1
6331	0	2
6332	1	3
6333	1	8
6334	1	4
6335	1	6
6336	1	1
6337	0	4
6338	0	9
6339	1	2
6340	3	1
6341	1	1
6342	4	8
6343	1	4
6344	0	5
6345	1	4
6346	1	3
6347	0	6
6348	2	3
6349	1	7
6350	0	6
6351	2	8
6352	0	2
6353	0	9
6354	1	6
6355	0	10
6356	1	10
6357	0	14
6358	2	4
6359	1	6
6360	0	2
6361	2	3
6362	1	2
6363	0	5
6364	0	5
6365	0	5
6366	1	3
6367	1	8
6368	0	1
6369	2	7
6370	0	7
6371	1	6
6372	1	7
6373	1	6
6374	0	5
6375	1	5
6376	0	2
6377	0	4
6378	2	10
6379	1	4
6380	0	5
6381	1	5
6382	1	9
6383	0	4
6384	3	11
6385	1	6
6386	0	5
6387	0	7
6388	0	5
6389	0	8
6390	0	3
6391	2	7
6392	6	6
6393	1	5
6394	1	7
6395	2	4
6396	0	8
6397	1	6
6398	0	4
6399	1	7
6400	0	5
6401	1	7
6402	1	4
6403	1	10
6404	0	7
6405	1	10
6406	2	10
6407	1	6
6408	3	8
6409	0	4
6410	0	5
6411	0	5
6412	0	5
6413	0	2
6414	1	4
6415	0	9
6416	1	4
6417	1	10
6418	0	8
6419	0	4
6420	2	4
6421	1	2
6422	0	4
6423	0	6
6424	1	9
6425	2	2
6426	0	4
6427	1	3
6428	0	3
6429	0	1
6430	1	3
6431	0	3
6432	0	4
6433	1	6
6434	2	6
6435	1	9
6436	0	7
6437	0	3
6438	0	8
6439	1	2
6440	1	4
6441	0	7
6442	0	10
6443	0	7
6444	0	6
6445	1	3
6446	2	6
6447	0	7
6448	0	3
6449	0	3
6450	0	9
6451	0	5
6452	2	5
6453	2	5
6454	0	8
6455	2	3
6456	0	3
6457	2	3
6458	4	3
6459	2	0
6460	0	2
6461	2	9
6462	1	8
6463	0	4
6464	0	7
6465	0	5
6466	0	6
6467	1	5
6468	0	3
6469	2	6
6470	0	6
6471	1	6
6472	1	7
6473	4	1
6474	7	5
6475	1	4
6476	3	8
6477	2	6
6478	3	6
6479	1	7
6480	0	7
6481	0	3
6482	1	3
6483	0	2
6484	1	4
6485	0	2
6486	0	4
6487	1	4
6488	0	2
6489	0	2
6490	0	4
6491	2	6
6492	1	3
6493	1	7
6494	0	7
6495	1	2
6496	0	1
6497	0	3
6498	0	3
6499	1	4
6500	0	3
6501	1	5
6502	0	6
6503	1	5
6504	1	5
6505	0	3
6506	1	3
6507	1	5
6508	1	5
6509	0	6
6510	0	2
6511	0	7
6512	1	3
6513	0	5
6514	1	5
6515	2	9
6516	2	0
6517	3	4
6518	4	10
6519	0	3
6521	1	3
6522	0	3
6524	0	7
6525	1	3
6526	1	7
6527	0	5
6528	0	4
6529	2	4
6530	0	8
6531	0	6
6532	0	7
6533	0	6
6534	0	7
6535	0	3
6536	2	3
6537	2	8
6538	0	7
6539	1	6
6540	0	5
6541	1	3
6542	0	3
6543	0	8
6544	0	2
6545	0	3
6546	0	3
6547	0	3
6548	1	6
6549	0	6
6550	3	1
6551	1	8
6552	1	5
6553	0	3
6554	1	7
6555	1	3
6556	0	4
6557	2	5
6558	1	2
6559	0	4
6560	0	2
6561	0	5
6562	0	3
6563	0	5
6564	1	4
6565	0	4
6566	1	5
6567	1	7
6568	3	4
6569	0	3
6570	0	4
6571	1	4
6572	0	4
6573	1	6
6574	2	7
6575	2	6
6576	1	3
6577	0	4
6578	1	3
6579	0	8
6580	1	7
6581	3	3
6582	0	6
6583	0	2
6584	0	3
6585	1	3
6586	0	3
6588	2	9
6589	1	3
6590	1	6
6591	1	6
6592	0	4
6593	0	2
6594	0	8
6595	0	6
6596	0	7
6597	0	8
6598	2	4
6599	1	1
6600	1	6
6601	0	4
6602	1	4
6603	1	7
6604	1	2
6605	0	7
6606	0	6
6607	0	5
6608	2	2
6609	0	3
6610	0	2
6611	0	2
6612	2	1
6613	1	3
6614	1	1
6615	0	6
6616	0	6
6617	0	2
6618	0	5
6619	0	9
6620	2	3
6621	0	5
6622	0	9
6623	0	9
6624	0	2
6625	0	6
6626	1	4
6627	0	5
6628	0	3
6629	1	5
6630	0	1
6631	1	4
6632	0	4
6633	0	5
6634	1	9
6635	0	7
6636	0	6
6637	1	5
6638	2	5
6639	1	5
6640	0	4
6641	0	2
6643	0	6
6644	0	1
6645	0	5
6646	0	2
6647	2	3
6648	1	5
6649	1	5
6650	2	3
6651	0	4
6652	0	7
6653	0	1
6654	2	1
6655	0	6
6656	0	7
6657	1	5
6658	0	4
6659	0	3
6660	0	3
6661	0	3
6662	0	3
6663	1	5
6664	0	4
6665	2	4
6666	0	6
6667	0	5
6668	2	6
6669	0	5
6670	0	3
6671	0	5
6672	1	4
6673	2	2
6674	0	6
6675	1	6
6676	2	1
6677	1	7
6678	1	2
6679	0	5
6680	1	5
6681	0	12
6682	0	2
6683	0	8
6684	0	4
6685	0	5
6686	0	5
6687	1	4
6688	0	11
6689	1	0
6690	0	4
6691	2	4
6692	0	2
6693	0	5
6694	1	4
6695	1	1
6696	0	4
6697	3	6
6698	2	5
6699	0	7
6700	2	5
6701	0	2
6702	1	5
6703	4	2
6704	2	7
6705	0	3
6706	2	4
6707	1	1
6708	0	2
6709	1	4
6710	2	7
6711	0	1
6712	1	2
6713	1	8
6714	2	3
6715	1	11
6716	1	6
6717	1	1
6718	2	7
6719	0	5
6720	1	2
6721	0	4
6722	1	5
6723	2	2
6724	0	8
6725	3	5
6726	1	3
6727	2	4
6728	0	4
6729	2	2
6730	0	5
6731	0	5
6732	1	3
6733	0	3
6734	3	4
6735	2	9
6736	1	2
6737	1	1
6738	0	2
6739	1	3
6740	4	0
6741	4	1
6742	6	7
6743	2	11
6744	0	1
6745	1	3
6746	1	3
6747	0	6
6748	1	3
6749	0	9
6750	0	6
6751	0	3
6752	0	5
6753	2	8
6754	0	5
6755	0	7
6756	0	3
6757	0	3
6758	0	5
6759	2	5
6760	1	3
6761	3	9
6762	0	5
6763	0	2
6764	0	5
6765	0	4
6766	0	3
6767	1	6
6768	0	4
6769	2	5
6771	0	5
6772	0	3
6773	3	5
6774	1	0
6775	0	3
6776	0	8
6777	0	3
6778	2	4
6779	0	4
6780	2	5
6781	1	4
6782	0	4
6783	0	1
6784	1	6
6785	4	3
6786	2	5
6787	2	5
6788	1	5
6789	1	4
6790	1	5
6791	1	3
6792	0	2
6793	0	7
6794	0	5
6795	0	2
6796	2	8
6797	1	7
6798	1	7
6799	0	4
6800	1	7
6801	1	7
6802	0	5
6803	3	9
6804	2	5
6805	1	6
6806	0	8
6807	0	2
6808	1	7
6809	2	2
6810	1	2
6811	1	2
6812	1	0
6813	0	5
6814	1	3
6815	0	5
6816	1	9
6817	0	4
6818	0	1
6819	0	5
6820	0	7
6821	1	6
6822	2	1
6823	1	5
6824	0	1
6825	0	3
6826	1	7
6827	4	9
6828	1	6
6829	0	2
6830	1	4
6831	0	5
6832	3	3
6833	5	7
6834	0	5
6835	0	1
6836	2	8
6837	1	4
6838	0	4
6839	0	3
6840	0	2
6841	0	9
6842	2	4
6843	0	8
6844	3	4
6845	3	5
6846	1	3
6847	0	5
6848	0	3
6849	0	2
6850	1	4
6851	1	5
6852	1	3
6853	1	1
6854	4	3
6855	1	5
6856	0	5
6857	1	3
6858	2	3
6859	0	6
6860	0	1
6861	0	6
6862	1	6
6863	1	4
6864	2	5
6865	0	5
6866	0	3
6867	2	3
6868	0	1
6869	0	2
6870	1	1
6871	1	10
6872	0	4
6873	0	4
6874	1	5
6875	1	3
6876	0	4
6877	0	9
6878	3	4
6879	0	5
6880	0	3
6881	3	5
6882	2	6
6883	0	8
6884	0	7
6885	0	4
6886	1	5
6887	0	2
6888	0	7
6889	1	4
6890	0	3
6891	2	8
6892	2	6
6893	1	3
6894	1	5
6896	3	5
6897	2	2
6898	0	3
6899	0	11
6900	0	2
6901	0	5
6902	2	8
6903	2	5
6904	1	6
6905	0	2
6906	1	4
6907	0	3
6908	0	5
6909	0	3
6910	0	4
6911	2	10
6912	0	3
6913	1	4
6914	0	6
6915	1	2
6916	2	9
6917	1	6
6918	0	4
6919	1	9
6920	0	7
6921	0	5
6922	0	4
6923	0	6
6924	1	6
6925	1	3
6926	1	9
6927	2	8
6928	1	4
6929	1	1
6930	1	3
6931	1	8
6932	4	5
6933	0	3
6934	3	6
6935	0	5
6936	0	13
6937	2	11
6938	2	4
6939	1	5
6940	2	7
6941	0	9
6942	0	6
6943	1	8
6944	1	5
6945	0	2
6946	0	7
6947	3	2
6948	0	8
6949	0	4
6950	0	6
6951	1	7
6952	1	9
6953	0	3
6954	0	8
6955	1	7
6956	1	2
6957	2	2
6958	1	3
6959	2	2
6960	1	5
6961	2	6
6962	2	1
6963	0	2
6964	0	7
6965	3	3
6966	1	7
6967	1	6
6968	1	3
6969	1	3
6970	1	5
6971	1	6
6972	1	6
6973	0	5
6974	1	3
6975	0	6
6976	0	7
6977	1	7
6978	1	4
6979	1	7
6980	1	4
6981	0	4
6982	1	2
6983	1	7
6984	3	6
6986	0	3
6987	0	5
6988	2	2
6989	0	5
6990	1	5
6991	0	4
6992	2	4
6993	0	1
6994	2	4
6995	1	3
6996	1	2
6997	0	5
6998	0	1
6999	0	4
7000	0	2
7001	0	6
7002	0	7
7003	1	7
7004	1	1
7005	0	5
7006	1	2
7007	1	3
7008	0	2
7009	0	6
7010	2	1
7011	0	2
7012	1	4
7013	0	2
7014	2	2
7015	8	6
7016	0	1
7017	1	6
7018	0	8
7019	0	4
7020	0	4
7021	2	2
7022	1	4
7023	1	5
7024	0	3
7025	1	6
7026	1	1
7027	2	3
7028	4	3
7029	5	4
7030	2	3
7032	0	5
7033	4	5
7034	0	5
7035	0	7
7036	0	1
7037	0	1
7038	1	1
7039	0	2
7040	0	2
7041	0	5
7042	1	4
7043	0	4
7044	1	7
7045	2	5
7046	0	6
7047	0	2
7048	1	3
7049	0	7
7050	1	3
7051	3	3
7052	3	2
7053	3	4
7054	1	2
7055	2	7
7056	1	3
7057	0	4
7058	0	2
7059	0	6
7060	0	4
7061	0	3
7062	1	1
7063	0	7
7064	0	6
7065	0	9
7066	1	3
7067	0	2
7068	1	3
7069	1	1
7070	1	4
7071	1	4
7072	0	9
7073	2	5
7074	1	3
7075	0	6
7076	1	6
7077	1	4
7078	3	6
7079	1	2
7080	0	7
7081	1	3
7082	0	1
7083	2	4
7084	0	7
7085	0	7
7086	1	4
7087	3	3
7088	0	5
7089	1	4
7090	1	7
7091	0	2
7092	4	4
7093	0	2
7094	2	8
7095	0	3
7096	1	7
7097	2	4
7099	2	5
7100	0	4
7101	0	2
7102	0	5
7103	0	6
7104	0	6
7105	0	5
7106	0	6
7107	2	3
7108	0	6
7109	0	4
7110	1	6
7111	1	6
7112	1	6
7113	2	2
7114	1	9
7115	0	2
7116	0	6
7117	1	11
7118	0	8
7119	0	3
7120	0	5
7121	1	3
7122	0	3
7123	0	5
7124	1	5
7125	2	4
7126	0	2
7127	0	6
7128	2	8
7129	0	9
7130	3	5
7131	1	7
7132	1	7
7133	1	0
7134	0	5
7135	1	3
7136	2	11
7137	0	6
7138	0	11
7139	0	2
7140	0	5
7141	0	6
7142	0	5
7143	1	5
7144	0	3
7145	1	3
7146	0	4
7147	0	5
7148	0	2
7149	0	3
7150	0	3
7151	1	6
7152	1	5
7153	0	6
7154	1	9
7155	0	3
7156	1	1
7157	0	3
7158	3	6
7159	2	2
7160	1	8
7161	0	3
7162	0	6
7163	2	1
7164	1	3
7165	1	1
7166	1	4
7167	0	3
7168	1	4
7169	1	4
7170	1	3
7171	1	4
7172	2	4
7173	0	5
7174	1	2
7175	2	4
7176	0	4
7177	2	5
7178	0	7
7179	1	4
7180	0	7
7181	0	9
7182	1	5
7183	0	12
7184	1	1
7185	0	1
7186	0	6
7187	1	5
7188	0	2
7189	1	6
7190	0	3
7191	0	3
7192	1	8
7193	1	4
7194	0	2
7195	0	8
7196	1	1
7197	0	7
7198	0	4
7199	0	4
7200	0	7
7201	3	7
7202	0	5
7203	0	3
7204	0	3
7205	0	6
7206	0	1
7207	0	6
7208	0	5
7209	0	4
7210	2	7
7211	0	5
7212	0	3
7213	1	4
7214	0	2
7215	0	6
7216	0	7
7217	5	6
7218	0	2
7219	0	5
7220	0	7
7221	1	2
7222	1	4
7223	1	4
7224	1	3
7225	0	5
7226	0	6
7227	0	1
7228	2	2
7229	0	2
7230	0	2
7231	1	5
7232	0	5
7233	1	3
7234	1	5
7235	0	5
7236	0	3
7237	1	4
7238	2	8
7239	4	8
7240	6	4
7241	2	3
7242	0	5
7243	1	1
7244	1	5
7245	1	3
7246	3	2
7247	1	8
7248	1	5
7249	1	5
7250	0	4
7251	0	6
7252	0	9
7253	1	5
7254	1	2
7255	2	1
7256	0	5
7257	0	3
7258	3	7
7259	1	1
7260	1	5
7261	1	5
7262	1	5
7263	0	4
7264	0	6
7265	1	10
7266	0	7
7267	0	12
7268	1	4
7269	0	4
7270	0	14
7271	0	7
7272	2	3
7273	1	5
7274	0	12
7275	1	7
7276	1	12
7277	0	2
7278	0	5
7279	0	6
7280	1	5
7281	0	5
7282	1	5
7283	0	6
7284	0	9
7285	0	4
7286	4	5
7287	1	6
7288	1	7
7289	0	7
7290	1	2
7291	0	3
7292	0	4
7293	0	4
7294	0	5
7295	0	7
7296	0	4
7297	2	2
7298	0	3
7299	1	3
7300	2	2
7301	1	7
7302	0	5
7303	1	3
7304	0	2
7305	0	2
7306	0	5
7307	1	9
7308	0	4
7309	0	4
7310	0	3
7311	3	1
7312	0	5
7313	0	7
7314	0	6
7315	0	5
7316	0	1
7317	3	4
7318	0	6
7319	1	4
7320	1	2
7321	2	4
7322	1	2
7323	1	5
7324	1	8
7325	0	3
7326	0	10
7327	1	7
7328	0	10
7329	0	7
7330	0	7
7331	0	8
7332	1	5
7333	0	5
7334	3	9
7335	1	9
7336	1	7
7337	1	4
7338	0	3
7339	1	7
7340	0	4
7341	2	8
7342	2	6
7343	0	4
7344	0	6
7345	0	6
7346	1	3
7347	1	0
7348	2	7
7349	6	3
7350	1	5
7351	1	0
7352	0	4
7353	3	7
7354	2	5
7355	0	7
7356	0	2
7357	0	4
7358	0	3
7359	2	9
7360	1	4
7361	1	6
7362	0	2
7363	1	9
7364	0	2
7365	0	2
7366	1	1
7367	1	4
7368	2	5
7369	0	6
7370	1	4
7371	0	7
7372	2	4
7373	1	11
7374	0	6
7375	0	1
7376	1	3
7377	1	3
7378	6	5
7379	3	3
7380	2	5
7381	0	5
7382	1	2
7383	1	4
7384	2	2
7385	3	1
7386	1	3
7387	0	6
7388	1	7
7389	1	7
7390	0	7
7391	0	3
7392	0	7
7393	2	4
7394	0	2
7395	1	4
7396	2	2
7397	0	6
7398	1	10
7399	0	4
7400	0	6
7401	0	4
7402	0	3
7403	0	3
7404	1	8
7405	0	5
7406	2	2
7407	0	9
7408	2	4
7409	1	2
7410	0	2
7411	1	3
7412	1	1
7413	0	2
7414	0	3
7415	0	4
7416	0	11
7417	1	6
7418	0	5
7419	0	5
7420	0	4
7421	2	2
7422	0	1
7423	5	3
7424	5	2
7425	2	5
7426	1	8
7427	2	3
7428	0	5
7429	2	7
7430	1	5
7431	1	4
7432	0	6
7433	1	5
7434	0	1
7435	2	1
7436	1	7
7437	0	5
7438	0	8
7439	2	3
7440	1	7
7441	0	1
7442	1	5
7443	0	2
7444	0	3
7445	2	10
7446	2	5
7447	0	1
7448	0	3
7449	0	7
7450	0	4
7451	2	5
7452	0	5
7453	0	3
7454	1	2
7455	0	4
7456	0	7
7457	1	6
7458	2	2
7459	0	3
7460	0	2
7461	1	5
7462	0	1
7463	1	3
7464	4	3
7465	0	5
7466	0	5
7467	0	1
7468	0	5
7469	0	5
7470	0	3
7471	4	6
7472	0	5
7473	1	8
7474	0	1
7475	0	8
7476	2	2
7477	0	6
7478	0	1
7479	0	4
7480	1	9
7481	2	4
7483	0	1
7484	1	0
7485	1	3
7486	0	4
7487	1	4
7488	2	8
7489	1	5
7490	0	1
7491	1	4
7492	0	5
7493	0	6
7494	0	2
7495	1	9
7496	1	7
7497	2	3
7498	2	1
7499	1	2
7500	0	2
7501	0	8
7502	1	11
7503	3	7
7504	0	4
7505	0	4
7506	0	6
7507	0	5
7508	2	3
7509	2	3
7510	0	2
7511	2	9
7512	6	3
7513	2	2
7514	4	0
7515	0	6
7516	0	3
7517	0	4
7518	0	1
7519	1	6
7520	0	2
7521	0	7
7522	0	4
7523	2	2
7524	0	5
7525	0	6
7526	0	4
7527	6	3
7528	3	4
7529	0	5
7530	1	3
7531	1	9
7532	1	8
7533	4	2
7534	0	6
7535	1	3
7536	2	5
7537	2	4
7538	2	1
7539	0	9
7540	0	4
7541	0	8
7542	1	7
7543	1	3
7544	1	5
7545	1	5
7546	0	5
7547	0	6
7548	1	4
7549	0	3
7550	0	4
7552	1	5
7553	0	5
7554	2	5
7555	1	6
7556	1	3
7557	0	4
7558	0	7
7559	0	8
7560	1	4
7561	0	7
7562	0	3
7563	1	4
7564	2	4
7565	0	4
7566	1	8
7567	1	6
7568	1	6
7569	0	6
7570	1	6
7571	0	7
7572	0	3
7573	1	3
7574	1	8
7575	0	3
7576	1	2
7577	1	8
7578	1	3
7579	0	4
7580	0	11
7581	0	4
7582	1	5
7583	1	3
7584	0	7
7585	1	3
7586	0	4
7587	0	10
7588	1	3
7589	3	4
7590	1	7
7591	1	4
7592	1	4
7593	1	4
7594	0	7
7595	1	5
7596	0	6
7597	0	5
7598	1	10
7599	2	9
7600	1	2
7601	0	6
7602	1	5
7603	2	4
7604	0	3
7605	1	5
7606	0	9
7607	1	4
7608	4	4
7609	6	3
7610	0	5
7611	2	3
7612	1	4
7613	1	9
7614	0	2
7615	6	7
7616	0	7
7617	0	5
7618	2	4
7619	0	2
7620	1	6
7621	2	2
7622	0	5
7623	2	6
7624	1	1
7625	1	6
7626	0	7
7627	1	5
7628	0	3
7629	0	4
7630	1	3
7631	0	3
7632	0	2
7633	1	9
7634	0	2
7635	1	7
7636	1	1
7637	0	6
7638	1	6
7639	1	7
7640	1	12
7641	0	4
7642	1	7
7643	1	6
7644	0	2
7645	3	3
7646	0	3
7647	1	6
7648	0	8
7649	0	4
7650	1	3
7651	1	3
7652	0	4
7653	0	3
7654	1	3
7655	0	3
7656	1	5
7657	1	4
7658	1	6
7659	1	2
7660	1	5
7661	1	6
7662	0	10
7663	0	7
7664	1	5
7665	0	3
7666	5	1
7667	0	4
7668	0	1
7669	1	5
7670	1	1
7671	1	8
7672	1	4
7673	1	5
7674	0	5
7675	2	7
7676	0	5
7677	0	4
7678	0	3
7679	1	5
7680	0	6
7681	2	4
7682	0	6
7683	1	6
7684	1	9
7685	1	4
7686	1	3
7687	0	4
7688	0	9
7689	0	6
7690	1	4
7691	0	5
7692	0	7
7693	2	8
7694	0	6
7695	1	10
7696	1	6
7697	1	2
7698	1	6
7699	2	4
7700	1	0
7701	0	4
7702	1	4
7703	0	6
7704	0	4
7705	0	4
7706	0	3
7707	3	3
7708	4	7
7709	0	5
7710	0	6
7711	0	3
7712	0	2
7713	0	4
7714	0	4
7715	0	3
7716	2	6
7717	0	7
7718	1	4
7719	0	3
7720	0	2
7721	0	6
7722	0	3
7723	0	2
7724	1	6
7725	1	5
7726	1	5
7727	0	3
7728	0	5
7729	1	4
7730	1	4
7731	2	5
7732	2	5
7733	0	5
7734	0	8
7735	0	5
7736	2	8
7737	2	7
7738	0	11
7739	1	6
7740	0	6
7741	0	4
7742	0	6
7743	0	8
7744	2	6
7745	0	2
7746	6	3
7747	1	3
7748	2	6
7749	0	5
7750	0	4
7751	0	10
7752	1	5
7753	0	6
7754	0	11
7755	0	6
7756	0	3
7757	1	9
7758	0	4
7759	1	7
7760	0	7
7761	0	9
7762	0	3
7763	0	3
7764	0	5
7765	1	12
7766	1	3
7767	1	2
7768	1	3
7769	0	5
7770	1	11
7771	4	5
7772	0	8
7773	2	6
7774	1	6
7775	2	3
7776	1	4
7777	3	5
7778	2	1
7779	1	4
7780	0	2
7781	0	5
7782	0	5
7783	1	9
7784	1	5
7785	1	4
7786	0	2
7787	0	4
7788	0	3
7789	0	2
7790	1	9
7791	0	3
7792	1	5
7793	1	5
7794	0	5
7795	1	8
7796	0	8
7797	0	3
7798	1	2
7799	0	4
7800	0	5
7802	1	4
7803	3	6
7804	0	4
7805	1	4
7806	0	2
7807	1	5
7808	0	3
7809	0	5
7810	0	2
7811	0	6
7812	0	6
7813	0	4
7814	0	4
7815	0	2
7816	1	5
7817	1	5
7818	1	5
7819	0	6
7820	0	5
7821	1	9
7822	2	9
7823	0	3
7824	0	5
7825	1	3
7826	1	3
7827	0	8
7828	0	8
7829	1	5
7830	1	4
7831	1	2
7832	0	3
7833	0	3
7834	3	4
7835	1	1
7836	0	3
7837	0	5
7838	0	2
7839	1	7
7840	2	4
7841	0	2
7842	0	3
7843	0	4
7844	0	6
7845	2	5
7846	0	6
7847	0	1
7848	1	2
7849	0	4
7850	2	0
7851	1	4
7852	2	7
7853	0	11
7854	0	5
7855	3	7
7856	0	2
7857	1	6
7858	0	10
7859	3	8
7860	2	7
7861	1	3
7862	0	8
7863	3	3
7864	3	5
7865	0	3
7866	2	7
7867	0	4
7868	2	6
7869	5	4
7870	1	8
7871	0	3
7872	2	4
7873	2	1
7874	0	5
7875	0	4
7876	0	3
7877	0	3
7878	1	3
7879	1	2
7880	2	8
7881	0	1
7882	1	3
7883	0	3
7884	0	6
7885	3	8
7886	3	5
7887	4	10
7888	0	8
7889	0	3
7890	0	3
7891	0	6
7892	0	4
7893	3	8
7894	1	7
7895	0	5
7896	2	5
7897	0	10
7898	2	3
7899	1	3
7900	2	5
7901	0	4
7902	0	3
7903	3	6
7904	0	4
7905	2	2
7906	0	3
7907	0	3
7908	0	2
7909	1	7
7910	0	6
7911	0	4
7912	0	6
7913	0	5
7914	0	4
7915	0	5
7916	0	2
7917	1	2
7918	0	6
7919	0	5
7920	0	2
7921	0	3
7922	1	5
7923	0	4
7924	0	8
7925	0	4
7926	1	4
7927	1	7
7928	0	6
7929	1	5
7930	1	3
7931	0	3
7932	0	3
7933	4	12
7934	0	2
7935	0	4
7936	1	1
7937	1	2
7938	1	4
7939	2	4
7940	1	7
7941	1	3
7942	1	2
7943	3	1
7944	1	6
7945	0	6
7946	0	3
7947	0	2
7948	0	3
7949	0	9
7950	0	4
7951	0	6
7952	0	4
7953	1	5
7954	0	6
7955	0	4
7956	1	5
7957	1	11
7958	2	8
7959	0	10
7960	1	4
7961	2	3
7962	1	5
7963	1	3
7964	0	4
7965	0	6
7966	0	4
7967	0	10
7968	1	5
7969	1	4
7970	1	5
7971	0	6
7972	0	5
7973	0	5
7974	0	5
7975	0	3
7976	2	3
7977	0	6
7978	0	3
7979	2	3
7980	2	1
7981	0	4
7982	0	5
7983	0	3
7984	1	2
7985	0	3
7986	1	1
7987	0	5
7988	0	4
7989	2	3
7990	5	5
7991	2	5
7992	1	6
7993	0	6
7994	2	5
7995	1	2
7996	0	6
7997	3	14
7998	5	3
7999	0	5
8000	0	6
8001	1	5
8002	3	9
8003	0	3
8004	2	4
8005	3	6
8006	1	4
8007	0	10
8008	0	9
8009	1	4
8010	1	7
8011	3	7
8012	0	5
8013	0	12
8014	0	7
8015	2	8
8016	0	2
8017	1	3
8018	1	8
8019	0	6
8020	1	6
8021	1	6
8022	1	2
8023	3	6
8024	1	8
8025	0	5
8026	1	5
8027	0	5
8028	0	7
8029	1	6
8030	0	5
8031	1	10
8032	1	2
8033	0	10
8034	0	3
8035	3	6
8036	1	4
8037	0	3
8038	0	11
8039	0	7
8040	1	7
8041	1	4
8042	0	2
8043	0	6
8044	2	5
8045	0	9
8046	0	7
8047	1	3
8048	0	7
8049	0	6
8050	1	8
8051	0	3
8052	0	5
8053	2	4
8054	0	5
8055	1	6
8056	1	7
8057	0	7
8058	0	5
8059	0	8
8060	0	4
8061	0	9
8062	0	2
8063	1	1
8064	1	10
8065	0	8
8066	0	10
8067	1	4
8068	1	6
8069	2	4
8070	1	6
8071	1	3
8072	2	5
8073	0	10
8074	1	8
8075	1	13
8076	0	7
8077	0	7
8078	1	8
8079	0	4
8080	2	2
8081	2	4
8082	3	5
8083	2	7
8084	1	4
8085	0	4
8086	2	4
8087	0	5
8088	3	6
8089	1	4
8090	0	4
8091	1	2
8092	0	8
8093	1	9
8094	0	8
8095	0	3
8096	0	7
8097	5	5
8098	1	5
8099	2	8
8100	1	12
8101	0	3
8102	2	8
8103	0	8
8104	0	7
8105	1	3
8106	1	1
8107	0	11
8108	0	10
8109	0	8
8110	1	4
8111	3	7
8112	3	5
8113	1	7
8114	1	6
8115	0	8
8116	2	10
8117	1	14
8118	1	7
8119	0	3
8120	1	7
8121	2	6
8122	0	10
8123	0	4
8124	2	5
8125	1	10
8126	1	5
8127	1	9
8128	2	6
8129	2	7
8130	0	8
8131	1	5
8132	0	3
8133	2	5
8134	0	2
8135	1	8
8136	0	10
8137	0	7
8138	2	3
8139	1	6
8140	0	4
8141	0	5
8142	2	0
8143	0	3
8144	0	7
8145	0	6
8146	0	3
8147	1	3
8148	0	6
8149	1	3
8150	1	4
8151	0	4
8152	1	8
8153	0	5
8154	0	1
8155	0	4
8156	0	5
8157	1	7
8158	1	7
8159	0	4
8160	0	7
8161	0	6
8162	1	7
8163	2	3
8164	1	2
8165	0	5
8166	1	6
8167	1	10
8168	1	8
8169	0	2
8170	0	4
8171	2	5
8172	4	0
8173	1	3
8174	0	3
8175	0	5
8176	0	4
8177	0	4
8178	0	4
8179	0	3
8180	0	7
8181	0	5
8182	0	6
8183	0	5
8184	1	5
8185	5	4
8186	2	7
8187	2	0
8188	1	4
8189	0	3
8190	0	6
8191	2	5
8192	0	4
8193	1	7
8194	1	6
8195	0	6
8196	1	6
8197	0	6
8198	1	4
8199	0	6
8200	0	1
8201	1	4
8202	0	4
8203	1	12
8204	0	5
8205	2	6
8206	1	4
8207	1	5
8208	1	4
8209	0	7
8210	0	3
8211	0	5
8212	0	3
8213	1	4
8214	1	3
8215	0	4
8216	1	5
8217	0	3
8218	0	2
8219	5	6
8220	1	6
8221	1	7
8222	0	9
8223	0	5
8224	0	5
8225	2	5
8226	0	2
8227	0	4
8228	0	2
8229	1	3
8230	1	7
8231	0	2
8232	2	8
8233	1	7
8234	1	1
8235	0	2
8236	2	7
8237	1	1
8238	0	1
8239	1	5
8240	2	1
8241	1	2
8242	0	7
8243	1	2
8244	0	6
8245	1	6
8246	1	3
8247	0	7
8248	1	7
8249	1	5
8250	0	6
8251	1	4
8252	1	2
8253	0	6
8254	0	6
8255	0	1
8256	0	2
8257	0	4
8258	1	2
8259	0	3
8260	0	3
8261	0	5
8262	0	5
8263	1	6
8264	0	5
8265	0	8
8266	2	6
8267	0	4
8268	0	3
8269	1	4
8270	0	4
8271	0	1
8272	0	3
8273	1	3
8274	0	4
8275	0	6
8276	1	6
8277	0	4
8278	1	4
8279	0	5
8280	0	2
8281	1	4
8282	0	3
8283	0	3
8284	1	2
8285	0	2
8286	1	4
8287	0	2
8288	0	3
8289	0	9
8290	0	5
8291	0	4
8292	0	5
8293	2	5
8294	0	5
8295	0	7
8296	0	5
8297	1	5
8298	0	4
8299	0	3
8300	1	3
8301	0	7
8302	1	4
8303	0	5
8304	0	6
8305	2	7
8306	1	4
8307	1	4
8308	0	4
8309	0	1
8310	4	8
8311	1	4
8312	1	3
8313	1	7
8314	0	6
8315	0	2
8316	0	4
8317	0	7
8318	1	4
8319	0	2
8320	1	3
8321	1	4
8322	0	5
8323	1	9
8324	1	5
8325	1	2
8326	2	5
8327	2	1
8328	1	3
8329	0	6
8330	0	4
8331	0	10
8332	1	2
8333	2	2
8334	0	6
8335	1	5
8336	0	4
8337	1	6
8338	1	5
8339	0	3
8340	0	4
8341	1	5
8342	1	3
8343	0	4
8344	1	1
8345	2	4
8346	1	5
8347	0	5
8348	1	1
8349	0	3
8350	2	3
8351	1	7
8352	2	8
8353	0	4
8354	1	5
8355	1	5
8356	0	8
8357	1	4
8358	2	2
8359	0	2
8360	1	4
8361	0	3
8362	0	3
8363	1	3
8364	1	1
8365	0	5
8366	1	13
8367	0	4
8368	0	5
8369	1	2
8370	0	7
8371	0	4
8372	2	7
8373	1	2
8374	0	6
8375	1	7
8376	0	4
8377	0	9
8378	2	10
8379	0	6
8380	0	12
8381	1	7
8382	0	8
8383	1	4
8384	0	10
8385	1	9
8386	1	7
8387	0	6
8388	0	10
8389	4	4
8390	0	5
8391	1	3
8392	1	3
8393	0	5
8394	2	6
8395	1	5
8396	1	4
8397	1	5
8398	2	5
8399	1	4
8400	1	2
8401	0	4
8402	0	7
8403	1	7
8404	0	4
8405	2	6
8406	1	2
8407	4	2
8408	0	2
8409	2	2
8410	2	6
8411	4	4
8412	0	3
8413	0	7
8414	0	2
8415	0	4
8416	0	2
8417	0	3
8418	2	5
8419	0	4
8420	0	5
8421	1	8
8422	0	2
8423	0	4
8424	1	9
8425	0	4
8426	0	1
8427	0	2
8428	0	2
8429	1	9
8430	4	2
8431	0	7
8432	2	5
8433	0	5
8434	0	5
8435	0	7
8436	0	7
8437	0	6
8438	0	6
8439	0	7
8440	0	2
8441	0	3
8442	1	3
8443	0	3
8444	2	5
8445	1	8
8446	1	6
8447	2	1
8448	0	3
8449	0	3
8450	1	4
8451	0	7
8452	1	5
8453	4	5
8454	4	4
8455	12	3
8456	5	3
8457	0	1
8458	0	2
8459	2	4
8460	0	2
8461	2	9
8462	0	4
8463	1	2
8464	2	4
8465	0	4
8466	0	7
8467	0	4
8468	0	1
8469	1	7
8470	0	6
8471	4	5
8472	2	3
8473	0	4
8474	0	2
8475	1	6
8476	0	5
8477	0	8
8478	0	8
8479	0	2
8480	0	3
8481	2	8
8482	1	6
8483	0	5
8484	0	11
8485	0	3
8486	1	3
8487	0	5
8488	2	5
8489	2	8
8490	3	1
8491	0	5
8492	1	3
8493	1	5
8494	0	5
8495	0	4
8496	1	4
8497	1	1
8498	3	2
8499	1	3
8500	4	2
8501	2	2
8502	4	4
8503	0	4
8504	0	4
8505	0	6
8506	0	9
8507	0	5
8508	0	8
8509	0	4
8510	1	6
8511	1	1
8512	0	5
8513	0	2
8514	1	3
8515	0	3
8516	0	4
8517	0	2
8518	0	4
8519	3	3
8520	1	8
8521	0	4
8522	0	3
8523	0	2
8524	2	3
8525	2	4
8526	0	5
8527	0	6
8528	0	6
8529	0	7
8530	1	2
8531	0	4
8532	1	4
8533	0	2
8534	0	3
8535	0	4
8536	0	8
8537	2	5
8538	1	4
8539	0	4
8540	1	6
8541	0	1
8542	0	5
8543	0	5
8544	0	9
8545	1	5
8546	2	4
8547	1	6
8549	5	3
8550	1	10
8551	2	6
8552	2	5
8553	2	3
8554	1	10
8555	0	10
8556	0	5
8557	0	3
8558	0	9
8559	2	7
8560	4	6
8561	0	4
8562	0	2
8563	1	2
8564	0	5
8565	0	2
8566	0	3
8567	0	7
8568	0	6
8569	0	9
8570	0	7
8571	0	3
8572	2	2
8573	0	2
8574	1	3
8575	0	5
8576	0	7
8577	1	2
8578	0	4
8579	0	5
8580	1	2
8581	0	5
8582	0	3
8583	0	3
8584	0	3
8585	0	7
8586	2	3
8587	1	6
8588	1	6
8589	1	2
8590	1	4
8591	0	7
8592	0	5
8593	0	2
8594	0	4
8595	0	8
8596	1	2
8597	0	3
8598	1	2
8599	0	7
8600	1	2
8601	4	7
8602	0	9
8603	0	5
8604	0	6
8605	1	6
8606	3	2
8607	1	7
8608	0	7
8609	2	6
8610	0	8
8611	0	4
8612	2	3
8613	1	6
8614	0	5
8615	0	4
8616	5	7
8617	1	8
8618	1	5
8619	6	3
8620	1	4
8621	0	2
8622	4	2
8623	1	5
8624	1	1
8625	1	3
8626	0	7
8627	0	6
8628	0	8
8629	0	4
8630	1	6
8631	0	4
8632	1	1
8633	1	2
8634	0	6
8635	0	15
8636	0	4
8637	1	4
8638	0	6
8639	2	7
8640	2	5
8641	1	6
8642	1	6
8643	1	5
8644	0	2
8645	0	3
8646	0	2
8647	1	3
8648	1	4
8649	2	4
8650	1	1
8651	0	2
8652	0	7
8653	0	6
8654	1	3
8655	0	3
8656	3	4
8657	1	5
8658	0	5
8659	0	6
8660	2	5
8661	1	3
8662	0	3
8663	1	4
8664	0	2
8665	0	5
8666	1	1
8667	0	4
8668	0	5
8669	0	6
8670	0	6
8671	2	3
8672	2	2
8673	1	4
8674	1	8
8675	0	9
8676	1	6
8677	1	3
8678	0	2
8679	0	5
8680	2	3
8681	3	2
8682	0	6
8683	0	3
8684	2	4
8685	0	4
8686	0	3
8687	2	3
8688	0	4
8689	1	7
8690	0	3
8691	0	8
8692	0	11
8693	1	5
8694	3	3
8695	2	4
8696	0	5
8697	2	3
8698	1	6
8699	1	2
8700	0	5
8701	1	8
8702	2	3
8703	0	3
8704	3	5
8705	1	3
8706	0	2
8707	0	3
8708	1	4
8709	1	2
8710	4	3
8711	3	5
8712	4	3
8713	0	2
8714	0	7
8715	2	3
8716	1	3
8717	0	6
8718	0	1
8719	2	1
8720	1	2
8721	3	3
8722	5	5
8723	2	3
8724	1	5
8725	0	4
8726	0	3
8727	0	7
8728	3	7
8729	2	3
8731	5	5
8732	0	6
8733	0	4
8734	0	1
8735	1	4
8736	0	6
8737	0	5
8738	0	7
8739	0	4
8740	0	4
8741	1	0
8742	0	3
8743	0	4
8744	1	6
8745	0	3
8746	1	4
8747	0	5
8748	4	1
8749	2	4
8750	1	4
8751	2	6
8752	1	1
8753	0	8
8754	0	6
8755	2	6
8756	3	0
8757	0	8
8758	0	1
8759	2	3
8760	1	2
8761	0	10
8762	1	4
8763	1	4
8764	0	5
8765	1	3
8766	0	4
8767	2	5
8768	0	4
8769	0	10
8770	0	6
8771	0	1
8772	1	4
8773	0	3
8774	2	5
8775	4	6
8776	0	8
8777	0	6
8778	1	2
8779	3	8
8780	2	3
8781	2	5
8782	0	4
8783	0	5
8784	0	3
8785	0	7
8786	1	6
8787	0	2
8788	0	3
8789	1	7
8790	1	6
8792	2	6
8793	0	3
8794	3	4
8795	0	6
8796	1	5
8797	1	1
8798	2	2
8800	1	5
8801	2	4
8802	1	5
8803	0	4
8804	1	1
8805	4	5
8806	2	5
8807	1	5
8808	0	4
8809	2	2
8810	1	5
8811	1	4
8813	2	4
8814	0	5
8815	0	4
8816	0	6
8817	0	7
8818	0	5
8819	0	5
8820	0	4
8821	1	5
8822	2	9
8823	0	2
8824	0	5
8825	2	1
8826	0	6
8827	0	8
8828	2	7
8829	1	5
8830	0	8
8831	0	6
8832	2	8
8833	0	5
8834	1	8
8835	0	3
8836	0	5
8837	1	4
8838	2	6
8839	1	9
8840	1	7
8841	0	6
8842	0	7
8843	2	5
8844	3	7
8845	3	5
8846	0	8
8847	0	8
8848	0	3
8849	0	11
8850	0	6
8851	2	6
8852	0	6
8853	4	9
8854	4	2
8855	1	6
8856	2	4
8857	1	0
8858	0	3
8859	1	1
8860	1	7
8861	1	5
8862	2	5
8863	0	7
8864	2	7
8865	1	10
8866	0	5
8867	0	5
8868	1	2
8869	1	8
8870	0	6
8871	2	3
8872	1	7
8873	1	1
8874	2	5
8875	0	3
8878	1	10
8879	0	7
8880	0	11
8881	0	7
8882	0	4
8883	1	1
8884	1	4
8885	0	8
8886	0	2
8887	0	5
8888	0	3
8889	1	5
8890	0	4
8891	0	8
8892	1	4
8893	1	3
8894	1	3
8895	0	3
8896	1	4
8897	1	2
8898	0	4
8899	0	3
8900	1	1
8901	0	4
8902	1	4
8903	2	6
8904	0	12
8905	3	5
8906	1	5
8907	1	3
8908	2	5
8909	0	9
8910	0	4
8911	0	5
8912	1	4
8913	1	2
8914	3	5
8915	1	4
8916	1	8
8917	0	10
8918	0	7
8919	4	3
8920	4	7
8921	1	3
8922	0	5
8923	0	5
8924	0	4
8925	2	3
8926	1	6
8927	0	9
8928	1	7
8929	2	7
8930	0	6
8931	0	7
8932	2	1
8933	0	2
8934	0	6
8935	0	4
8936	2	5
8937	3	9
8938	0	10
8939	0	4
8940	1	4
8941	0	5
8942	0	8
8943	1	4
8944	2	4
8945	1	8
8946	0	5
8947	0	5
8948	0	4
8949	1	7
8950	1	4
8951	1	6
8952	0	5
8953	0	7
8954	1	5
8955	1	8
8956	2	5
8957	1	4
8958	1	1
8959	1	5
8960	1	5
8961	0	4
8962	0	3
8963	3	4
8964	0	9
8965	1	6
8966	1	2
8967	0	3
8968	0	5
8969	2	6
8970	0	8
8971	1	2
8972	1	2
8973	0	6
8974	3	5
8975	1	4
8976	0	3
8977	1	3
8978	0	5
8979	1	3
8980	1	7
8981	1	3
8982	0	5
8983	2	9
8984	2	5
8985	0	11
8986	0	9
8987	1	2
8988	0	5
8989	1	3
8990	1	9
8991	0	6
8992	1	7
8993	3	9
8994	1	2
8995	1	4
8996	0	2
8997	0	7
8998	1	3
8999	0	2
9000	2	4
9001	0	5
9002	0	3
9003	6	7
9004	0	5
9005	0	6
9006	1	3
9007	1	4
9008	3	5
9009	0	6
9010	1	6
9011	2	4
9012	3	3
9013	2	4
9014	0	5
9015	1	2
9016	0	6
9017	0	5
9018	0	6
9019	0	4
9020	0	6
9021	1	6
9022	1	4
9023	2	2
9024	2	5
9025	1	4
9026	2	7
9027	0	5
9028	1	5
9029	1	4
9030	1	3
9031	1	6
9032	1	6
9033	2	7
9034	2	6
9035	0	3
9036	3	1
9037	2	4
9038	1	4
9039	1	5
9040	1	1
9041	0	4
9042	0	3
9043	2	2
9044	2	4
9045	0	5
9046	2	5
9047	3	5
9048	2	7
9049	0	3
9050	0	2
9051	2	8
9052	0	4
9053	5	8
9054	0	9
9055	1	2
9056	0	6
9057	1	10
9058	3	8
9059	3	1
9060	0	2
9061	0	4
9062	0	4
9063	0	1
9064	2	2
9065	0	3
9066	0	5
9067	1	7
9068	0	5
9069	0	6
9070	0	1
9071	0	3
9072	0	3
9073	0	4
9074	0	4
9075	1	4
9076	1	5
9077	1	4
9078	1	2
9079	0	5
9080	0	8
9081	1	5
9082	1	6
9083	1	4
9084	2	5
9085	0	3
9086	1	5
9087	0	3
9088	1	4
9089	0	6
9090	0	4
9091	1	7
9092	1	5
9093	0	1
9094	1	7
9095	0	7
9096	0	9
9097	0	4
9098	1	8
9099	0	5
9100	1	3
9101	1	0
9102	1	3
9103	0	6
9104	0	8
9105	1	4
9106	2	5
9107	0	3
9108	2	8
9109	1	7
9110	1	4
9111	1	0
9112	0	4
9113	1	4
9114	0	3
9115	3	6
9116	0	6
9117	1	6
9118	0	7
9119	0	1
9120	0	6
9121	0	6
9122	0	4
9123	0	5
9124	0	7
9125	1	3
9126	2	4
9127	0	4
9128	0	4
9129	0	4
9130	1	5
9131	0	5
9132	0	13
9133	1	1
9134	1	3
9135	0	5
9136	0	4
9137	0	3
9138	1	4
9139	1	6
9140	2	1
9141	0	8
9142	1	6
9143	2	5
9144	1	4
9145	0	8
9146	0	9
9147	1	4
9148	1	5
9149	1	7
9150	0	1
9151	1	5
9152	1	4
9153	0	7
9154	4	3
9155	0	8
9156	2	3
9157	2	8
9158	0	5
9159	0	3
9160	0	2
9161	1	5
9163	1	6
9164	1	10
9165	0	7
9166	2	7
9167	2	3
9168	2	4
9169	0	4
9170	1	12
9171	1	6
9172	1	4
9173	0	8
9174	0	2
9175	0	4
9176	2	2
9177	1	4
9178	1	6
9179	0	5
9180	0	3
9181	1	5
9182	0	3
9183	1	6
9184	0	4
9185	1	5
9186	1	6
9187	1	4
9188	1	6
9189	1	4
9190	1	8
9191	3	4
9192	0	5
9194	0	6
9195	1	5
9196	1	6
9197	2	5
9198	2	4
9199	0	4
9200	2	6
9201	2	3
9202	4	4
9203	2	3
9204	0	6
9205	1	1
9206	0	3
9207	0	3
9208	0	3
9209	1	2
9210	4	5
9211	1	4
9212	1	2
9213	1	2
9214	1	2
9215	0	5
9216	1	3
9217	1	5
9218	0	2
9219	0	8
9220	1	8
9221	2	3
9222	4	1
9223	3	2
9224	4	3
9225	0	6
9226	2	6
9227	1	6
9228	1	5
9229	0	2
9230	2	2
9231	0	2
9232	0	5
9233	0	4
9234	0	5
9235	3	7
9236	1	1
9237	1	6
9238	2	2
9239	0	2
9240	0	10
9241	0	7
9242	1	6
9243	0	8
9244	1	6
9245	0	3
9246	0	6
9247	0	5
9248	1	3
9249	0	4
9250	2	6
9251	0	7
9252	0	9
9253	0	13
9254	0	9
9255	1	5
9256	2	6
9257	0	11
9258	3	9
9259	1	5
9260	1	4
9261	0	8
9262	0	4
9263	0	5
9264	0	6
9265	0	9
9266	0	3
9267	0	8
9268	1	8
9269	0	6
9270	0	8
9271	0	5
9272	0	6
9273	1	4
9274	0	5
9275	2	3
9276	1	5
9277	1	4
9278	2	7
9279	1	5
9280	1	7
9281	1	7
9282	0	5
9283	2	5
9284	1	4
9285	0	8
9286	3	5
9287	3	6
9288	0	6
9289	2	5
9290	0	4
9291	1	2
9292	0	8
9293	0	2
9294	3	5
9295	0	7
9296	0	4
9297	3	8
9298	1	4
9299	1	5
9300	0	3
9301	0	4
9302	4	4
9303	1	4
9304	1	3
9305	1	8
9306	0	7
9307	1	4
9308	3	4
9309	4	2
9310	2	4
9311	0	5
9312	1	7
9313	0	1
9314	0	1
9315	0	1
9316	1	5
9317	0	6
9318	0	5
9319	2	7
9320	0	7
9321	2	5
9322	2	9
9323	1	8
9324	1	3
9325	0	5
9326	0	3
9327	1	7
9328	0	6
9329	1	5
9330	0	3
9331	0	5
9332	0	4
9333	0	2
9334	0	7
9335	0	6
9336	1	7
9337	0	3
9338	1	5
9339	3	2
9340	2	3
9341	0	1
9342	1	6
9343	1	7
9344	1	3
9345	1	5
9346	1	3
9347	2	5
9348	0	5
9349	0	7
9350	0	5
9351	0	2
9352	0	4
9353	0	6
9354	1	4
9355	1	5
9356	1	5
9357	0	4
9358	1	5
9359	0	8
9360	0	4
9361	2	6
9362	2	5
9363	1	3
9364	3	2
9365	3	3
9366	0	5
9367	3	6
9368	1	2
9369	1	2
9370	3	6
9371	3	6
9372	0	2
9373	1	3
9374	2	3
9375	1	7
9376	2	5
9377	0	4
9378	1	7
9379	1	9
9380	0	2
9381	1	2
9382	1	3
9383	2	4
9384	0	3
9385	0	5
9386	0	6
9387	2	8
9388	0	6
9389	1	2
9390	1	5
9391	0	4
9392	0	4
9393	1	3
9394	0	4
9395	1	6
9396	1	5
9397	0	7
9398	2	5
9399	2	4
9400	0	10
9401	2	3
9402	0	2
9403	0	6
9404	0	8
9405	3	3
9406	1	2
9407	0	5
9408	0	4
9409	0	3
9410	0	6
9411	0	1
9412	0	5
9413	0	7
9414	0	6
9415	2	4
9416	1	2
9417	0	5
9418	0	4
9419	1	0
9420	0	4
9421	0	7
9422	1	6
9423	0	8
9424	0	4
9425	0	7
9426	0	3
9427	3	3
9428	0	4
9429	0	4
9430	0	3
9431	1	4
9432	0	2
9433	2	4
9434	1	0
9435	2	5
9436	0	4
9437	1	4
9438	1	9
9439	0	3
9440	0	4
9441	0	7
9442	3	6
9443	0	6
9444	1	11
9445	2	3
9446	0	4
9447	1	2
9448	1	5
9449	2	3
9450	3	6
9451	1	2
9452	1	3
9453	0	7
9454	3	3
9455	3	4
9456	1	2
9457	11	5
9458	5	3
9459	3	3
9460	2	6
9461	0	7
9462	0	7
9463	0	2
9464	0	3
9465	1	4
9466	1	5
9467	0	2
9468	1	5
9469	1	4
9470	0	4
9471	2	5
9472	2	8
9473	0	5
9474	0	2
9475	3	5
9476	0	2
9477	1	2
9478	0	4
9479	0	2
9480	3	3
9481	11	6
9482	5	8
9483	0	4
9484	0	5
9486	0	3
9487	0	5
9488	0	7
9489	0	4
9490	1	3
9491	2	5
9492	0	5
9493	1	0
9494	4	6
9495	0	1
9496	0	3
9497	0	4
9498	1	2
9499	4	4
9500	2	5
9501	1	7
9502	1	2
9503	0	3
9504	1	6
9505	0	4
9506	1	7
9507	2	5
9508	2	6
9509	1	4
9510	0	2
9511	0	10
9512	0	6
9513	0	4
9514	0	7
9515	0	3
9516	0	2
9517	2	3
9518	0	9
9519	2	7
9520	0	2
9521	1	1
9522	2	8
9523	0	1
9524	0	6
9525	1	5
9526	1	4
9527	1	0
9528	0	2
9529	0	7
9530	0	6
9531	0	1
9532	2	4
9533	2	4
9534	0	4
9535	0	3
9536	1	5
9537	1	3
9538	0	1
9539	0	7
9540	0	3
9541	1	7
9542	1	3
9543	1	1
9544	0	4
9545	0	8
9546	1	5
9547	0	4
9548	0	3
9549	0	2
9550	0	3
9551	4	2
9552	0	2
9553	3	9
9554	0	5
9555	0	1
9556	1	4
9557	1	4
9558	1	5
9559	0	5
9560	0	4
9561	0	5
9562	1	5
9563	2	7
9564	1	4
9565	3	3
9566	0	3
9567	0	5
9568	0	2
9569	0	3
9570	0	5
9571	0	4
9572	1	3
9573	0	4
9574	1	2
9575	0	6
9576	1	6
9577	1	3
9578	0	7
9579	2	9
9580	3	1
9581	1	4
9582	2	2
9583	0	6
9584	1	7
9585	0	6
9586	0	2
9587	1	9
9588	2	5
9589	0	4
9590	1	5
9591	1	2
9592	2	6
9593	1	5
9594	1	3
9595	1	2
9596	1	4
9597	0	6
9598	1	4
9599	0	4
9600	1	5
9601	2	3
9602	4	1
9603	0	2
9604	1	7
9605	0	3
9606	2	5
9607	1	5
9608	0	5
9609	0	8
9610	3	7
9611	0	3
9612	2	7
9613	1	6
9614	1	12
9615	0	1
9616	1	5
9617	1	13
9618	0	9
9619	1	7
9620	0	11
9621	1	4
9622	2	7
9623	2	6
9624	0	7
9625	0	5
9626	2	1
9627	0	9
9628	1	7
9629	2	4
9630	0	7
9631	1	8
9632	0	6
9633	0	6
9634	0	6
9635	0	11
9636	0	3
9637	1	5
9638	2	6
9639	0	7
9640	0	5
9641	0	10
9642	0	7
9643	2	10
9644	0	5
9645	1	2
9646	0	10
9647	0	4
9648	2	5
9649	0	8
9650	0	5
9651	0	10
9652	0	9
9653	2	6
9654	1	8
9655	2	5
9656	1	7
9657	3	3
9658	3	1
9659	2	3
9660	1	4
9661	1	2
9662	0	3
9663	1	3
9664	2	3
9665	1	5
9666	1	4
9667	2	2
9668	2	5
9669	1	6
9670	1	8
9671	1	3
9672	0	3
9673	0	4
9674	1	4
9675	2	3
9676	1	4
9677	1	5
9678	1	4
9679	1	3
9680	1	2
9681	0	3
9682	0	2
9683	1	4
9684	0	4
9685	0	5
9687	0	2
9688	1	2
9689	1	2
9690	0	4
9691	0	3
9692	0	3
9693	0	4
9694	1	3
9695	0	2
9696	0	5
9697	2	1
9698	0	1
9699	2	6
9700	0	1
9701	2	7
9702	0	10
9703	1	4
9704	0	8
9705	0	5
9706	1	5
9707	0	9
9708	1	3
9709	1	6
9710	2	5
9711	0	4
9712	0	4
9713	2	8
9714	1	3
9715	3	7
9716	1	6
9717	0	7
9718	0	6
9719	2	1
9720	0	5
9721	2	8
9722	4	6
9723	0	2
9724	1	3
9725	1	6
9726	0	4
9727	0	5
9728	2	1
9729	1	5
9730	2	5
9731	3	1
9732	1	2
9733	0	3
9734	0	1
9735	0	4
9736	1	8
9737	0	2
9738	1	2
9739	1	4
9740	0	4
9741	2	9
9742	0	8
9743	0	6
9744	1	6
9745	1	6
9746	1	3
9747	1	1
9748	0	5
9749	0	5
9750	1	5
9751	0	5
9752	0	7
9753	3	6
9754	0	5
9755	1	2
9756	0	4
9757	0	3
9758	1	4
9759	1	1
9760	1	7
9761	1	2
9762	2	2
9763	1	6
9764	3	4
9765	1	1
9766	1	5
9767	1	7
9768	0	9
9770	0	7
9771	0	7
9772	0	3
9773	2	3
9774	4	3
9775	0	3
9776	2	4
9777	0	5
9778	1	5
9779	1	5
9780	0	6
9781	1	5
9782	0	5
9783	0	3
9784	0	7
9785	1	7
9786	0	10
9787	0	5
9788	2	2
9789	0	1
9790	2	1
9791	0	3
9792	0	2
9793	1	4
9794	0	5
9795	2	4
9796	2	5
9797	1	3
9798	1	4
9799	2	3
9800	1	2
9801	2	5
9802	0	6
9803	0	7
9804	0	3
9805	0	3
9806	0	3
9807	1	2
9808	0	7
9809	0	8
9810	0	2
9811	2	4
9812	0	2
9813	0	2
9814	0	3
9815	1	3
9816	0	5
9817	2	8
9818	1	5
9819	4	7
9820	1	4
9821	1	7
9822	1	6
9823	2	4
9824	0	7
9825	0	2
9826	1	5
9827	3	2
9828	3	5
9829	0	4
9830	2	7
9831	1	4
9832	1	3
9833	1	5
9834	1	3
9835	0	5
9836	0	5
9837	0	5
9838	1	4
9839	0	2
9840	0	4
9841	1	4
9842	1	5
9843	0	3
9844	0	6
9846	1	4
9847	1	4
9848	1	8
9849	3	3
9850	0	3
9851	0	6
9852	2	5
9853	0	4
9854	2	5
9855	1	4
9856	0	11
9857	2	3
9858	3	5
9859	0	6
9860	1	9
9861	0	10
9862	1	4
9863	0	8
9864	0	5
9865	1	10
9866	2	6
9867	0	10
9868	0	1
9869	0	9
9870	0	4
9871	0	3
9872	0	9
9873	1	9
9874	0	11
9875	2	1
9876	1	8
9877	0	5
9878	0	9
9879	0	4
9880	0	2
9881	0	4
9882	3	9
9883	0	6
9884	2	4
9885	1	3
9886	1	7
9887	4	5
9888	3	3
9889	1	4
9890	0	1
9891	1	6
9892	0	3
9893	0	1
9894	0	2
9895	1	2
9896	2	3
9897	0	4
9898	1	3
9899	3	4
9900	6	4
9901	3	1
9902	1	7
9903	2	3
9904	0	5
9905	0	5
9906	4	3
9907	0	7
9908	1	5
9909	0	2
9910	0	1
9911	0	2
9912	0	10
9913	2	5
9914	2	5
9915	0	8
9916	0	6
9917	1	5
9918	0	6
9919	2	3
9920	0	3
9921	0	4
9922	1	5
9923	0	3
9924	0	6
9925	0	7
9926	0	1
9927	2	11
9928	1	8
9929	0	3
9930	2	4
9931	2	4
9932	0	7
9933	0	8
9934	0	3
9935	1	4
9936	1	9
9937	0	4
9938	0	5
9939	0	5
9940	0	2
9941	0	9
9942	2	7
9943	0	2
9944	0	10
9945	0	10
9946	1	5
9947	0	3
9948	1	5
9949	1	3
9950	0	10
9951	1	10
9952	1	8
9953	0	5
9954	0	5
9955	2	4
9956	0	5
9957	2	6
9958	0	1
9959	1	6
9960	1	3
9961	0	9
9962	1	2
9963	1	2
9964	3	7
9965	0	4
9966	0	9
9967	1	5
9968	1	6
9969	0	5
9970	1	6
9971	2	7
9972	1	2
9973	0	5
9974	0	7
9975	1	3
9976	1	7
9977	2	4
9978	1	5
9979	0	2
9980	0	4
9981	0	7
9982	1	6
9983	0	4
9984	2	4
9985	0	4
9986	0	2
9987	0	5
9988	0	6
9989	1	5
9990	1	4
9991	1	3
9992	1	6
9993	0	2
9994	1	5
9995	2	8
9996	1	7
9997	4	5
9998	1	5
9999	2	5
10000	2	6
10001	0	2
10002	1	5
10003	1	4
10004	2	2
10005	0	5
10006	2	2
10007	0	8
10008	1	4
10009	2	5
10010	1	6
10011	0	3
10012	0	3
10013	0	4
10014	1	5
10015	0	4
10016	1	6
10017	1	3
10018	1	3
10019	0	2
10020	1	5
10021	0	6
10022	0	5
10023	0	1
10024	0	6
10025	2	6
10026	0	1
10027	0	4
10028	2	4
10029	0	3
10030	1	2
10031	0	2
10032	1	4
10033	1	3
10034	0	3
10036	0	4
10037	0	5
10038	0	3
10039	2	7
10040	1	3
10041	2	5
10042	0	7
10043	4	7
10044	3	0
10045	0	3
10046	0	6
10047	6	3
10048	2	3
10049	3	4
10050	0	1
10051	0	6
10052	0	6
10053	0	2
10054	0	4
10055	2	7
10056	1	7
10057	4	5
10058	0	6
10059	1	9
10060	0	8
10061	1	6
10062	0	5
10063	0	3
10064	0	6
10065	1	7
10066	5	4
10067	3	8
10068	1	2
10069	1	6
10070	0	4
10071	0	3
10072	2	10
10073	3	4
10075	1	5
10076	2	2
10077	2	3
10078	1	2
10079	0	2
10080	0	4
10081	0	1
10082	4	4
10083	0	3
10084	0	2
10085	2	2
10086	0	1
10087	0	4
10088	0	3
10089	0	1
10090	0	7
10091	0	4
10092	0	5
10093	1	0
10094	1	4
10095	1	5
10096	3	1
10097	2	4
10098	2	4
10099	2	2
10100	2	3
10101	0	1
10102	1	3
10103	3	4
10104	0	4
10105	2	5
10106	3	3
10107	0	6
10108	0	2
10109	0	5
10110	0	4
10111	1	6
10112	0	4
10113	0	6
10114	0	2
10115	0	6
10116	2	6
10117	1	3
10118	0	2
10119	1	5
10120	0	4
10121	0	2
10122	1	5
10123	0	4
10124	1	4
10125	0	5
10126	0	9
10127	0	3
10128	0	4
10129	0	2
10130	0	6
10131	2	5
10132	0	4
10133	0	3
10134	0	5
10135	0	7
10136	2	2
10137	2	8
10138	0	6
10139	0	10
10140	1	6
10141	1	4
10142	3	6
10143	0	3
10144	2	3
10145	0	4
10146	1	3
10147	0	6
10148	0	2
10149	0	6
10150	2	6
10151	1	4
10152	3	0
10153	3	7
10154	1	3
10155	0	3
10156	1	2
10157	0	5
10158	2	4
10159	0	5
10160	0	5
10161	1	3
10162	1	8
10163	2	7
10164	1	7
10165	0	7
10166	0	4
10167	0	4
10168	0	4
10169	0	4
10170	1	4
10171	0	3
10172	1	4
10173	1	4
10174	0	2
10175	0	5
10176	1	10
10177	1	12
10178	0	4
10179	1	3
10180	3	3
10181	1	5
10182	0	5
10183	0	5
10184	0	6
10185	0	3
10186	0	4
10187	2	3
10188	0	5
10189	1	4
10190	3	4
10191	3	2
10192	1	2
10193	0	7
10194	2	6
10195	0	4
10196	2	3
10197	1	3
10198	0	7
10199	1	0
10200	0	6
10201	0	1
10202	0	1
10203	0	3
10204	0	2
10205	1	4
10206	0	5
10207	0	5
10208	0	1
10209	1	2
10210	3	2
10211	0	3
10212	0	5
10213	0	6
10214	0	5
10215	0	3
10216	0	4
10217	1	5
10218	0	4
10219	1	2
10220	0	5
10221	0	9
10222	0	1
10223	0	1
10224	1	2
10225	1	6
10226	0	7
10227	0	1
10228	0	3
10229	1	2
10230	0	4
10231	1	4
10232	1	3
10233	0	6
10234	0	4
10235	0	2
10236	1	2
10237	0	6
10238	0	3
10239	0	4
10240	1	4
10241	2	3
10242	3	7
10243	2	2
10244	0	2
10245	0	1
10246	0	5
10247	2	5
10248	1	4
10249	4	6
10250	0	2
10251	1	6
10252	3	5
10253	1	2
10254	3	4
10255	1	2
10256	5	7
10257	3	2
10258	0	2
10259	0	10
10260	0	1
10261	0	4
10262	0	5
10263	1	9
10264	2	5
10265	2	6
10266	1	5
10267	1	7
10268	1	6
10269	3	7
10270	2	8
10271	0	4
10272	2	4
10273	2	4
10274	0	4
10275	1	8
10276	1	9
10277	0	8
10278	1	8
10279	0	6
10280	1	5
10281	2	8
10282	2	4
10283	1	9
10284	0	2
10285	1	5
10286	0	7
10287	1	7
10288	0	7
10289	1	7
10290	1	6
10291	0	5
10292	1	7
10293	0	5
10294	2	2
10295	0	4
10296	1	3
10297	0	9
10298	1	7
10299	2	8
10300	0	4
10301	0	8
10302	0	4
10303	0	10
10304	0	4
10305	0	3
10306	1	9
10307	0	6
10308	0	3
10309	1	5
10310	0	1
10311	1	9
10312	0	6
10313	0	2
10314	0	4
10315	3	7
10316	1	7
10317	0	6
10318	1	4
10319	0	6
10320	1	12
10321	0	4
10322	2	1
10323	1	5
10324	1	3
10325	1	9
10326	0	4
10327	1	3
10328	1	5
10329	0	5
10330	0	5
10331	0	5
10332	0	7
10333	1	3
10334	1	2
10335	2	4
10336	0	5
10337	1	1
10338	0	4
10339	0	5
10340	0	5
10341	0	4
10342	0	5
10343	0	6
10344	1	2
10345	1	3
10346	1	3
10347	1	4
10348	0	3
10349	0	4
10350	0	2
10351	1	7
10352	0	7
10353	0	7
10354	1	5
10355	0	5
10356	2	7
10357	0	6
10358	0	6
10359	0	5
10360	1	8
10361	0	3
10362	1	3
10363	1	6
10364	1	5
10365	0	2
10366	2	4
10367	0	4
10368	0	6
10369	1	5
10370	2	7
10371	0	5
10372	0	8
10373	0	11
10374	0	9
10375	0	6
10376	1	10
10377	1	4
10378	0	3
10379	1	5
10380	2	6
10381	1	10
10382	2	4
10383	1	8
10384	0	5
10385	0	7
10386	0	5
10387	0	5
10388	2	5
10389	2	7
10390	1	5
10391	2	2
10392	0	8
10393	1	9
10394	1	3
10395	0	6
10396	1	4
10397	0	4
10398	1	2
10399	1	3
10400	0	2
10401	3	2
10402	0	10
10403	5	6
10404	1	3
10405	0	4
10406	0	1
10407	0	4
10408	1	4
10409	1	5
10410	0	2
10411	0	3
10412	1	1
10413	1	5
10414	1	5
10415	0	4
10416	2	5
10417	5	4
10418	1	3
10419	0	6
10420	1	5
10421	2	4
10422	0	3
10423	2	4
10424	0	4
10425	2	8
10426	1	12
10427	2	3
10428	0	7
10429	1	5
10430	1	9
10431	1	8
10432	1	9
10433	0	9
10434	4	7
10435	0	3
10436	1	5
10437	2	3
10438	0	3
10439	2	4
10440	0	6
10441	0	3
10442	0	2
10443	2	2
10444	0	2
10445	1	9
10446	0	5
10447	0	6
10448	0	8
10449	2	3
10450	0	5
10451	0	2
10452	0	10
10453	0	3
10454	0	2
10455	0	5
10456	1	2
10457	0	2
10458	1	4
10459	0	12
10460	3	5
10461	0	3
10462	2	3
10463	0	3
10464	0	4
10465	2	6
10466	1	4
10467	0	13
10468	0	4
10469	1	3
10470	0	10
10471	1	2
10472	3	3
10473	0	6
10474	3	8
10475	0	4
10476	1	6
10477	2	1
10478	0	2
10479	0	4
10480	2	9
10481	0	7
10482	0	7
10483	1	5
10484	1	5
10485	0	4
10486	2	6
10487	0	1
10488	0	4
10489	1	1
10490	2	5
10491	5	5
10492	0	4
10493	7	1
10494	1	6
10495	1	6
10496	0	4
10497	1	4
10498	4	2
10499	2	6
10500	0	3
10501	1	1
10502	0	4
10503	0	7
10504	0	10
10505	2	4
10506	1	5
10507	3	2
10508	1	4
10509	0	4
10510	0	5
10511	0	1
10512	1	3
10513	1	6
10514	0	5
10515	2	5
10516	0	1
10517	0	3
10518	0	6
10519	0	7
10520	1	4
10521	0	7
10522	2	4
10523	0	2
10524	2	7
10525	0	2
10526	0	4
10527	0	5
10528	0	4
10529	1	3
10530	1	5
10531	0	4
10532	2	1
10533	0	4
10534	1	4
10535	2	5
10536	0	5
10537	1	6
10538	0	5
10539	0	6
10540	0	5
10541	1	5
10542	0	7
10543	0	8
10544	0	6
10545	1	7
10546	1	4
10547	2	6
10548	0	7
10549	0	4
10550	0	4
10551	2	4
10552	2	10
10553	1	4
10554	0	10
10555	3	1
10556	0	4
10557	1	3
10558	1	6
10559	2	8
10560	0	6
10561	0	4
10562	0	5