1	3	0
2	1	1
3	0	5
4	1	6
5	0	3
6	0	3
8	3	3
9	0	4
10	1	2
11	1	4
12	0	3
13	0	3
15	3	3
16	0	3
17	3	2
18	3	2
20	1	1
21	0	5
22	2	2
23	2	1
24	1	0
25	1	2
26	1	2
27	0	4
28	0	1
29	1	1
30	0	2
31	2	2
32	0	7
33	4	2
34	1	2
35	1	3
36	1	2
37	2	1
38	2	2
39	3	6
40	2	0
41	0	1
42	2	5
43	0	1
44	1	5
45	2	4
46	0	2
47	2	0
48	2	1
49	2	2
50	1	2
51	1	3
52	2	3
53	2	0
54	1	3
56	2	2
57	0	4
58	0	4
59	1	1
60	0	3
61	0	3
62	0	4
63	0	1
64	2	5
65	0	3
66	2	2
67	0	6
68	0	2
70	1	3
72	0	1
73	0	5
74	1	2
75	0	2
76	0	3
77	3	3
78	0	2
79	0	11
80	2	4
81	2	4
82	1	2
83	0	1
84	0	4
85	0	5
86	0	3
87	0	2
88	0	3
89	0	3
90	3	2
91	1	3
92	0	5
93	0	2
94	1	3
95	2	3
96	3	2
97	0	3
98	4	1
99	3	4
100	1	0
101	3	3
102	0	2
103	1	5
105	0	2
106	0	2
107	0	4
108	0	4
109	3	0
110	1	4
111	0	1
112	1	5
113	3	4
114	0	2
115	0	4
116	0	2
117	0	4
118	2	4
119	0	2
121	1	1
122	2	1
123	2	2
124	1	3
125	2	0
126	0	4
127	4	0
128	0	2
129	1	2
130	0	3
131	7	2
132	3	3
133	0	1
134	1	2
135	0	1
136	2	0
137	0	1
138	1	6
139	0	2
140	2	3
141	1	0
142	0	3
143	2	2
144	4	3
145	1	1
146	2	3
147	0	3
148	0	5
149	2	3
150	0	3
151	0	5
152	1	0
153	0	3
154	0	2
155	0	1
156	0	2
157	1	3
158	1	3
159	2	1
160	1	1
161	1	2
162	3	0
163	1	0
165	0	4
166	0	3
167	2	1
168	7	1
169	0	3
170	1	2
171	2	1
172	1	4
173	0	2
174	1	1
176	1	3
177	2	5
178	0	4
179	2	3
180	0	3
181	0	5
182	1	4
183	0	1
184	0	1
185	3	3
186	1	2
187	0	4
188	0	4
189	2	1
190	1	3
192	1	5
193	1	5
194	0	2
195	1	0
196	1	3
197	4	3
198	0	1
199	0	1
200	1	2
201	1	2
202	0	3
203	2	3
204	0	2
205	0	1
206	0	1
207	1	2
208	0	1
209	1	2
210	0	1
211	0	4
212	1	2
213	0	1
214	0	4
215	0	4
216	0	3
217	0	4
218	0	6
219	4	2
220	1	4
221	0	5
222	1	1
223	1	3
224	2	2
225	4	5
226	6	1
227	0	3
228	1	1
229	1	0
231	0	2
232	1	2
233	2	3
234	1	4
235	1	1
236	0	1
237	2	3
238	2	2
239	1	3
240	0	2
241	0	5
242	0	3
243	1	4
244	1	4
245	1	6
246	1	2
247	0	11
248	0	6
249	1	2
250	1	6
251	2	3
252	0	1
254	0	8
255	1	4
256	5	3
257	2	1
258	1	1
259	1	1
260	2	3
261	0	1
262	2	2
263	0	2
264	3	4
265	2	1
266	1	4
267	0	1
268	2	5
269	1	3
270	0	4
271	3	6
272	1	1
273	2	1
274	2	1
275	3	2
276	5	2
277	1	3
278	0	3
279	1	2
280	1	3
281	0	1
282	0	4
283	1	4
284	1	2
285	1	4
286	2	2
287	4	2
288	1	5
289	0	3
290	0	1
291	1	2
292	0	5
293	4	3
294	0	2
295	1	2
296	1	3
297	0	1
298	2	4
299	1	6
300	2	3
301	1	4
302	1	3
303	0	3
304	0	3
305	0	2
306	1	9
307	1	8
308	0	1
309	1	1
310	2	5
311	0	4
312	0	4
313	0	4
314	0	1
315	0	3
316	0	8
318	1	1
319	2	5
320	0	2
321	1	3
322	4	3
323	0	1
324	0	1
325	4	2
326	0	2
327	2	3
328	1	3
329	2	1
330	4	2
331	2	4
332	0	3
333	0	1
334	0	3
335	1	3
336	0	1
337	0	4
338	1	2
339	0	3
340	1	0
341	1	0
342	1	4
343	0	3
344	1	4
345	1	1
346	0	4
347	0	4
348	1	2
349	0	2
350	2	3
351	4	2
352	0	3
353	0	5
354	4	0
355	1	1
356	3	2
357	2	2
359	1	2
360	2	3
361	1	3
362	2	4
363	0	1
364	3	3
365	1	6
366	5	2
367	1	2
368	2	2
369	3	4
370	1	2
371	3	1
372	0	5
373	0	4
374	1	4
375	1	7
376	1	4
377	1	1
378	0	2
379	0	1
380	0	6
381	0	4
382	1	1
383	0	2
384	0	3
385	0	2
386	1	4
387	0	5
388	0	10
389	1	2
390	0	1
392	0	8
393	1	3
394	0	5
395	0	5
396	0	1
397	1	1
398	1	6
399	0	3
400	0	4
401	1	5
402	1	4
403	0	3
404	0	2
405	1	4
406	4	2
407	2	4
408	1	2
409	0	2
410	3	2
411	3	2
412	0	7
413	1	6
414	0	7
415	1	2
416	0	6
417	1	3
418	3	5
419	2	2
420	0	5
421	0	5
422	1	9
423	0	2
424	3	9
425	3	2
426	2	5
427	2	4
428	1	4
429	0	3
430	1	2
431	0	11
432	1	4
433	0	3
434	1	2
435	1	4
436	2	1
437	3	5
438	0	3
439	1	2
440	5	6
441	1	0
442	4	0
443	1	2
444	0	2
445	3	2
446	2	1
447	0	4
448	0	3
449	2	2
450	0	5
451	0	4
452	1	2
453	1	5
454	0	5
455	0	6
456	0	7
457	1	6
458	0	3
459	0	3
460	0	1
461	0	7
462	0	5
463	1	4
464	0	3
465	1	1
466	0	3
467	0	6
468	0	3
469	1	10
470	1	2
471	1	1
472	2	3
473	2	1
474	0	4
475	0	6
476	0	1
477	0	2
478	0	3
479	0	3
480	1	5
481	1	4
482	1	4
483	0	6
484	0	6
485	1	3
486	2	12
487	0	8
488	1	5
489	1	5
490	4	3
491	2	0
493	0	5
494	0	2
495	1	4
496	0	2
497	0	1
498	1	1
499	1	2
500	0	2
501	0	4
502	0	5
503	2	5
504	0	6
505	2	2
506	3	3
507	2	1
508	3	3
509	2	3
510	0	2
511	3	5
512	1	6
513	2	3
514	0	2
515	1	1
517	2	5
518	0	2
519	1	4
520	2	1
521	1	1
522	0	2
523	1	2
524	0	3
525	0	4
526	2	1
527	1	2
528	0	2
529	1	3
530	2	6
531	0	4
533	0	2
534	0	2
535	1	3
536	2	5
537	0	2
539	0	4
540	0	5
541	1	2
542	1	5
543	0	3
544	0	8
545	0	6
546	1	2
547	0	6
548	1	1
549	0	3
550	0	3
551	1	3
552	0	5
553	2	4
554	1	2
555	1	0
556	0	3
557	1	0
558	1	4
559	2	2
560	2	4
561	2	1
562	0	2
563	2	3
564	3	1
565	1	2
566	6	3
567	2	2
568	2	1
569	2	6
570	0	3
571	3	5
572	1	5
573	1	3
574	0	4
575	0	9
576	0	3
577	1	2
578	1	4
579	1	2
580	2	4
581	0	4
582	0	3
583	2	2
584	0	3
585	1	3
586	0	5
587	0	2
588	0	4
589	2	1
590	4	1
591	3	1
592	0	3
593	0	5
594	0	2
595	1	8
596	0	3
597	0	3
598	0	4
599	3	3
600	0	5
601	0	1
602	0	6
603	0	3
604	2	3
605	0	4
606	2	7
607	1	5
608	2	3
609	0	3
610	0	4
611	0	3
612	1	3
613	0	2
614	0	1
615	3	4
616	1	2
617	1	4
618	0	5
619	1	4
620	2	1
621	0	1
622	2	2
623	1	2
624	0	1
625	0	2
626	1	5
627	1	0
628	1	2
629	0	1
630	3	2
631	3	3
632	0	1
633	0	2
635	2	1
636	0	2
637	3	1
638	0	3
639	0	3
640	0	2
641	2	6
642	0	4
643	1	1
644	2	2
645	1	0
646	0	2
647	0	1
648	0	2
649	5	3
650	0	2
651	3	3
652	3	1
653	0	4
654	2	1
655	1	1
656	1	1
657	2	2
658	2	0
659	1	5
660	1	1
661	0	3
662	2	4
663	0	5
664	1	5
665	0	3
666	2	1
667	0	4
668	0	4
669	1	1
670	1	4
671	0	3
672	0	3
673	0	2
674	0	4
675	2	5
676	2	2
677	2	2
678	0	1
679	4	0
680	3	0
681	4	1
682	2	2
683	1	2
684	0	2
685	0	2
686	1	1
687	1	6
688	0	2
689	1	2
690	1	7
691	1	3
692	0	1
693	3	2
694	2	3
695	0	2
696	3	3
697	1	2
698	1	2
699	1	2
700	3	3
701	5	3
702	0	5
703	0	2
704	2	6
705	0	2
706	1	4
707	0	3
709	3	1
710	2	2
711	4	7
712	1	2
713	1	4
714	2	1
716	0	3
717	1	2
718	0	2
720	1	1
722	0	3
723	0	3
725	2	2
726	2	2
727	0	1
728	1	2
729	2	1
730	2	4
731	4	1
732	0	1
733	2	2
734	0	5
735	1	3
736	2	6
737	4	4
738	1	1
739	0	2
740	2	1
741	1	2
742	2	4
743	1	1
745	0	2
746	0	2
747	1	2
748	0	3
749	0	1
750	0	5
751	0	3
752	0	4
753	1	4
754	0	1
755	2	6
756	0	2
757	0	2
758	0	4
759	2	2
760	0	6
761	0	2
762	0	2
763	2	3
764	1	1
765	0	2
766	1	4
767	0	1
768	2	3
769	1	1
770	0	1
771	0	2
772	2	6
773	1	4
774	3	6
775	0	2
776	2	0
777	2	1
779	2	8
780	0	1
781	0	8
782	0	6
783	0	2
784	0	6
785	1	4
786	1	3
787	0	2
788	1	0
789	1	3
790	0	3
791	0	4
792	0	1
793	0	2
794	3	2
795	1	0
796	0	4
797	0	4
798	1	1
799	2	2
800	1	5
801	0	1
802	1	4
803	0	2
804	1	0
805	0	4
806	0	5
807	0	1
808	3	6
809	0	4
810	1	5
811	0	2
812	0	4
813	1	1
814	1	1
815	0	3
816	2	1
817	1	6
818	1	5
819	0	1
820	1	3
821	1	2
822	0	6
823	1	5
824	0	2
825	0	3
827	1	6
828	0	1
830	1	3
831	0	5
832	1	1
833	0	2
834	1	2
835	0	1
836	1	6
837	1	4
838	0	2
839	0	2
840	0	1
841	1	3
842	0	7
843	1	0
844	1	4
845	1	6
846	0	4
847	0	3
848	2	8
850	1	4
851	0	2
852	1	3
853	1	5
854	0	3
855	1	1
856	1	2
857	0	1
858	0	4
859	4	4
860	3	3
861	1	1
862	0	2
863	0	6
865	0	3
866	1	1
867	2	5
868	2	4
869	1	3
870	1	7
871	0	3
872	0	6
873	1	2
874	0	6
876	0	2
877	0	6
878	0	3
879	0	6
880	0	6
881	1	3
882	1	3
883	1	4
884	0	6
885	0	1
886	0	2
887	0	8
888	1	4
889	0	2
890	1	0
891	2	3
892	4	2
893	5	1
894	3	2
895	3	3
896	3	3
897	0	1
898	0	2
899	1	2
900	2	2
901	2	2
902	0	4
903	0	3
904	1	0
906	0	1
908	2	3
909	1	3
910	2	1
911	0	4
912	2	3
913	1	1
914	2	5
916	6	1
917	3	2
918	0	2
919	0	1
920	1	1
921	2	2
922	2	1
923	2	2
924	0	2
925	3	1
926	0	4
927	0	1
928	0	6
929	1	3
930	1	2
931	0	2
932	0	1
933	2	3
934	0	4
935	0	2
936	5	1
937	1	3
938	3	2
939	1	3
940	1	0
941	3	2
942	0	4
943	2	1
944	1	2
945	0	2
946	2	1
947	1	1
948	1	2
949	2	3
950	2	1
951	0	2
952	1	3
953	5	6
954	1	5
955	2	4
956	0	3
957	1	3
959	0	3
961	0	6
962	1	2
963	3	3
964	3	3
965	4	1
966	0	3
967	1	3
968	3	1
969	3	2
970	1	1
971	1	1
972	3	3
973	3	0
974	0	3
975	0	2
976	1	2
977	1	3
980	1	1
981	2	1
982	2	1
983	0	3
984	3	4
985	0	2
986	0	2
987	1	0
988	1	5
989	2	1
990	0	1
991	0	2
992	1	3
993	1	3
994	3	6
995	1	1
996	1	2
997	2	1
998	3	3
999	0	2
1001	0	2
1002	1	1
1003	1	1
1004	0	3
1005	3	2
1006	5	3
1007	2	2
1008	2	1
1009	3	5
1010	0	1
1012	0	3
1014	1	1
1015	1	4
1016	1	2
1017	1	7
1018	1	4
1019	4	2
1020	4	2
1021	0	8
1022	0	1
1023	2	3
1024	0	2
1025	0	6
1026	0	2
1027	1	6
1028	0	6
1029	1	3
1030	1	7
1031	0	3
1032	0	3
1033	0	2
1034	1	4
1035	0	3
1036	1	4
1037	1	10
1038	0	8
1039	0	5
1040	0	5
1041	0	5
1042	0	4
1044	1	4
1045	0	3
1046	0	4
1047	1	2
1048	1	0
1049	2	4
1050	1	3
1051	4	5
1052	0	2
1053	0	2
1054	1	2
1055	0	4
1056	1	3
1057	1	2
1058	2	3
1059	0	6
1060	1	1
1062	0	3
1063	1	2
1065	1	1
1066	1	1
1067	0	2
1068	0	1
1069	0	2
1070	0	2
1071	0	1
1072	0	1
1073	0	3
1074	1	2
1075	1	3
1076	1	2
1077	0	1
1078	1	2
1079	0	2
1080	1	2
1081	0	2
1082	0	1
1083	2	1
1084	0	1
1085	1	5
1086	3	1
1087	2	1
1088	0	1
1089	0	2
1090	0	3
1091	0	1
1092	0	1
1093	0	1
1097	0	2
1098	1	2
1100	0	2
1101	0	1
1102	0	2
1103	2	1
1105	1	3
1107	0	3
1108	0	1
1109	2	3
1110	4	1
1111	2	0
1112	0	1
1113	2	3
1114	1	4
1115	4	5
1116	0	2
1117	1	2
1118	0	2
1120	1	1
1121	4	2
1122	0	4
1124	0	3
1125	2	1
1126	2	1
1127	0	1
1128	3	4
1129	0	1
1130	0	1
1131	1	2
1133	0	1
1134	0	3
1136	1	1
1137	2	4
1138	0	1
1139	2	5
1140	3	4
1141	2	1
1142	1	1
1143	1	2
1144	2	2
1145	2	4
1146	0	2
1147	2	2
1148	0	3
1149	1	1
1150	0	1
1151	0	1
1152	0	2
1153	0	1
1154	1	5
1155	1	2
1156	1	3
1157	1	0
1158	0	1
1159	1	2
1160	1	3
1161	0	1
1162	2	1
1164	0	5
1165	1	4
1166	0	3
1167	0	1
1168	0	2
1170	0	3
1171	0	2
1172	2	0
1173	0	5
1174	1	2
1175	2	0
1176	0	2
1177	0	7
1178	1	1
1179	4	1
1180	1	0
1181	0	1
1182	0	2
1183	0	4
1184	1	2
1185	3	1
1186	2	1
1187	1	1
1189	0	3
1190	0	2
1191	0	2
1194	4	3
1195	1	7
1196	1	1
1197	0	4
1198	0	1
1200	1	0
1201	0	1
1202	2	4
1203	2	1
1204	2	0
1205	0	1
1206	1	4
1207	2	4
1208	1	0
1209	0	2
1210	0	5
1211	0	4
1212	1	1
1213	1	3
1214	0	1
1215	0	1
1216	2	2
1217	1	1
1218	1	2
1219	2	4
1220	0	1
1221	1	3
1222	1	2
1223	3	2
1224	1	0
1225	2	2
1226	1	6
1227	2	1
1228	1	2
1229	5	2
1230	1	3
1231	3	2
1232	1	3
1233	0	1
1234	0	3
1235	0	3
1236	1	1
1237	0	1
1238	1	1
1239	1	0
1241	2	0
1242	0	4
1243	1	1
1245	0	3
1246	0	3
1247	1	1
1248	2	3
1249	4	2
1250	1	5
1251	0	1
1252	1	3
1253	0	4
1254	0	6
1255	1	3
1256	0	3
1257	0	3
1258	0	5
1259	1	3
1260	0	3
1261	0	2
1263	2	1
1264	0	2
1265	0	1
1266	1	1
1267	3	0
1268	0	2
1269	0	2
1270	1	3
1271	1	0
1272	0	3
1273	2	0
1274	3	0
1275	1	2
1276	1	1
1277	2	3
1278	1	3
1279	0	1
1280	0	2
1281	0	2
1282	2	1
1283	0	1
1284	1	0
1285	0	3
1286	0	2
1287	1	3
1288	3	2
1289	3	3
1290	3	1
1291	3	4
1292	5	3
1293	1	3
1294	0	1
1296	3	4
1297	1	0
1298	0	2
1299	2	4
1300	1	2
1301	0	3
1302	1	1
1303	0	1
1304	1	3
1305	4	3
1306	1	0
1307	0	4
1309	1	1
1310	1	0
1311	0	5
1312	0	2
1313	2	7
1314	1	3
1315	3	3
1316	1	0
1317	1	3
1318	1	3
1319	1	7
1320	0	2
1321	0	2
1322	0	1
1323	0	1
1324	0	1
1325	0	1
1326	2	4
1327	1	3
1328	1	3
1329	1	1
1330	1	4
1331	3	3
1332	0	1
1334	1	1
1335	0	2
1337	2	1
1338	1	4
1340	2	4
1341	0	5
1342	1	2
1343	1	2
1344	0	1
1345	2	4
1346	2	0
1347	0	4
1348	2	1
1349	1	1
1350	1	4
1351	1	4
1352	1	0
1353	0	2
1354	0	2
1355	0	3
1356	1	1
1357	0	1
1358	0	2
1359	3	1
1360	1	2
1361	3	4
1362	1	3
1364	0	3
1366	0	2
1367	0	4
1368	2	3
1369	1	0
1370	1	0
1371	2	2
1372	1	3
1373	0	1
1374	0	2
1375	1	1
1376	1	0
1377	1	1
1378	1	1
1379	0	3
1381	1	4
1382	1	1
1383	1	3
1384	1	2
1385	1	1
1386	0	3
1387	0	2
1388	1	2
1389	1	3
1390	1	4
1391	1	4
1392	2	4
1396	0	6
1397	1	1
1398	0	2
1399	2	2
1401	0	2
1402	1	1
1403	2	1
1404	4	1
1405	1	3
1406	1	1
1407	3	2
1408	2	1
1409	0	4
1410	1	1
1411	0	3
1412	2	1
1413	1	2
1415	1	1
1416	1	3
1417	0	1
1418	0	1
1419	0	2
1421	0	2
1422	0	1
1424	3	0
1425	0	2
1426	2	4
1427	0	3
1428	3	3
1429	3	2
1430	1	3
1431	1	1
1432	1	2
1433	1	7
1434	0	3
1435	0	4
1436	1	2
1437	1	1
1438	0	2
1439	2	3
1440	0	3
1441	0	1
1442	1	5
1443	0	1
1444	1	6
1445	1	0
1446	1	1
1447	1	1
1448	0	5
1449	2	5
1450	2	3
1451	1	2
1452	1	7
1453	1	3
1454	0	6
1455	0	7
1456	1	5
1457	0	1
1458	2	2
1459	2	1
1460	0	1
1461	0	3
1462	0	5
1464	1	3
1465	4	3
1466	1	2
1467	2	5
1468	2	4
1469	2	4
1470	2	2
1472	0	1
1473	0	1
1474	5	2
1475	2	0
1476	3	5
1477	0	2
1478	1	6
1479	1	3
1480	1	4
1481	1	2
1482	3	0
1483	1	0
1485	0	2
1486	0	3
1487	1	4
1488	0	2
1491	1	1
1492	0	8
1493	0	4
1494	1	5
1495	0	5
1496	1	7
1497	2	4
1498	0	6
1499	2	4
1500	0	2
1501	1	2
1502	1	3
1503	1	0
1504	0	5
1505	1	1
1507	1	2
1510	0	3
1511	0	2
1513	0	2
1514	0	1
1515	0	1
1516	1	5
1517	0	1
1518	0	2
1519	1	1
1520	1	2
1521	1	4
1523	0	3
1524	2	1
1525	2	2
1526	1	0
1527	0	1
1528	0	3
1530	0	2
1531	1	2
1532	2	3
1533	1	0
1535	1	0
1537	1	2
1538	2	3
1539	2	0
1540	2	5
1541	1	3
1542	0	1
1543	0	2
1544	1	2
1545	3	5
1546	1	1
1547	0	2
1548	0	4
1549	0	1
1550	3	5
1551	0	3
1552	2	3
1553	0	2
1554	0	3
1555	1	1
1556	6	6
1557	0	1
1558	0	1
1559	0	2
1560	3	0
1561	0	1
1562	1	0
1563	1	2
1564	1	2
1565	2	3
1566	1	2
1567	4	0
1568	1	3
1569	1	2
1571	0	3
1572	4	0
1574	2	1
1575	0	3
1576	3	5
1577	3	0
1578	2	1
1579	3	5
1580	3	2
1581	0	2
1582	0	1
1583	2	0
1584	1	2
1585	1	2
1586	2	1
1587	2	2
1588	2	0
1589	0	3
1590	1	5
1591	0	4
1592	2	2
1593	0	3
1594	0	2
1595	1	4
1596	0	3
1597	1	1
1598	2	2
1599	0	7
1600	0	4
1601	1	4
1602	0	1
1603	1	3
1604	1	2
1605	0	2
1606	2	1
1607	3	4
1608	0	1
1609	0	1
1611	0	2
1612	0	4
1613	0	1
1614	2	0
1616	0	2
1617	0	3
1618	1	0
1619	0	1
1620	0	2
1621	0	2
1622	0	2
1623	1	3
1624	2	4
1625	2	5
1626	4	2
1627	2	4
1628	1	1
1629	1	5
1630	0	5
1631	0	3
1632	1	4
1633	1	3
1634	0	3
1635	0	1
1636	1	5
1637	0	4
1638	0	2
1639	0	1
1640	1	6
1641	2	7
1642	1	5
1643	2	3
1644	0	2
1645	0	1
1646	2	5
1647	0	1
1648	0	1
1650	0	1
1651	0	2
1652	1	0
1653	0	3
1654	1	4
1655	0	2
1656	0	3
1657	1	0
1658	2	7
1659	1	1
1660	1	4
1661	1	0
1662	0	2
1663	0	2
1664	1	0
1665	2	2
1666	0	1
1667	0	2
1668	3	3
1669	2	3
1670	0	6
1671	1	1
1672	1	1
1673	1	1
1674	1	3
1675	0	4
1676	1	3
1677	1	0
1678	2	5
1679	2	1
1680	3	4
1681	2	3
1682	1	4
1683	3	2
1684	1	0
1685	0	2
1686	0	2
1687	0	1
1688	2	2
1689	2	2
1690	1	1
1691	2	2
1692	3	2
1693	0	3
1694	0	1
1695	2	2
1696	1	3
1697	1	3
1698	0	4
1699	1	5
1700	0	3
1701	5	3
1702	1	4
1703	1	3
1704	0	7
1705	0	5
1706	0	4
1707	0	3
1708	0	8
1709	1	2
1710	0	1
1711	0	3
1712	1	0
1713	1	5
1714	1	1
1715	0	1
1716	0	5
1717	1	3
1718	0	2
1719	1	3
1720	2	1
1721	0	6
1722	0	4
1723	1	8
1724	1	3
1725	2	6
1726	0	1
1727	1	3
1728	2	3
1729	2	3
1730	0	2
1731	2	1
1732	2	2
1733	2	3
1734	1	8
1735	1	3
1736	0	4
1737	0	6
1738	1	3
1739	1	5
1741	1	3
1742	0	6
1743	1	3
1744	1	4
1745	0	2
1746	1	9
1747	0	1
1748	3	3
1749	0	1
1750	4	3
1751	0	2
1752	0	1
1753	0	5
1754	0	2
1755	0	4
1756	3	3
1757	0	1
1758	0	2
1759	0	3
1760	1	3
1761	0	9
1762	0	6
1763	2	4
1764	1	2
1765	0	3
1766	1	2
1767	0	3
1768	1	2
1769	0	3
1771	2	6
1772	1	2
1773	1	6
1774	2	7
1775	3	3
1776	1	6
1777	1	1
1778	1	3
1779	0	3
1780	3	2
1781	2	0
1782	0	3
1783	2	5
1784	4	4
1785	4	4
1786	1	4
1787	4	2
1788	1	1
1789	1	2
1790	1	2
1791	3	2
1792	2	3
1793	2	0
1794	0	1
1795	3	2
1796	1	4
1797	2	3
1798	0	2
1799	2	0
1801	0	3
1802	1	3
1803	3	4
1804	1	3
1805	1	1
1806	1	1
1807	1	4
1809	1	4
1810	4	1
1811	2	2
1812	1	4
1813	2	3
1814	2	2
1815	0	3
1816	0	4
1817	0	3
1818	1	4
1819	1	6
1820	2	2
1821	1	1
1822	0	1
1823	1	5
1824	0	2
1825	0	1
1826	0	1
1827	1	5
1828	1	4
1829	1	2
1830	0	3
1831	0	3
1832	0	5
1833	0	6
1834	1	3
1835	0	4
1836	0	4
1837	0	3
1838	3	4
1839	3	1
1840	0	2
1841	0	1
1842	1	4
1843	3	2
1844	1	3
1845	2	3
1846	0	1
1847	2	1
1848	1	0
1849	2	2
1850	1	2
1851	2	2
1852	2	2
1853	1	1
1854	1	1
1855	2	4
1856	2	3
1857	1	2
1858	3	4
1859	0	1
1860	2	1
1861	2	7
1862	0	2
1863	1	0
1864	2	8
1865	4	4
1866	3	1
1867	1	2
1868	2	1
1869	1	4
1870	0	3
1871	1	0
1872	1	1
1873	1	2
1874	2	3
1875	0	4
1876	0	1
1877	2	2
1878	0	1
1879	1	3
1880	1	2
1881	1	3
1882	1	3
1883	1	7
1884	3	1
1885	4	7
1886	1	3
1887	1	5
1888	2	3
1889	0	1
1890	0	2
1891	1	2
1892	1	2
1893	2	2
1894	0	1
1895	1	4
1896	1	4
1897	0	1
1898	1	4
1901	1	3
1902	1	4
1903	1	2
1904	0	2
1905	2	2
1907	2	2
1908	2	4
1909	3	3
1910	1	3
1911	1	2
1913	1	0
1914	0	3
1915	1	3
1916	1	1
1917	0	3
1918	0	3
1919	2	1
1920	2	2
1922	0	7
1923	2	1
1924	0	2
1925	3	1
1926	3	2
1927	1	5
1928	3	4
1929	0	1
1930	1	1
1931	0	2
1932	1	0
1933	0	3
1934	3	2
1935	1	1
1936	1	4
1937	3	5
1938	0	2
1939	2	4
1940	4	5
1941	0	3
1942	0	3
1943	2	4
1944	0	5
1945	0	1
1946	0	1
1948	0	3
1949	2	6
1950	2	1
1951	3	3
1952	0	3
1953	1	4
1954	0	3
1955	1	2
1956	0	1
1957	0	1
1958	1	1
1959	1	2
1960	0	1
1961	1	4
1962	1	1
1963	3	2
1964	1	5
1965	2	3
1966	0	2
1967	3	3
1968	2	2
1969	0	2
1970	3	1
1971	3	0
1972	3	7
1973	1	4
1974	0	3
1975	2	4
1976	0	4
1977	0	7
1978	2	4
1979	3	3
1980	5	1
1981	0	1
1983	1	1
1984	0	3
1985	0	4
1986	0	8
1987	1	2
1988	0	7
1989	1	4
1990	0	4
1991	0	10
1992	1	6
1993	0	4
1994	0	3
1995	1	8
1996	1	3
1997	0	4
1998	0	6
1999	0	3
2000	0	5
2001	2	5
2002	1	6
2003	0	4
2004	1	7
2005	1	3
2006	1	4
2007	0	4
2008	0	8
2009	2	3
2010	3	10
2011	0	6
2012	1	6
2013	1	3
2014	0	6
2015	1	6
2016	2	4
2017	0	5
2018	1	4
2019	1	4
2020	1	5
2021	1	1
2022	2	0
2023	0	2
2024	1	3
2025	2	4
2026	0	7
2027	2	1
2028	0	1
2029	5	1
2030	0	2
2031	0	2
2032	2	3
2033	2	1
2034	1	4
2035	0	1
2036	3	2
2037	1	4
2038	0	2
2039	1	3
2040	0	5
2042	0	1
2043	0	4
2044	2	4
2045	0	2
2047	1	7
2048	2	0
2049	1	3
2050	0	4
2051	1	2
2052	0	1
2053	0	6
2054	1	2
2055	5	2
2056	0	3
2057	0	4
2058	1	3
2059	1	2
2060	2	4
2061	2	2
2062	2	2
2063	5	3
2064	3	0
2065	0	3
2066	3	3
2067	0	3
2068	2	2
2069	0	2
2070	1	4
2071	1	2
2072	2	2
2073	3	0
2074	0	1
2075	2	0
2076	2	6
2077	1	0
2078	1	0
2079	0	5
2080	1	1
2081	1	2
2082	1	1
2083	2	2
2084	1	4
2085	2	2
2086	3	4
2087	4	3
2088	0	2
2089	2	3
2090	1	4
2091	0	3
2092	1	1
2093	0	4
2094	2	5
2095	0	6
2096	0	5
2097	0	2
2098	0	5
2099	2	3
2100	0	1
2101	1	1
2102	2	2
2103	4	3
2104	0	2
2105	1	2
2106	1	1
2107	4	1
2108	2	2
2109	0	2
2110	1	1
2111	1	3
2112	1	0
2113	2	3
2114	2	3
2115	0	1
2116	3	2
2117	1	1
2118	0	2
2119	0	3
2120	0	3
2121	4	1
2122	2	1
2123	1	3
2124	2	2
2125	2	6
2126	0	5
2127	1	0
2128	0	2
2129	0	4
2130	3	4
2131	1	1
2132	0	5
2133	4	0
2134	0	3
2135	1	0
2136	2	1
2137	0	2
2138	1	2
2139	1	0
2142	1	2
2143	0	1
2144	2	3
2145	2	7
2146	1	2
2147	1	1
2148	3	1
2149	3	0
2150	0	2
2151	2	2
2152	2	4
2153	2	1
2154	1	2
2155	1	3
2156	1	2
2157	2	0
2158	3	3
2159	0	1
2160	1	3
2161	2	1
2162	1	1
2163	1	3
2164	1	1
2165	2	4
2166	0	3
2167	0	2
2168	0	1
2169	0	4
2170	0	5
2171	0	2
2172	2	2
2173	0	2
2174	0	1
2175	3	2
2176	0	3
2177	2	3
2178	0	5
2179	0	1
2180	0	3
2182	2	1
2183	0	2
2184	0	1
2186	0	1
2187	2	0
2188	2	2
2189	0	3
2190	0	2
2191	1	3
2192	0	6
2193	0	4
2194	0	2
2195	1	5
2196	2	6
2197	1	3
2198	0	7
2199	0	4
2200	0	5
2201	0	4
2202	1	5
2203	0	2
2204	0	4
2205	0	3
2206	0	5
2207	0	4
2208	1	7
2209	0	3
2210	0	2
2211	1	7
2212	0	3
2213	0	2
2214	0	4
2215	0	2
2216	1	4
2217	0	7
2219	0	1
2220	1	6
2221	1	2
2222	0	5
2223	4	3
2224	0	6
2225	1	4
2226	0	3
2227	1	1
2228	0	3
2229	0	4
2230	2	1
2231	0	1
2232	2	3
2233	1	4
2234	0	4
2235	0	1
2236	0	2
2237	0	6
2238	0	1
2239	2	3
2240	1	2
2241	1	1
2242	2	2
2243	1	1
2244	0	4
2245	1	2
2246	0	4
2247	0	2
2248	1	3
2249	0	2
2250	0	4
2251	0	2
2252	0	4
2253	0	1
2254	1	4
2255	0	7
2256	1	4
2257	0	1
2258	0	2
2259	2	0
2260	0	1
2261	1	4
2262	0	2
2263	0	1
2264	1	8
2265	3	4
2266	2	0
2267	2	6
2268	0	3
2269	0	1
2270	1	3
2271	6	5
2272	0	4
2273	3	0
2274	0	3
2275	1	1
2276	1	0
2277	1	2
2278	2	0
2279	0	2
2280	2	0
2281	3	1
2282	1	3
2283	1	2
2284	1	2
2285	1	2
2286	1	0
2287	0	2
2288	0	2
2289	1	7
2290	1	1
2291	1	1
2292	3	2
2293	2	4
2294	1	2
2295	0	4
2296	1	2
2297	2	6
2299	1	1
2300	1	4
2301	2	3
2302	2	0
2303	1	3
2304	0	2
2306	0	3
2307	1	2
2308	2	1
2309	2	4
2310	0	4
2311	2	2
2312	3	2
2313	2	6
2314	3	5
2315	1	3
2317	0	3
2319	0	3
2320	2	0
2321	1	1
2322	1	1
2323	1	0
2324	2	1
2325	0	5
2326	0	4
2327	1	1
2328	0	1
2329	2	6
2330	1	4
2331	0	3
2332	2	2
2335	2	3
2336	1	3
2337	1	1
2338	0	2
2339	1	5
2340	2	2
2341	0	1
2342	0	1
2343	0	5
2344	0	1
2345	1	0
2346	0	1
2347	1	3
2348	1	1
2349	0	4
2350	0	1
2351	0	1
2352	2	3
2353	0	3
2354	2	1
2355	2	3
2356	1	3
2357	0	4
2358	1	1
2359	0	1
2360	1	2
2361	0	2
2362	0	1
2364	0	5
2365	0	2
2366	2	2
2367	0	1
2369	0	3
2370	1	0
2371	1	0
2372	1	6
2374	0	2
2375	2	6
2376	2	1
2377	0	2
2378	4	3
2379	0	3
2380	1	2
2381	1	3
2382	1	2
2383	1	1
2384	3	3
2385	4	0
2386	1	4
2387	1	2
2388	0	3
2389	0	2
2390	1	3
2391	1	0
2392	0	4
2393	1	4
2394	1	4
2395	2	5
2396	2	0
2397	0	10
2398	4	1
2399	1	2
2400	1	1
2401	1	4
2402	4	5
2403	0	3
2404	1	4
2405	2	4
2406	0	5
2407	2	5
2408	2	4
2409	2	2
2410	7	4
2411	1	3
2412	0	3
2413	2	2
2414	1	4
2415	0	2
2416	1	4
2417	4	2
2418	3	0
2419	0	3
2420	0	3
2421	0	2
2422	1	2
2423	1	1
2424	0	2
2425	0	2
2426	2	5
2427	0	3
2428	0	1
2429	1	1
2430	0	1
2432	4	6
2433	1	1
2434	3	1
2435	0	1
2436	1	1
2437	2	0
2439	0	3
2441	0	8
2442	1	1
2443	1	2
2444	0	1
2445	0	3
2447	0	1
2449	3	3
2450	0	7
2451	3	2
2452	3	3
2453	3	4
2454	2	4
2455	1	2
2456	3	3
2457	0	2
2458	1	1
2459	5	4
2460	0	2
2461	1	1
2462	1	1
2463	1	2
2464	0	2
2465	1	3
2466	1	2
2467	1	1
2468	3	4
2469	1	0
2470	1	4
2472	0	4
2473	1	1
2474	2	1
2475	0	2
2476	1	4
2477	3	1
2478	1	2
2479	0	4
2480	0	2
2481	1	1
2482	1	0
2484	2	1
2485	1	1
2486	0	4
2487	1	1
2488	0	2
2489	1	1
2491	1	0
2492	0	1
2493	1	4
2494	2	2
2495	2	3
2496	1	3
2497	3	1
2498	0	4
2499	1	1
2500	3	0
2501	0	4
2502	1	1
2503	0	3
2505	1	4
2506	0	3
2507	1	3
2508	4	0
2509	0	1
2511	0	1
2512	1	2
2513	1	1
2514	1	2
2515	0	1
2516	0	3
2517	0	3
2518	0	4
2519	0	2
2520	2	2
2521	0	2
2522	4	5
2523	2	4
2524	2	7
2525	0	1
2526	0	4
2527	1	2
2528	3	3
2529	3	2
2530	5	4
2531	0	6
2532	3	0
2533	0	2
2534	0	2
2535	3	6
2536	1	1
2537	0	2
2538	1	5
2539	1	4
2540	0	1
2541	1	0
2542	0	1
2543	1	4
2544	0	3
2545	2	0
2546	2	2
2547	1	4
2548	2	0
2549	4	1
2551	0	1
2552	1	4
2553	4	1
2554	4	1
2555	4	3
2556	2	4
2557	0	4
2558	1	3
2559	0	5
2560	1	3
2561	0	2
2562	1	1
2563	1	3
2565	0	1
2566	0	3
2567	1	1
2568	2	2
2569	1	2
2570	0	3
2571	0	1
2573	0	5
2574	0	1
2575	1	1
2576	1	5
2577	0	3
2578	4	4
2579	0	2
2580	2	4
2581	0	7
2582	1	0
2583	3	6
2584	0	2
2585	2	3
2586	0	5
2587	2	3
2588	1	5
2589	2	2
2590	1	3
2591	1	2
2592	1	3
2593	1	0
2594	2	4
2595	1	5
2596	0	1
2597	1	3
2598	0	6
2599	0	4
2601	2	0
2602	1	2
2603	3	2
2604	0	2
2605	1	2
2606	2	4
2607	2	2
2608	0	3
2609	1	5
2610	1	3
2611	1	3
2612	2	1
2613	4	2
2615	0	1
2616	0	2
2617	0	1
2619	1	1
2620	3	1
2621	1	4
2622	2	5
2623	0	2
2624	0	3
2625	0	2
2626	0	3
2627	0	4
2628	1	5
2629	2	3
2630	1	0
2631	1	2
2632	0	5
2633	3	3
2634	1	1
2635	0	1
2636	0	5
2637	0	7
2638	3	2
2639	2	0
2640	2	1
2641	0	3
2643	1	0
2644	5	2
2645	1	2
2646	0	3
2647	0	1
2648	2	2
2649	1	6
2651	2	5
2652	0	2
2653	1	2
2654	0	1
2655	0	3
2657	2	3
2658	0	2
2659	0	1
2660	1	2
2661	0	3
2662	1	1
2663	0	2
2664	3	1
2665	1	3
2666	1	4
2667	0	2
2668	1	4
2669	1	3
2670	0	4
2671	2	0
2672	0	5
2673	0	2
2674	1	0
2675	2	2
2676	0	1
2677	0	1
2678	0	3
2679	1	3
2680	2	5
2681	1	3
2682	0	2
2683	1	1
2684	3	2
2685	3	2
2686	1	3
2687	1	5
2688	1	2
2690	1	2
2691	0	2
2692	1	1
2694	0	1
2695	0	1
2696	2	2
2697	0	3
2698	1	1
2699	1	1
2700	0	3
2701	2	3
2702	1	7
2703	1	2
2704	1	4
2705	2	1
2706	0	3
2707	0	3
2708	1	2
2709	1	2
2710	0	1
2711	0	2
2712	1	2
2713	0	4
2714	2	4
2715	1	2
2716	0	4
2717	0	2
2718	1	1
2719	1	2
2720	0	1
2721	2	2
2722	2	6
2723	0	1
2724	2	2
2725	0	3
2726	0	7
2727	0	8
2728	0	5
2729	1	9
2730	0	6
2731	1	3
2732	0	4
2733	0	6
2734	1	3
2735	1	9
2736	1	1
2737	0	3
2738	1	8
2740	0	9
2741	1	2
2742	1	6
2743	2	0
2744	1	1
2745	2	5
2747	2	3
2748	4	2
2749	3	1
2750	1	5
2751	3	1
2752	0	3
2753	1	0
2754	5	2
2755	1	5
2756	0	3
2757	3	3
2758	0	1
2759	0	5
2760	1	1
2761	2	1
2762	2	4
2763	4	4
2764	3	6
2765	1	1
2766	0	3
2767	1	6
2768	2	4
2769	0	1
2770	2	4
2771	2	4
2772	1	11
2773	0	4
2774	1	5
2775	0	4
2776	0	7
2777	1	3
2778	2	5
2779	0	1
2780	2	4
2781	1	3
2782	2	4
2783	0	2
2784	1	1
2785	0	2
2786	0	3
2787	1	0
2788	0	2
2789	1	1
2790	1	4
2791	1	7
2792	0	3
2795	1	1
2796	2	0
2797	1	0
2798	1	4
2799	0	4
2800	0	3
2801	0	3
2802	0	4
2803	1	2
2804	4	3
2805	1	2
2806	1	4
2807	1	0
2808	1	2
2809	0	4
2811	1	2
2812	1	2
2813	0	2
2814	1	2
2815	0	3
2816	2	3
2817	0	3
2818	0	2
2819	3	5
2820	3	3
2821	2	4
2822	1	3
2823	2	3
2824	1	3
2825	1	2
2827	1	3
2828	0	2
2830	2	2
2831	1	1
2832	0	2
2833	2	3
2834	1	1
2835	3	2
2836	2	1
2837	1	0
2838	2	2
2839	5	2
2840	0	1
2841	1	6
2842	0	2
2843	1	1
2844	0	2
2845	1	2
2846	1	1
2847	3	3
2848	2	2
2849	1	1
2850	0	1
2851	3	3
2852	0	2
2853	5	3
2854	0	2
2855	2	1
2856	0	5
2857	1	2
2858	1	3
2859	0	1
2860	1	4
2862	1	1
2863	2	3
2864	1	5
2865	4	1
2866	1	4
2867	0	4
2868	4	3
2869	3	0
2870	0	4
2871	2	5
2872	0	2
2873	0	3
2874	3	2
2875	0	4
2876	3	1
2877	2	5
2878	1	1
2879	2	3
2880	2	1
2881	0	1
2883	1	3
2884	0	3
2885	0	1
2887	1	2
2888	0	1
2889	0	1
2890	1	3
2891	1	2
2892	1	1
2893	2	7
2894	1	3
2895	2	0
2896	1	3
2897	2	5
2898	1	6
2899	4	4
2900	4	2
2901	3	4
2902	4	3
2903	3	1
2904	1	1
2905	1	1
2906	0	1
2907	1	3
2908	0	2
2909	3	1
2910	3	3
2911	1	2
2912	0	2
2914	0	3
2915	1	1
2916	0	2
2917	0	1
2918	1	5
2919	0	1
2920	1	0
2922	0	1
2923	2	2
2924	1	2
2925	2	3
2926	1	0
2927	0	3
2928	0	1
2929	2	3
2930	1	1
2931	2	1
2932	0	3
2933	0	5
2934	0	4
2935	0	3
2936	0	2
2937	0	5
2938	1	0
2939	0	3
2940	0	3
2941	0	4
2942	1	6
2943	0	2
2944	0	3
2945	1	3
2947	0	5
2948	0	5
2949	0	3
2950	2	9
2951	0	3
2952	0	1
2953	1	1
2954	1	1
2955	2	0
2956	2	3
2957	1	4
2958	2	2
2959	3	0
2960	4	3
2961	0	7
2962	2	7
2963	1	4
2964	1	5
2965	2	0
2966	0	3
2967	1	4
2968	2	0
2969	0	4
2970	0	1
2972	2	4
2973	1	2
2974	2	1
2975	1	1
2976	1	2
2977	0	4
2978	2	3
2979	2	2
2980	1	0
2981	0	4
2982	1	1
2983	2	4
2984	1	7
2985	2	5
2986	2	0
2987	0	1
2988	0	4
2989	2	2
2990	0	2
2991	3	6
2992	4	2
2993	3	4
2994	0	1
2995	1	5
2996	1	4
2997	0	4
2998	0	1
2999	1	2
3000	2	2
3001	0	3
3002	0	1
3003	0	1
3004	1	2
3006	0	3
3007	1	1
3008	1	1
3010	3	2
3011	2	2
3012	0	1
3013	1	3
3014	0	2
3015	1	1
3016	1	2
3017	0	1
3018	0	2
3019	1	2
3020	3	4
3021	5	1
3022	1	6
3023	1	3
3024	2	0
3025	1	3
3026	1	4
3027	0	1
3028	0	3
3029	1	1
3030	0	4
3031	0	4
3032	0	2
3033	0	2
3034	3	6
3035	1	1
3036	5	0
3037	3	6
3038	1	1
3039	1	1
3040	0	2
3041	0	5
3042	1	2
3043	0	5
3044	1	4
3045	1	1
3046	0	3
3047	0	1
3048	1	4
3049	1	3
3050	1	1
3051	1	4
3052	0	2
3053	2	2
3054	0	1
3055	0	2
3056	0	1
3057	0	6
3059	1	1
3060	0	4
3061	0	1
3063	2	4
3064	0	1
3065	0	2
3066	0	2
3067	1	5
3068	2	3
3069	1	3
3070	2	0
3071	0	3
3072	3	3
3073	1	5
3074	0	1
3075	0	2
3076	5	3
3077	0	6
3078	0	4
3079	1	1
3080	1	2
3081	0	2
3082	2	0
3083	1	1
3084	0	2
3085	1	3
3086	0	5
3087	0	3
3088	0	2
3089	0	1
3090	1	2
3091	1	1
3092	0	2
3093	1	3
3094	1	0
3095	0	4
3096	1	3
3097	0	2
3098	2	3
3099	0	7
3100	1	2
3101	0	1
3102	1	4
3103	0	2
3104	2	5
3105	2	1
3106	0	6
3107	2	0
3108	0	3
3109	0	1
3111	2	0
3112	2	5
3113	0	4
3114	0	4
3115	1	4
3116	0	4
3118	1	1
3119	3	1
3120	0	1
3121	5	1
3122	1	3
3124	2	4
3125	3	3
3126	4	3
3127	0	3
3128	2	3
3129	1	2
3130	1	1
3131	2	3
3132	0	1
3134	0	1
3135	0	5
3136	0	2
3137	0	2
3138	1	4
3140	1	2
3141	0	2
3142	6	3
3143	2	2
3144	4	1
3145	1	1
3146	3	0
3147	0	1
3148	0	1
3149	1	3
3150	0	2
3151	0	8
3152	1	4
3153	1	2
3154	3	3
3155	0	3
3156	1	4
3157	0	6
3158	0	2
3159	6	4
3160	5	6
3161	1	5
3162	5	5
3163	2	8
3164	2	3
3165	2	4
3166	1	3
3167	2	5
3168	3	8
3169	1	0
3170	3	4
3171	2	3
3172	1	5
3173	0	2
3174	0	3
3175	0	1
3176	0	1
3177	2	5
3178	0	2
3179	2	2
3180	2	2
3181	3	3
3182	0	3
3183	1	4
3184	0	1
3185	3	5
3186	3	5
3187	2	4
3188	5	5
3189	1	1
3190	0	2
3191	1	1
3192	1	2
3193	1	1
3194	1	2
3195	4	3
3196	1	3
3197	0	2
3198	0	3
3199	2	1
3200	3	2
3201	0	2
3202	1	1
3203	1	1
3204	1	1
3205	1	0
3206	0	1
3207	0	1
3208	1	1
3209	1	2
3211	0	2
3212	1	3
3213	2	2
3214	2	2
3215	0	1
3216	0	3
3217	2	2
3218	1	2
3220	0	2
3221	1	3
3222	2	4
3223	1	3
3224	1	3
3225	0	2
3227	0	2
3228	2	0
3229	0	3
3230	2	1
3231	0	2
3232	0	2
3233	1	3
3234	0	1
3235	0	3
3236	0	2
3237	2	4
3238	0	1
3239	1	3
3240	0	1
3241	0	4
3242	0	4
3244	2	1
3245	0	5
3246	0	4
3247	2	3
3248	0	4
3249	1	1
3250	0	3
3252	0	4
3253	0	5
3254	0	2
3255	0	1
3256	0	3
3257	1	1
3258	1	5
3259	0	5
3261	1	7
3262	2	3
3263	0	5
3264	1	2
3265	1	2
3266	0	5
3267	2	3
3268	0	3
3269	0	5
3270	1	2
3271	1	2
3272	0	6
3273	1	3
3274	1	3
3275	0	4
3276	0	1
3277	0	6
3278	1	3
3279	0	1
3280	1	4
3281	2	3
3282	0	1
3283	0	6
3284	0	2
3285	1	2
3286	1	3
3287	3	5
3288	3	2
3289	4	2
3290	0	1
3291	2	1
3292	0	2
3294	0	5
3295	0	2
3296	0	2
3297	0	5
3298	1	1
3299	0	2
3300	3	3
3301	3	3
3302	0	2
3303	2	4
3304	0	5
3305	2	0
3306	1	1
3307	1	5
3308	2	2
3309	2	1
3310	1	2
3311	2	4
3312	0	2
3313	3	2
3314	3	0
3315	2	3
3316	1	3
3317	1	0
3319	2	3
3320	2	2
3321	1	3
3322	2	2
3323	0	8
3324	1	3
3325	1	6
3326	1	2
3327	0	3
3328	2	0
3329	1	3
3330	0	1
3331	4	4
3332	1	2
3333	1	2
3334	2	0
3335	1	5
3336	0	6
3337	0	2
3338	2	4
3339	2	2
3340	1	2
3341	1	6
3342	5	2
3343	0	2
3344	0	1
3345	0	1
3347	0	2
3348	2	2
3349	1	2
3350	1	4
3351	2	2
3352	1	3
3353	0	4
3355	3	3
3356	1	3
3357	3	7
3359	3	2
3360	0	4
3361	0	4
3362	0	3
3363	2	6
3364	1	1
3365	0	2
3366	1	3
3367	1	1
3368	1	3
3370	3	2
3372	0	4
3373	0	2
3374	1	2
3375	1	3
3376	4	2
3377	0	2
3378	0	5
3379	2	0
3380	1	3
3381	1	4
3382	1	1
3383	3	2
3384	1	4
3385	0	3
3386	2	1
3387	2	2
3388	0	2
3389	1	5
3390	0	2
3391	3	3
3392	3	1
3393	2	2
3394	4	4
3395	3	3
3396	1	4
3397	1	1
3398	1	2
3399	1	0
3400	2	1
3401	0	4
3402	0	2
3403	1	3
3404	0	1
3406	4	4
3407	2	3
3408	2	2
3409	1	0
3410	0	3
3411	0	2
3412	0	2
3413	0	1
3414	2	1
3415	0	3
3416	2	1
3417	0	2
3418	1	4
3419	1	1
3420	1	4
3421	0	5
3422	1	5
3423	1	5
3424	0	3
3425	1	2
3426	0	1
3427	0	3
3428	1	2
3429	0	2
3430	1	2
3431	0	1
3432	2	0
3433	1	5
3435	4	6
3436	4	2
3437	1	3
3438	0	5
3439	1	2
3440	0	5
3441	0	3
3442	0	5
3443	0	2
3444	1	3
3445	1	2
3446	4	7
3447	0	2
3448	1	5
3450	1	4
3451	3	7
3452	0	5
3453	2	3
3454	0	1
3455	0	2
3456	1	2
3457	0	3
3458	3	2
3459	0	1
3460	3	0
3461	1	5
3462	1	5
3463	2	9
3464	1	3
3465	1	4
3466	0	4
3467	1	2
3468	0	6
3469	0	5
3470	0	2
3471	3	1
3472	0	3
3473	0	5
3474	0	3
3475	0	3
3476	1	4
3477	0	5
3478	0	4
3479	3	2
3480	1	2
3481	0	7
3482	0	5
3483	0	4
3484	1	6
3485	1	3
3486	0	1
3487	0	2
3488	2	2
3489	1	0
3490	2	2
3491	3	3
3492	1	4
3493	3	0
3494	2	1
3495	3	2
3497	0	1
3498	1	2
3499	0	2
3501	3	3
3502	1	1
3503	1	1
3504	1	4
3505	0	2
3506	0	2
3507	1	0
3508	1	3
3509	2	2
3510	1	4
3511	1	1
3512	0	1
3513	1	3
3514	1	3
3515	1	0
3516	1	0
3517	2	3
3518	1	2
3519	2	0
3520	3	1
3521	0	4
3522	1	1
3523	0	1
3524	3	2
3525	2	4
3526	2	5
3527	3	4
3528	2	1
3529	1	3
3530	2	5
3531	0	2
3532	1	3
3533	0	1
3534	1	3
3535	2	2
3536	0	3
3537	3	2
3538	0	1
3539	1	3
3540	1	5
3541	1	4
3542	2	3
3543	0	1
3544	0	3
3545	2	3
3546	0	4
3547	7	1
3548	2	2
3549	1	1
3550	2	1
3551	2	2
3552	1	2
3553	0	5
3554	1	3
3555	0	4
3556	1	1
3557	0	3
3558	1	3
3559	1	0
3560	1	4
3561	0	5
3562	1	4
3563	0	1
3564	1	2
3565	3	3
3566	0	6
3567	2	2
3568	2	4
3570	1	4
3571	0	6
3572	4	2
3573	2	2
3574	7	1
3575	0	2
3576	2	2
3577	3	3
3578	0	4
3579	1	1
3580	0	5
3581	3	1
3582	4	3
3583	0	3
3584	0	2
3585	1	4
3586	0	2
3587	1	1
3588	2	3
3589	1	2
3590	2	4
3591	2	2
3592	4	2
3593	0	2
3595	0	4
3596	1	2
3597	0	6
3598	4	0
3599	2	5
3600	2	0
3601	0	1
3602	0	4
3603	1	1
3604	2	2
3605	3	6
3606	1	3
3607	2	0
3608	1	2
3609	2	3
3610	1	2
3611	2	3
3613	3	2
3614	2	1
3615	1	3
3616	0	2
3617	2	1
3618	0	3
3619	2	3
3620	2	2
3621	1	8
3622	2	3
3623	1	2
3624	0	2
3625	1	0
3626	2	3
3627	1	3
3628	1	0
3629	3	3
3630	3	1
3631	0	5
3633	1	1
3634	1	3
3635	2	1
3636	2	2
3638	2	1
3639	2	7
3640	0	1
3641	2	4
3642	1	1
3643	1	4
3644	1	3
3645	0	2
3646	0	3
3647	2	5
3648	2	5
3649	1	4
3650	3	2
3651	3	1
3652	0	3
3653	2	3
3654	0	5
3655	2	2
3656	1	1
3657	1	3
3658	3	2
3659	2	4
3660	8	5
3661	3	4
3662	0	5
3663	1	3
3664	1	3
3665	5	5
3666	1	5
3667	2	3
3668	2	2
3669	2	5
3670	2	2
3671	0	1
3672	3	1
3673	4	6
3674	1	2
3675	0	3
3676	3	4
3677	2	2
3678	3	1
3679	2	1
3680	2	7
3681	2	4
3682	0	1
3683	0	1
3684	2	5
3685	2	2
3686	0	4
3687	0	2
3688	0	2
3689	4	2
3690	5	3
3691	1	2
3692	0	2
3693	0	1
3694	2	2
3695	2	3
3696	0	1
3697	0	2
3699	0	1
3700	2	8
3701	1	2
3702	0	1
3703	2	3
3704	2	2
3705	1	4
3706	1	2
3707	1	3
3708	0	2
3709	4	3
3710	2	3
3711	2	4
3712	0	1
3713	0	2
3714	1	4
3715	4	2
3716	2	5
3717	3	3
3718	2	0
3719	3	4
3720	1	1
3721	0	3
3722	1	3
3723	0	2
3724	3	1
3725	2	3
3726	4	4
3727	1	4
3728	0	6
3729	0	2
3730	0	4
3732	0	2
3733	3	4
3734	5	6
3735	0	1
3736	0	3
3737	1	1
3738	3	0
3739	4	3
3740	0	3
3741	5	2
3742	0	2
3743	1	3
3744	1	2
3745	1	1
3747	4	3
3748	4	3
3749	0	2
3750	1	4
3751	1	2
3752	1	1
3753	1	1
3754	0	2
3755	0	2
3756	1	3
3757	0	1
3758	5	1
3759	0	2
3760	1	3
3761	1	1
3762	2	1
3763	2	2
3764	0	3
3765	0	2
3766	1	1
3767	3	3
3768	1	1
3769	0	1
3770	2	0
3771	1	4
3772	1	3
3773	0	3
3774	1	5
3775	0	2
3776	4	0
3777	1	2
3778	2	2
3779	2	2
3780	1	2
3781	3	3
3782	0	5
3783	1	1
3784	1	2
3785	2	0
3786	2	0
3787	2	4
3788	1	1
3789	1	3
3790	1	2
3791	1	1
3792	3	3
3793	4	1
3795	1	4
3796	1	2
3797	1	2
3798	2	0
3799	2	1
3800	1	2
3801	4	3
3802	1	0
3803	2	3
3804	2	2
3805	1	3
3806	0	3
3807	1	3
3808	0	1
3809	0	1
3810	1	1
3811	1	3
3812	1	1
3813	3	3
3814	2	5
3815	0	5
3816	3	2
3817	1	1
3818	1	2
3819	2	4
3820	1	0
3821	0	6
3822	0	3
3823	2	4
3824	0	3
3826	1	3
3827	3	1
3828	2	1
3829	2	2
3830	0	1
3831	2	2
3832	0	4
3833	0	5
3834	0	4
3835	3	3
3836	0	3
3837	0	3
3838	1	5
3839	4	3
3840	1	1
3841	3	1
3842	2	4
3843	2	3
3844	4	5
3845	0	2
3847	3	3
3848	3	2
3849	0	1
3850	4	2
3851	4	2
3852	3	4
3853	1	1
3854	0	1
3855	2	3
3856	1	2
3857	1	1
3858	1	1
3859	1	3
3860	5	0
3861	5	1
3862	2	2
3863	7	2
3864	0	6
3865	1	5
3866	2	3
3867	0	2
3868	1	1
3869	1	1
3871	0	1
3872	3	1
3873	2	0
3874	0	1
3875	4	4
3876	5	5
3877	0	1
3878	2	2
3879	1	2
3880	1	1
3881	3	3
3882	5	1
3883	2	3
3884	2	0
3885	4	3
3886	2	2
3887	4	4
3889	0	2
3890	2	4
3891	0	2
3892	0	3
3893	0	5
3894	0	2
3895	5	2
3896	3	1
3897	2	4
3898	1	2
3899	0	1
3900	2	6
3901	0	4
3902	1	2
3903	3	0
3904	3	2
3905	0	2
3906	0	4
3907	2	0
3908	1	2
3909	1	3
3910	1	0
3911	7	3
3912	0	2
3913	1	1
3914	5	3
3915	1	1
3916	1	0
3917	2	2
3918	2	2
3919	4	2
3920	1	1
3921	4	3
3922	3	0
3923	2	1
3924	1	2
3925	0	2
3926	0	1
3927	2	2
3928	3	1
3929	3	3
3930	6	7
3931	2	6
3932	2	1
3933	0	2
3934	0	2
3935	2	6
3936	2	1
3937	1	2
3938	2	2
3939	1	3
3940	2	1
3941	2	1
3942	1	4
3943	2	1
3944	1	3
3945	2	5
3946	3	4
3947	2	5
3948	3	2
3949	6	4
3950	4	3
3951	4	5
3952	2	2
3953	2	1
3954	2	0
3955	0	1
3956	1	2
3957	2	1
3958	1	5
3959	1	2
3960	2	1
3961	0	4
3962	1	2
3963	2	2
3964	0	3
3965	3	2
3966	0	2
3967	2	2
3968	0	4
3969	0	5
3970	1	5
3971	0	4
3972	1	1
3973	0	4
3974	0	3
3975	3	3
3976	1	2
3977	3	2
3978	2	4
3979	3	4
3980	2	2
3981	1	4
3982	0	2
3983	2	1
3984	2	4
3985	2	0
3986	0	1
3987	2	0
3988	1	0
3989	0	2
3990	0	1
3991	2	2
3992	3	3
3993	1	0
3994	1	0
3995	2	0
3996	4	3
3997	1	2
3998	3	0
3999	1	1
4000	4	3
4002	2	3
4003	1	4
4004	2	3
4005	1	3
4006	3	0
4007	1	4
4008	2	6
4009	2	2
4010	1	1
4011	5	2
4012	3	5
4013	2	5
4014	3	1
4015	2	2
4017	0	5
4018	3	3
4019	0	6
4020	2	4
4021	2	3
4022	3	2
4023	1	2
4024	0	1
4025	1	1
4026	3	3
4027	2	4
4028	1	1
4029	3	1
4030	4	2
4032	4	2
4034	2	3
4035	1	3
4036	0	4
4037	1	1
4038	0	4
4039	3	2
4040	3	2
4042	0	7
4043	3	4
4044	3	2
4045	3	5
4046	1	5
4047	3	2
4048	3	1
4049	0	3
4050	2	3
4051	4	4
4052	1	3
4053	1	0
4054	5	2
4055	1	4
4056	3	5
4057	1	4
4058	2	4
4059	3	1
4060	1	3
4061	2	0
4062	1	1
4063	5	1
4064	5	0
4065	0	3
4066	0	5
4067	0	1
4068	0	3
4069	0	2
4070	1	1
4071	1	2
4073	0	3
4074	1	0
4075	2	1
4076	1	2
4077	1	1
4078	0	3
4079	1	1
4080	1	2
4081	0	1
4082	1	2
4083	2	2
4084	1	1
4085	3	2
4086	1	5
4087	1	1
4088	2	1
4089	0	4
4090	1	3
4091	5	2
4092	1	3
4093	2	3
4094	0	4
4095	2	2
4096	3	1
4097	1	5
4098	2	2
4099	1	2
4100	2	3
4101	3	6
4102	2	2
4103	2	2
4104	1	0
4105	3	2
4106	1	1
4107	1	1
4108	2	2
4109	0	5
4110	2	3
4111	4	1
4112	0	2
4113	2	1
4114	3	3
4115	2	0
4116	1	1
4117	0	2
4118	1	2
4119	0	1
4120	0	1
4121	1	3
4122	1	1
4123	1	1
4124	0	5
4125	4	2
4126	0	2
4127	0	1
4128	2	2
4129	0	3
4130	3	2
4131	0	4
4132	2	0
4133	0	2
4134	1	3
4135	1	1
4136	2	1
4137	1	1
4138	1	3
4139	3	2
4140	1	0
4141	0	3
4142	1	1
4143	3	5
4144	0	3
4145	1	3
4146	3	0
4147	1	2
4148	1	6
4149	0	2
4150	1	2
4151	0	3
4152	2	1
4153	0	3
4154	0	2
4155	1	1
4156	3	5
4157	2	3
4158	1	2
4159	0	2
4161	0	1
4163	0	2
4164	1	0
4165	2	3
4166	0	1
4167	2	5
4168	2	4
4169	3	2
4170	1	2
4171	1	5
4172	0	4
4173	2	5
4174	2	3
4175	1	0
4176	0	1
4177	1	2
4178	3	4
4179	1	2
4180	2	6
4181	1	1
4182	3	5
4183	0	6
4184	2	1
4185	1	1
4186	4	4
4187	2	1
4188	1	2
4189	1	2
4190	2	5
4191	1	4
4192	1	5
4193	2	2
4194	3	2
4195	1	2
4196	2	3
4197	1	4
4198	3	1
4199	3	1
4200	2	0
4201	1	1
4202	1	2
4203	3	0
4204	1	1
4205	3	1
4206	1	3
4207	0	3
4208	2	1
4209	1	2
4210	2	2
4211	1	2
4212	1	0
4214	1	3
4216	3	1
4217	4	5
4218	3	1
4219	3	3
4220	1	4
4221	1	0
4222	2	6
4223	1	1
4224	1	6
4225	0	1
4226	1	3
4227	6	1
4228	2	0
4229	2	1
4230	3	1
4231	2	1
4232	2	3
4233	3	8
4234	2	3
4235	1	1
4236	1	4
4237	0	4
4238	3	2
4239	1	2
4240	0	5
4241	3	1
4242	1	2
4243	5	1
4244	4	6
4245	2	0
4246	1	2
4247	1	2
4248	1	0
4249	0	1
4250	0	3
4251	0	6
4252	3	2
4253	0	3
4254	2	3
4255	1	3
4256	3	0
4257	0	3
4258	2	3
4259	0	3
4260	0	3
4261	1	7
4262	2	0
4263	5	3
4264	1	3
4265	1	1
4266	0	6
4267	3	1
4268	1	0
4269	1	5
4270	2	1
4271	0	1
4272	1	2
4273	2	3
4274	1	1
4275	1	1
4276	2	0