1	0	2
2	0	3
3	0	3
4	0	5
5	0	3
6	1	2
7	3	2
8	0	3
9	0	5
10	0	2
11	0	7
12	1	6
13	0	5
14	0	3
15	0	1
16	0	6
17	1	6
18	0	5
19	0	4
20	1	7
21	1	1
22	0	6
23	1	6
24	0	8
25	3	3
26	0	2
27	3	4
28	0	2
29	1	3
30	0	5
31	0	6
32	0	5
33	0	4
34	1	8
35	0	4
36	0	8
37	1	2
38	0	4
39	0	4
40	0	2
41	0	2
42	0	8
43	1	3
44	1	4
45	0	3
46	0	3
47	3	6
48	0	3
49	2	3
51	1	3
52	1	7
53	0	3
54	0	2
55	1	3
56	1	3
57	0	3
58	1	3
59	0	8
60	0	7
61	0	6
62	0	10
63	0	3
64	0	3
65	0	8
66	0	5
67	0	2
68	0	5
69	0	5
70	1	8
71	0	7
72	0	4
73	1	5
74	1	2
75	1	3
76	0	6
77	0	6
78	0	3
79	2	5
80	4	3
81	0	2
82	0	2
83	1	2
84	0	5
85	2	5
86	1	1
87	4	4
88	1	1
89	1	6
90	0	3
91	1	1
92	0	7
93	0	5
94	0	1
95	0	4
96	1	5
97	0	3
98	0	4
99	1	3
100	0	3
101	0	6
102	0	6
103	2	5
104	1	4
105	0	3
106	1	3
107	1	10
108	1	4
109	0	4
110	0	9
111	0	5
112	1	2
113	0	5
114	1	4
115	1	4
116	1	7
117	0	4
118	0	12
119	2	3
120	3	11
121	1	4
122	0	2
123	1	6
124	1	5
125	0	5
126	1	7
127	0	4
128	0	4
129	1	2
130	0	4
131	1	7
132	0	2
133	0	4
134	0	9
135	1	9
136	0	3
137	1	7
138	1	8
139	0	3
140	1	4
141	0	5
142	2	3
143	0	4
144	0	7
145	0	2
146	2	5
147	0	4
148	1	4
150	0	6
151	0	5
152	4	4
153	0	2
154	1	3
155	0	5
156	3	5
157	1	5
158	2	3
159	0	4
160	0	5
161	3	5
162	0	6
163	0	8
164	0	6
165	0	5
166	1	7
167	0	3
168	2	7
169	2	5
170	1	9
171	0	5
172	0	8
173	0	8
174	0	7
175	0	3
176	1	8
177	0	4
178	0	8
179	1	8
180	1	3
181	2	7
182	2	6
183	0	6
184	0	2
185	0	9
186	1	3
187	0	7
188	0	8
189	1	5
190	0	5
191	2	6
192	1	6
193	0	4
194	1	7
195	0	1
196	1	4
197	1	6
198	1	4
199	0	3
200	0	7
201	0	4
202	1	10
203	1	6
204	1	4
205	2	6
206	0	6
207	0	5
208	0	9
209	0	6
210	0	7
211	1	8
212	2	9
213	2	4
214	3	3
215	0	5
216	0	4
217	0	3
218	0	3
219	0	2
220	0	9
221	0	6
222	1	2
223	1	6
224	0	7
225	0	4
226	0	6
227	1	6
228	1	2
229	0	3
230	0	9
231	1	2
232	1	3
233	0	3
234	2	4
235	0	6
236	2	2
237	1	2
238	1	3
239	0	3
240	1	5
241	1	2
242	0	1
243	1	4
244	1	7
245	5	3
246	5	9
247	2	4
248	1	5
249	5	9
250	2	5
251	4	3
252	6	5
253	6	6
254	5	6
255	6	3
256	1	6
257	3	5
258	4	6
259	2	6
260	11	1
261	4	4
262	4	5
263	6	8
264	2	8
265	0	3
266	1	4
267	3	12
268	2	5
269	1	5
270	1	7
271	4	7
272	3	5
273	0	3
274	1	3
275	2	5
276	1	5
277	0	2
278	0	4
279	1	5
280	1	4
281	2	4
282	4	9
283	3	7
284	6	3
285	9	4
286	1	3
287	0	6
288	0	5
289	2	2
290	0	4
291	1	4
292	1	9
293	2	4
294	2	6
295	3	5
296	0	3
297	0	5
298	2	7
299	1	9
300	0	4
301	3	2
302	5	2
303	2	7
304	1	5
305	2	8
306	2	8
307	1	8
308	3	14
309	0	7
310	0	9
311	3	6
312	0	2
313	0	4
314	3	7
315	1	9
316	3	6
317	1	5
318	2	3
319	0	7
320	0	7
321	1	5
322	4	3
323	2	6
324	1	8
325	1	6
326	1	9
327	2	7
328	6	5
329	3	11
330	4	4
331	1	4
332	5	8
333	1	5
334	0	6
335	0	8
336	1	5
337	1	9
338	1	7
339	0	5
340	1	5
341	0	7
342	2	7
343	0	9
344	0	3
345	0	5
346	0	4
347	0	10
348	1	2
349	0	6
350	0	6
351	0	4
352	2	2
353	1	4
354	2	6
355	0	3
356	0	3
357	0	8
358	0	1
359	0	3
360	1	6
361	0	8
362	0	2
364	0	5
365	0	4
366	0	4
367	3	5
368	1	6
369	0	8
370	1	6
371	0	5
372	0	4
373	0	4
374	0	1
375	1	4
376	0	7
377	0	3
378	1	3
379	0	4
380	1	4
381	0	5
382	0	5
383	1	6
384	0	4
385	1	9
386	2	6
387	0	14
388	1	5
389	2	6
390	1	2
391	0	9
392	2	5
393	1	4
394	0	7
395	1	4
396	1	6
397	1	5
398	0	4
399	0	7
400	0	3
401	1	4
402	0	3
403	1	3
404	1	4
405	1	5
406	1	11
407	2	6
408	0	9
409	1	6
410	1	7
411	1	10
412	0	7
413	0	4
414	0	6
415	1	4
416	0	8
417	1	9
418	0	2
419	0	4
420	0	8
421	1	4
422	1	4
423	0	6
424	2	4
425	0	7
426	2	5
427	0	3
428	2	3
429	0	6
430	0	5
431	1	2
432	2	4
434	0	3
435	0	8
436	0	2
437	0	4
438	1	5
439	4	10
440	1	9
441	1	2
442	2	3
443	0	6
444	1	3
445	1	4
446	0	11
447	0	5
448	1	6
449	0	6
450	3	6
451	1	9
452	0	2
453	0	8
454	0	4
455	1	7
456	0	4
457	0	5
458	1	5
459	0	4
460	1	4
461	0	10
462	0	6
463	1	6
464	1	3
465	0	4
466	0	7
467	0	4
468	1	8
469	0	9
470	0	4
471	0	5
472	0	2
473	1	5
474	0	7
475	0	9
476	1	10
477	1	2
478	1	5
479	0	4
480	0	7
481	0	4
482	0	5
483	0	4
484	1	1
485	3	5
486	0	10
487	1	5
488	0	6
489	0	2
490	0	3
491	1	5
492	0	1
493	0	3
494	1	2
495	1	7
496	0	3
497	0	2
498	0	7
499	4	3
500	1	6
501	0	4
502	1	2
503	3	2
504	0	2
505	1	5
506	0	1
507	0	2
508	0	2
509	0	3
510	0	1
511	0	3
512	0	4
513	0	3
514	0	2
516	1	1
517	0	3
518	1	3
519	1	2
520	1	7
521	0	1
522	1	4
523	0	3
524	1	4
525	0	4
526	0	3
527	2	3
528	0	7
529	2	5
530	1	9
531	0	5
532	0	6
533	0	2
534	0	5
535	2	8
536	1	2
537	0	2
538	0	3
539	1	4
540	0	4
541	2	5
542	0	4
543	0	2
544	3	6
545	2	2
546	0	5
547	0	6
548	0	4
549	1	6
550	0	5
551	0	8
552	0	6
553	1	2
554	1	1
555	1	2
556	1	4
557	0	2
558	0	3
559	0	10
560	0	5
561	2	3
562	1	2
563	0	5
564	0	1
565	0	1
566	0	5
567	0	3
568	0	3
569	0	3
570	0	8
571	0	4
572	0	3
573	0	4
574	0	6
575	0	4
576	0	4
577	0	5
578	0	4
579	0	4
580	1	3
581	0	6
582	0	5
583	2	7
584	2	5
585	1	3
586	0	2
587	0	7
588	1	4
589	0	2
590	1	5
591	0	4
592	0	4
594	0	5
595	1	4
596	0	3
597	1	7
598	0	3
599	1	4
600	0	5
601	1	5
602	0	1
603	0	10
604	0	6
605	2	8
606	0	5
607	0	8
608	4	4
609	1	7
610	1	11
611	1	4
612	0	2
613	0	9
614	0	6
615	1	3
616	0	4
617	0	4
618	0	4
619	0	8
620	1	2
621	3	10
622	1	3
623	0	5
624	2	3
625	0	3
626	2	3
627	0	4
628	2	7
629	1	5
630	0	3
631	1	6
632	2	3
633	1	5
634	0	3
635	0	6
636	0	6
637	0	7
638	0	3
639	0	6
640	1	3
641	1	1
642	1	5
643	1	7
644	0	9
645	2	3
646	3	7
647	1	7
648	2	4
649	0	4
650	0	2
651	0	9
652	1	1
653	1	4
654	0	10
655	0	5
656	1	5
657	1	8
658	0	7
659	0	6
660	2	2
661	1	7
662	1	4
663	0	6
664	0	7
665	1	8
666	1	7
667	1	1
668	2	3
669	0	4
670	0	6
671	2	8
672	0	2
673	0	6
674	0	4
675	1	6
676	0	5
677	1	6
678	0	6
679	1	4
680	0	3
681	0	7
682	1	10
683	0	10
684	0	3
685	1	4
686	0	4
687	0	3
688	1	2
689	0	6
690	1	8
691	0	6
692	1	3
693	3	2
694	0	4
695	2	2
696	2	3
697	0	4
698	1	5
699	0	1
700	0	3
701	0	5
702	2	6
703	1	5
704	0	4
705	1	3
706	0	12
707	0	3
708	1	6
709	0	5
710	1	5
711	0	2
712	0	5
713	0	4
714	0	8
715	1	4
716	1	3
717	2	6
718	0	2
719	3	3
720	0	2
721	0	5
722	0	1
723	0	7
724	0	3
725	1	6
726	0	4
727	1	8
728	0	3
729	0	5
730	2	3
731	1	9
732	0	3
733	0	3
734	3	2
735	0	6
736	2	5
737	0	6
738	1	2
739	0	5
740	0	1
741	0	3
742	0	7
743	2	6
744	0	4
745	1	2
746	0	7
747	0	2
748	0	6
749	0	3
750	0	6
751	0	3
752	0	4
753	1	2
754	2	4
755	2	0
756	0	2
757	0	5
758	0	6
759	0	4
760	1	6
761	0	1
762	0	4
763	1	0
764	2	1
765	2	9
766	1	3
767	0	7
768	0	1
769	0	2
770	1	4
771	1	7
772	0	4
773	0	5
774	2	4
775	1	1
776	0	6
777	0	5
778	0	1
779	0	5
780	1	3
781	1	4
782	0	5
783	0	2
784	0	4
785	0	4
786	1	5
787	1	6
788	1	3
789	0	4
790	0	6
791	0	5
792	0	4
793	0	4
794	1	3
795	0	5
796	0	8
797	1	5
798	0	3
799	1	5
800	1	4
801	0	7
802	1	3
803	0	3
804	2	1
805	1	6
806	1	4
807	1	9
808	2	3
809	0	4
810	2	9
811	2	5
812	0	7
813	0	4
814	1	3
815	1	4
816	0	7
817	1	4
818	0	2
819	1	7
820	0	3
821	1	3
822	0	2
823	0	1
824	0	6
825	1	5
826	1	1
827	1	5
828	0	7
829	1	9
830	0	3
831	0	2
832	2	4
833	0	7
834	0	2
835	3	4
836	1	2
837	1	6
838	0	2
839	0	7
840	1	1
841	0	3
842	1	6
843	0	3
844	1	2
845	0	10
846	0	2
847	1	3
848	0	6
849	0	6
850	1	5
851	1	4
852	1	4
853	0	3
854	2	2
855	0	4
856	1	1
857	0	4
858	0	5
859	0	3
861	2	3
862	1	3
863	2	1
864	0	3
865	0	3
866	0	6
867	0	3
868	0	8
869	0	3
870	2	4
871	1	5
872	0	5
873	0	8
874	0	5
875	0	8
876	0	5
877	0	6
878	0	12
879	1	8
880	1	4
881	3	4
882	0	4
883	2	3
884	0	9
885	0	2
886	0	9
887	0	6
888	0	7
889	0	11
890	2	7
891	0	7
892	1	8
893	0	2
894	0	6
895	1	7
896	1	2
897	1	7
898	0	5
899	1	6
900	0	1
901	0	9
902	1	8
903	0	3
904	0	4
905	0	4
906	0	5
907	2	7
908	1	6
909	1	8
910	0	4
911	0	7
912	0	10
913	1	5
914	1	4
915	1	5
916	0	8
917	0	3
918	0	9
919	1	2
920	1	6
921	0	6
922	0	4
923	2	4
924	0	4
925	0	11
926	2	10
927	0	3
928	1	8
929	0	1
930	0	7
931	1	9
932	1	7
933	1	5
934	1	7
935	1	3
936	1	5
937	0	11
938	0	4
939	1	3
940	0	5
941	1	7
942	0	9
943	1	3
944	1	5
945	0	3
946	0	7
947	0	5
948	0	4
949	1	6
950	0	7
951	0	3
952	1	2
953	0	5
954	0	2
955	1	4
956	0	3
957	1	7
958	0	3
959	1	3
960	0	7
961	0	5
962	1	7
963	1	5
964	0	7
965	1	7
966	0	8
967	3	4
968	0	6
969	0	6
970	1	7
971	0	4
972	2	6
973	0	5
974	2	5
975	2	5
976	0	6
977	2	5
978	1	3
979	2	3
980	2	10
981	0	5
982	0	7
983	0	4
984	0	3
985	0	5
986	1	5
987	0	6
988	1	14
989	2	3
990	0	6
991	3	4
992	0	8
993	1	5
994	2	2
995	1	4
996	0	5
997	1	4
998	0	4
999	1	5
1000	1	4
1001	0	8
1002	0	5
1003	2	4
1004	0	4
1005	0	9
1006	1	6
1007	0	5
1008	1	4
1009	0	3
1010	1	2
1011	0	5
1012	0	10
1013	1	3
1014	0	4
1015	0	7
1016	1	3
1017	0	3
1018	1	3
1019	1	10
1020	0	6
1021	1	4
1022	0	2
1023	1	5
1024	0	3
1025	1	7
1026	0	3
1027	0	9
1028	0	5
1029	0	3
1030	0	12
1031	1	6
1032	0	5
1033	1	3
1034	0	2
1035	1	3
1036	2	3
1037	0	5
1038	0	4
1039	1	10
1040	0	5
1041	1	3
1042	0	4
1043	0	3
1044	1	8
1045	1	3
1046	0	5
1047	1	7
1048	0	3
1049	0	5
1050	0	2
1051	0	6
1052	0	5
1053	0	8
1054	0	5
1055	0	3
1056	0	2
1057	0	4
1058	2	7
1059	0	6
1060	0	8
1061	1	4
1062	0	2
1063	0	3
1064	1	4
1065	1	7
1066	0	4
1067	1	6
1068	1	3
1069	0	3
1070	1	7
1071	1	5
1072	2	1
1073	0	6
1074	1	2
1075	1	0
1076	0	5
1077	2	0
1078	2	3
1079	1	8
1080	1	5
1081	0	5
1082	0	4
1083	2	1
1084	0	1
1085	1	2
1086	2	3
1087	0	7
1088	2	2
1089	0	4
1090	0	3
1091	1	4
1092	0	8
1093	0	6
1094	0	2
1095	0	5
1096	1	3
1097	0	5
1098	0	5
1099	1	6
1100	0	9
1101	0	2
1102	0	5
1103	0	4
1104	1	3
1105	2	3
1106	0	2
1107	0	5
1109	0	2
1110	0	9
1111	0	3
1112	0	3
1113	0	4
1114	1	6
1115	0	4
1116	1	7
1117	0	3
1118	0	5
1119	0	6
1120	0	7
1121	2	11
1122	2	5
1123	1	5
1124	0	4
1125	0	5
1126	0	3
1127	1	1
1128	1	3
1129	1	7
1130	0	6
1131	0	7
1132	0	3
1133	0	6
1134	2	5
1135	0	3
1136	0	6
1137	0	3
1138	0	4
1139	1	3
1140	0	2
1141	0	5
1142	1	5
1143	1	1
1144	1	3
1145	0	5
1146	1	5
1148	0	3
1149	1	3
1150	2	3
1152	1	2
1153	0	1
1154	0	4
1155	1	1
1156	1	1
1157	0	4
1158	0	2
1159	1	4
1160	0	6
1161	2	2
1162	1	2
1163	1	8
1164	0	4
1165	1	6
1166	0	2
1167	0	3
1168	0	1
1169	0	6
1170	1	3
1171	0	4
1172	0	6
1173	0	4
1174	2	4
1175	1	3
1176	1	3
1177	0	8
1178	1	3
1179	0	5
1180	1	7
1181	0	5
1182	0	4
1183	1	5
1184	0	4
1185	3	5
1186	1	3
1187	1	3
1188	0	8
1189	0	4
1190	0	3
1191	0	4
1192	0	6
1193	0	3
1194	2	7
1195	0	9
1196	0	5
1197	0	3
1198	3	5
1199	0	7
1200	0	6
1201	1	5
1202	0	7
1203	1	3
1204	0	1
1205	0	4
1206	0	3
1207	0	2
1208	0	4
1209	0	1
1210	1	2
1211	1	3
1212	2	7
1213	0	5
1214	1	2
1215	1	4
1216	0	5
1217	0	1
1218	0	1
1219	0	2
1220	0	3
1221	0	5
1222	0	2
1223	0	2
1224	0	1
1225	0	7
1226	3	3
1227	1	3
1228	0	3
1229	0	3
1230	0	1
1231	1	2
1232	1	1
1233	0	6
1234	2	3
1235	1	1
1236	1	2
1237	0	4
1238	0	1
1239	0	3
1240	3	4
1242	0	5
1243	0	5
1244	1	9
1245	0	4
1246	0	9
1247	1	3
1248	1	4
1249	1	4
1250	0	3
1251	0	5
1252	0	1
1253	0	2
1254	0	5
1255	2	3
1256	1	3
1257	1	5
1258	0	3
1259	0	7
1260	1	3
1261	0	3
1262	2	6
1263	0	13
1264	1	6
1265	0	5
1266	0	4
1267	0	7
1268	0	2
1269	2	6
1270	0	7
1271	1	6
1272	0	3
1273	1	5
1274	0	6
1275	2	5
1276	2	6
1277	0	4
1278	0	5
1279	1	5
1280	0	8
1281	0	10
1282	1	5
1283	0	8
1284	1	5
1285	0	7
1286	1	1
1287	0	3
1288	1	4
1289	3	4
1290	0	8
1291	0	6
1292	1	6
1293	0	12
1294	1	5
1295	1	3
1296	2	10
1297	0	4
1298	0	9
1299	2	5
1300	0	5
1301	2	2
1302	1	5
1303	0	8
1304	1	2
1305	2	5
1306	0	2
1307	0	6
1308	0	7
1309	0	6
1310	1	6
1311	0	6
1312	1	7
1313	0	7
1314	0	3
1315	0	5
1316	1	5
1317	0	6
1318	0	4
1319	0	4
1320	0	5
1321	0	3
1322	0	5
1323	1	7
1324	0	10
1325	0	4
1326	0	7
1327	0	4
1328	0	2
1329	1	6
1330	0	5
1331	1	3
1332	0	9
1333	0	4
1334	0	3
1335	2	3
1336	0	4
1337	1	6
1338	2	1
1339	0	3
1340	4	3
1341	0	4
1342	0	6
1343	0	5
1344	0	3
1345	0	3
1346	1	7
1347	2	6
1348	0	6
1349	1	4
1350	0	5
1351	1	4
1352	0	7
1353	2	9
1354	0	4
1355	1	3
1356	0	1
1357	1	3
1358	2	4
1359	1	0
1360	0	4
1361	0	2
1362	0	4
1363	0	5
1364	1	4
1365	1	3
1366	0	3
1367	0	19
1368	1	7
1369	0	3
1370	0	3
1371	1	7
1372	0	8
1373	3	2
1374	1	5
1375	1	7
1376	0	2
1377	2	3
1378	1	5
1379	2	5
1380	0	6
1381	1	4
1382	1	4
1383	1	6
1384	3	3
1385	1	2
1386	0	6
1387	0	3
1388	0	4
1389	1	6
1390	1	1
1391	0	5
1392	1	4
1394	0	5
1395	0	5
1396	1	5
1397	0	4
1398	4	2
1399	0	3
1400	2	4
1401	0	4
1402	1	6
1403	1	4
1404	0	6
1405	0	4
1406	0	4
1407	1	2
1408	0	2
1409	0	2
1410	0	6
1411	1	6
1412	0	5
1413	1	9
1414	1	8
1415	1	2
1416	0	6
1417	1	6
1418	2	6
1419	0	12
1420	0	8
1421	0	8
1422	0	3
1423	0	6
1424	1	6
1425	0	3
1426	0	7
1427	2	7
1428	0	7
1429	2	2
1430	1	5
1431	0	13
1432	0	2
1433	1	10
1434	1	3
1435	0	5
1436	0	10
1437	0	5
1438	0	2
1439	0	9
1440	0	7
1441	0	9
1442	3	7
1443	0	7
1444	1	6
1445	1	3
1446	1	6
1447	0	2
1448	0	4
1449	0	10
1450	1	6
1451	1	7
1452	0	5
1453	0	8
1454	0	3
1455	1	7
1456	0	4
1457	0	3
1458	0	6
1459	1	5
1460	0	7
1461	1	7
1462	0	5
1463	0	2
1464	0	3
1465	0	7
1466	0	3
1467	0	3
1468	0	1
1469	0	5
1470	0	1
1471	1	3
1472	0	10
1473	0	2
1474	0	6
1475	0	4
1476	0	3
1477	0	8
1478	0	2
1479	0	1
1480	0	9
1481	1	15
1482	1	5
1483	0	6
1484	1	7
1485	1	4
1486	0	5
1487	1	5
1488	0	11
1489	0	1
1490	0	4
1491	0	5
1492	0	5
1493	0	3
1494	0	6
1495	2	6
1496	0	6
1497	0	4
1498	0	1
1499	0	2
1500	0	7
1501	1	9
1502	0	5
1503	0	1
1504	1	8
1505	0	13
1506	1	11
1507	1	8
1508	1	9
1509	1	4
1510	1	6
1511	1	7
1512	0	9
1513	2	2
1514	1	3
1515	0	7
1516	0	8
1517	0	6
1518	0	3
1519	1	5
1520	1	6
1521	0	5
1522	0	7
1523	0	6
1524	1	8
1525	1	8
1526	1	6
1527	0	5
1528	1	4
1529	0	12
1530	0	9
1531	0	3
1532	1	12
1533	1	9
1534	2	4
1535	0	2
1536	2	4
1537	1	2
1538	2	5
1539	1	8
1540	1	2
1541	1	8
1542	1	8
1543	0	8
1544	0	5
1545	1	4
1546	2	3
1547	2	2
1549	2	1
1550	0	1
1551	0	1
1552	1	0
1556	0	1
1557	1	0
1560	0	1
1561	0	2
1562	2	0
1563	0	3
1566	0	2
1567	0	1
1569	0	2
1570	0	1
1573	1	0
1576	0	2
1577	2	1
1578	0	2
1580	0	1
1581	0	2
1583	0	2
1585	0	1
1586	1	1
1587	2	1
1589	1	2
1590	1	0
1591	0	3
1592	1	2
1593	1	0
1595	0	1
1596	1	1
1597	1	0
1598	1	0
1599	0	1
1600	0	1
1603	1	0
1604	1	0
1605	1	0
1606	0	2
1609	6	0
1610	1	2
1614	0	1
1616	1	0
1617	0	1
1619	0	1
1620	1	1
1621	0	1
1622	1	2
1624	0	1
1625	0	1
1627	0	1
1628	1	1
1629	0	1
1630	1	0
1632	0	1
1633	1	0
1634	0	1
1635	0	1
1636	0	3
1638	1	0
1640	1	1
1641	0	1
1642	0	1
1643	0	4
1645	1	0
1646	0	1
1647	0	1
1648	0	3
1649	1	0
1650	1	1
1651	0	3
1652	0	1
1653	0	1
1655	1	0
1656	0	4
1657	1	2
1658	0	6
1659	0	4
1660	0	4
1661	0	5
1662	1	3
1663	0	1
1664	1	1
1665	0	5
1666	0	4
1667	0	1
1668	1	5
1669	0	2
1670	1	4
1671	1	1
1672	2	2
1673	0	4
1674	0	3
1675	0	8
1676	1	5
1677	1	2
1678	1	5
1679	0	1
1680	0	1
1681	0	1
1682	0	2
1683	0	7
1684	1	3
1685	0	3
1686	1	5
1687	1	8
1688	0	5
1689	0	7
1690	0	10
1691	0	2
1692	5	0
1693	0	10
1694	0	7
1695	0	8
1696	0	3
1697	0	4
1698	2	8
1699	1	8
1700	0	5
1701	0	5
1702	0	2
1703	0	5
1704	0	3
1705	0	10
1706	1	2
1707	0	3
1708	0	1
1709	0	6
1710	0	4
1711	0	4
1712	0	4
1713	0	5
1715	1	6
1716	2	3
1717	2	2
1718	0	2
1719	3	4
1720	0	7
1721	0	2
1722	0	4
1723	0	5
1724	0	3
1725	1	4
1726	0	3
1727	0	2
1728	0	6
1729	0	3
1730	0	6
1731	0	1
1732	1	2
1733	0	6
1734	1	2
1735	1	3
1736	0	4
1737	0	5
1738	2	5
1739	0	2
1740	0	7
1741	0	2
1742	1	4
1743	2	4
1744	0	3
1745	2	2
1746	1	6
1747	0	4
1748	1	2
1749	0	3
1750	0	5
1751	1	5
1752	1	4
1753	2	6
1754	1	3
1755	0	3
1756	3	7
1757	2	2
1758	1	9
1759	0	5
1760	0	4
1761	2	4
1762	0	3
1763	0	5
1764	1	7
1765	1	3
1766	0	6
1767	3	3
1768	0	3
1769	1	5
1770	1	7
1771	1	5
1772	0	5
1773	1	5
1774	1	7
1775	3	4
1776	0	10
1777	0	5
1778	0	7
1779	1	4
1780	1	7
1781	0	2
1782	2	10
1783	0	7
1784	0	2
1785	1	5
1786	0	2
1787	2	4
1788	1	8
1789	0	5
1790	0	4
1791	0	6
1792	1	4
1793	0	3
1794	2	4
1795	0	6
1796	1	5
1797	1	10
1798	1	4
1799	0	7
1800	1	1
1801	1	5
1802	1	3
1803	2	0
1804	1	5
1805	1	4
1806	0	3
1807	1	3
1808	0	2
1809	0	7
1810	1	4
1811	0	5
1812	1	12
1813	0	7
1814	0	8
1815	1	3
1816	1	8
1817	0	5
1818	1	9
1819	1	4
1820	1	8
1821	0	4
1822	1	4
1823	1	1
1824	0	9
1825	0	3
1826	0	3
1827	0	5
1828	2	6
1829	0	4
1830	0	3
1831	0	7
1832	0	1
1833	1	5
1834	0	2
1835	1	3
1836	0	5
1837	2	7
1838	0	1
1839	0	4
1840	1	4
1841	0	4
1842	1	6
1843	1	10
1844	2	7
1846	0	6
1847	1	2
1848	0	5
1849	0	2
1850	0	2
1851	0	4
1852	0	1
1854	0	5
1855	1	7
1856	0	5
1857	0	7
1858	3	4
1859	1	4
1860	0	7
1861	0	7
1862	1	3
1863	1	0
1864	0	7
1865	0	3
1866	0	7
1867	1	5
1868	0	4
1869	3	2
1870	0	3
1871	1	5
1872	0	5
1873	2	5
1874	2	4
1875	2	8
1876	1	2
1877	1	7
1878	0	3
1879	0	5
1880	1	2
1881	0	7
1882	1	6
1883	1	4
1884	0	3
1885	0	6
1886	2	7
1887	2	3
1888	0	2
1889	0	4
1890	2	1
1891	0	1
1892	0	3
1893	1	8
1894	4	7
1895	1	6
1896	0	8
1897	0	1
1898	3	1
1899	1	5
1900	0	3
1901	1	8
1902	0	2
1903	0	8
1904	0	8
1905	0	2
1906	1	0
1907	0	3
1908	0	4
1909	2	6
1910	2	11
1911	0	4
1912	0	2
1913	0	1
1914	0	2
1915	0	4
1916	0	5
1917	2	3
1918	2	4
1919	1	2
1920	0	3
1921	1	2
1922	1	1
1923	0	5
1924	1	4
1925	0	5
1926	2	7
1927	0	5
1928	0	7
1929	1	3
1930	1	7
1931	0	2
1932	0	3
1933	0	4
1934	0	3
1935	1	5
1936	0	2
1937	0	5
1938	0	1
1939	1	1
1940	0	4
1941	2	3
1942	0	1
1943	1	6
1944	1	4
1945	1	6
1946	0	2
1947	0	4
1948	0	1
1949	0	4
1950	1	2
1951	0	1
1952	1	3
1953	0	1
1954	0	4
1955	2	1
1956	0	4
1957	0	7
1958	1	4
1959	1	3
1960	1	5
1961	1	4
1962	0	3
1963	0	4
1964	0	6
1965	2	2
1966	0	4
1967	0	3
1968	0	4
1969	0	6
1970	0	7
1971	1	2
1972	1	3
1973	0	4
1974	0	4
1975	0	3
1976	1	6
1977	1	2
1978	1	10
1979	1	1
1980	0	6
1981	0	3
1982	0	3
1983	1	3
1984	1	2
1985	0	1
1986	0	5
1987	4	4
1988	2	2
1989	1	3
1990	0	1
1991	0	5
1992	2	3
1993	0	3
1994	0	5
1995	8	4
1996	0	7
1997	0	4
1998	1	2
1999	0	10
2000	0	5
2001	0	3
2002	0	2
2003	0	11
2004	1	5
2005	0	7
2006	0	2
2007	1	8
2008	3	8
2009	4	5
2010	1	6
2011	0	3
2012	1	6
2013	1	6
2014	0	5
2015	2	2
2016	0	4
2017	0	3
2018	1	4
2019	0	9
2020	0	5
2021	1	8
2022	0	6
2023	2	5
2024	0	4
2025	1	8
2026	1	3
2027	1	8
2028	1	3
2029	2	8
2030	1	3
2031	0	3
2032	0	4
2033	1	12
2034	2	7
2035	0	5
2036	1	5
2037	1	5
2038	1	4
2039	1	2
2040	0	3
2041	5	2
2042	3	7
2043	2	5
2044	0	8
2045	1	1
2046	0	11
2047	1	5
2048	0	5
2049	1	4
2050	0	4
2051	0	3
2052	0	4
2053	0	8
2054	0	9
2055	0	8
2056	1	4
2057	0	10
2058	1	3
2059	3	3
2060	2	8
2061	0	4
2062	0	3
2063	1	9
2064	0	5
2065	0	3
2066	0	9
2067	0	4
2068	2	5
2069	2	2
2070	1	3
2071	0	8
2072	0	7
2073	1	6
2074	0	6
2075	0	8
2076	0	7
2077	0	8
2078	0	10
2079	0	8
2080	0	5
2081	1	4
2082	0	7
2083	1	3
2084	1	6
2085	3	5
2086	0	7
2087	0	5
2088	0	4
2089	1	5
2090	3	7
2091	0	6
2092	1	3
2093	1	5
2094	1	6
2095	0	10
2096	1	5
2097	0	5
2098	0	13
2099	1	9
2100	0	2
2101	2	4
2102	2	4
2103	0	5
2104	1	3
2105	0	4
2106	2	5
2107	2	10
2108	0	8
2109	2	6
2110	0	5
2111	0	2
2112	0	5
2113	0	7
2114	2	9
2115	2	3
2116	3	1
2117	0	7
2118	0	9
2119	0	6
2120	0	6
2121	0	7
2122	2	9
2123	0	8
2124	1	7
2125	0	7
2126	1	5
2127	3	9
2128	0	7
2129	0	6
2130	0	4
2131	1	3
2132	0	8
2133	0	2
2134	0	3
2135	0	2
2136	1	2
2137	0	7
2138	0	1
2139	0	4
2140	0	2
2141	1	4
2143	0	4
2144	0	5
2145	0	4
2146	0	5
2147	0	5
2148	1	3
2149	0	5
2150	0	2
2151	1	6
2152	0	2
2153	0	3
2154	1	3
2155	0	6
2156	0	5
2157	1	1
2158	0	3
2159	0	3
2160	0	3
2161	1	3
2162	0	8
2163	0	4
2164	1	5
2165	0	4
2166	0	3
2167	0	2
2168	2	6
2169	0	5
2170	1	3
2171	2	3
2172	0	2
2173	1	3
2174	0	2
2175	0	4
2176	0	3
2177	0	4
2178	1	4
2179	1	5
2180	1	3
2181	0	6
2182	0	4
2183	0	3
2184	0	3
2185	1	2
2186	1	6
2187	0	5
2188	0	5
2189	1	4
2190	0	6
2191	1	1
2192	0	2
2193	0	8
2194	0	7
2195	0	3
2196	0	9
2197	1	3
2198	1	8
2199	3	7
2200	0	5
2201	1	5
2202	0	6
2203	1	6
2204	1	4
2205	0	5
2206	1	6
2207	1	2
2208	0	4
2209	0	4
2210	2	3
2211	0	3
2212	0	3
2213	0	7
2214	0	5
2215	0	5
2216	1	3
2217	0	4
2218	0	2
2219	0	5
2220	1	4
2221	1	8
2222	0	3
2223	1	3
2224	0	6
2225	1	6
2226	0	6
2227	1	4
2228	0	3
2229	1	4
2230	1	4
2231	0	3
2232	0	5
2233	0	4
2234	0	4
2235	0	6
2236	0	6
2237	0	3
2238	1	7
2239	2	3
2240	2	6
2241	1	3
2242	0	4
2243	0	5
2244	0	3
2245	0	2
2246	0	6
2247	2	6
2248	1	5
2249	0	3
2250	0	2
2251	2	2
2252	0	5
2253	0	6
2254	0	6
2255	0	10
2256	0	2
2257	1	2
2258	1	4
2259	0	4
2260	0	6
2261	1	2
2262	2	4
2263	0	5
2264	1	1
2265	2	1
2266	4	2
2267	0	5
2268	0	7
2269	0	3
2270	0	2
2271	0	4
2272	1	2
2273	1	6
2274	0	6
2275	0	4
2276	0	6
2277	1	7
2278	1	2
2279	0	4
2280	0	4
2281	0	4
2282	0	5
2283	2	3
2284	1	4
2285	1	3
2286	1	3
2287	0	4
2289	0	8
2290	0	3
2291	0	2
2292	0	4
2293	1	8
2294	1	5
2295	0	4
2296	0	3
2297	0	1
2298	0	9
2299	0	1
2300	0	2
2301	0	6
2302	0	3
2303	1	4
2304	1	8
2305	0	5
2306	0	3
2307	0	2
2308	0	2
2309	0	6
2310	1	3
2311	0	6
2312	1	4
2313	0	4
2314	0	4
2315	0	5
2316	2	5
2317	0	3
2318	1	4
2319	0	6
2320	1	2
2321	0	5
2322	0	5
2323	0	9
2324	0	4
2325	0	6
2326	0	4
2327	0	3
2328	1	3
2329	2	4
2330	1	6
2331	0	7
2332	0	4
2333	1	2
2334	0	5
2335	0	3
2336	0	6
2337	1	7
2338	1	2
2339	1	5
2340	0	7
2341	2	6
2342	2	5
2343	1	3
2344	1	6
2345	2	4
2346	1	6
2347	1	3
2348	0	7
2349	0	5
2350	1	2
2351	1	4
2352	0	3
2353	1	2
2354	1	4
2355	0	4
2356	0	4
2357	0	5
2358	5	4
2359	0	7
2360	0	4
2361	1	5
2362	0	4
2363	1	4
2364	0	2
2365	2	5
2366	3	9
2367	0	2
2368	0	4
2369	0	8
2370	0	6
2371	0	6
2372	3	4
2373	7	4
2374	1	9
2375	0	6
2376	1	4
2377	2	6
2378	1	8
2379	0	10
2380	0	2
2381	0	6
2382	0	10
2383	1	4
2384	0	5
2385	0	4
2386	0	7
2387	1	5
2388	0	6
2389	1	3
2390	0	10
2391	0	7
2392	0	6
2393	1	6
2394	0	5
2395	0	4
2396	0	5
2397	0	4
2398	0	5
2399	0	3
2400	2	5
2401	1	5
2402	0	6
2403	0	7
2404	0	2
2405	0	8
2406	0	5
2407	1	6
2408	1	5
2409	1	5
2410	1	4
2411	0	7
2412	0	5
2413	0	8
2414	0	2
2415	0	5
2416	0	7
2417	1	2
2418	4	6
2419	1	11
2420	0	6
2421	2	8
2422	0	4
2423	0	8
2424	2	8
2425	3	8
2426	2	11
2427	0	2
2428	0	6
2429	1	3
2430	1	10
2431	0	7
2432	0	8
2433	4	8
2434	2	12
2435	0	7
2436	1	6
2437	0	6
2438	2	9
2439	0	7
2440	0	5
2441	1	9
2442	0	1
2443	0	9
2444	2	4
2445	0	8
2446	1	4
2447	0	5
2448	1	5
2449	1	2
2450	0	6
2451	0	3
2452	0	5
2453	0	3
2454	1	3
2455	0	5
2456	0	4
2457	0	3
2458	1	7
2459	0	3
2460	0	2
2461	1	3
2462	1	4
2463	1	10
2464	1	5
2465	0	4
2466	0	10
2467	0	6
2468	0	4
2469	0	7
2470	0	7
2471	0	4
2472	0	4
2473	0	8
2474	1	4
2475	0	2
2476	0	2
2477	1	7
2478	2	3
2479	0	4
2480	1	6
2481	0	3
2482	0	4
2483	0	8
2484	2	6
2485	0	3
2486	6	7
2487	0	3
2488	0	10
2489	0	4
2490	1	6
2491	1	3
2492	0	4
2493	0	6
2494	1	3
2495	1	5
2496	0	4
2497	0	5
2498	0	6
2499	1	2
2500	1	5
2501	2	8
2502	0	2
2503	1	2
2504	0	7
2505	0	5
2506	2	7
2507	5	4
2508	3	7
2509	0	6
2510	0	2
2511	0	4
2512	1	3
2513	1	4
2514	1	4
2515	0	3
2516	1	6
2517	0	3
2518	0	6
2519	0	2
2520	2	7
2521	1	6
2522	1	5
2523	0	5
2524	0	5
2525	0	6
2526	0	5
2527	2	6
2528	2	5
2529	0	8
2530	2	2
2531	1	6
2532	0	4
2533	0	3
2534	3	4
2535	1	3
2536	0	2
2537	0	3
2538	5	10
2539	0	4
2540	1	2
2541	2	9
2542	0	7
2543	2	1
2544	1	3
2545	0	3
2546	0	3
2547	1	5
2548	1	3
2549	0	6
2550	0	8
2551	0	2
2552	0	5
2553	1	2
2554	0	3
2555	0	3
2556	0	8
2557	0	5
2558	1	10
2559	0	7
2560	1	4
2561	2	7
2562	1	3
2563	1	4
2564	2	3
2565	0	7
2566	0	7
2567	0	5
2568	0	5
2569	0	4
2570	0	6
2571	2	7
2572	1	3
2573	1	4
2574	1	7
2575	0	3
2576	0	7
2577	1	10
2578	0	3
2579	1	4
2580	0	2
2581	2	6
2582	0	6
2583	2	5
2584	2	6
2585	2	7
2586	0	6
2587	1	3
2588	0	4
2589	0	3
2590	1	3
2592	2	5
2593	1	5
2595	2	7
2596	1	9
2597	1	4
2598	1	5
2599	2	3
2600	0	3
2601	1	0
2602	2	5
2603	0	1
2604	4	1
2605	2	9
2606	0	7
2607	1	4
2608	0	8
2609	2	5
2610	0	4
2611	1	4
2612	0	5
2613	1	4
2614	1	4
2615	1	5
2616	0	4
2617	0	4
2618	0	6
2619	1	8
2620	0	4
2621	1	7
2622	1	3
2623	1	4
2624	0	2
2625	1	5
2626	0	3
2627	0	4
2628	0	10
2629	0	5
2630	0	3
2631	0	6
2632	2	3
2633	0	5
2634	2	8
2635	0	5
2636	0	10
2637	1	3
2638	5	3
2639	1	0
2640	0	4
2641	1	5
2642	1	3
2643	0	3
2644	0	4
2645	0	7
2646	0	7
2647	0	2
2648	0	3
2649	1	3
2650	1	3
2651	0	4
2652	1	8
2653	0	2
2654	0	5
2655	0	2
2656	0	1
2657	0	4
2658	0	3
2659	0	4
2660	0	3
2661	2	5
2662	0	12
2663	0	5
2664	1	2
2665	0	4
2666	1	4
2667	1	8
2668	0	5
2669	0	4
2670	1	3
2671	0	7
2672	0	5
2673	0	11
2674	0	6
2675	0	7
2676	2	2
2677	0	6
2678	0	2
2679	0	5
2680	1	3
2681	1	3
2682	0	2
2683	0	5
2684	0	5
2685	0	8
2686	1	12
2687	2	5
2688	1	12
2689	1	11
2690	0	6
2691	2	2
2692	0	6
2693	0	5
2694	0	6
2695	0	13
2696	1	7
2697	1	6
2698	1	7
2699	0	3
2700	1	5
2701	0	4
2702	2	8
2703	0	6
2704	2	9
2705	2	5
2706	0	7
2707	4	11
2708	0	8
2709	3	4
2710	2	13
2711	0	11
2712	1	4
2713	0	8
2714	0	3
2715	0	3
2716	1	5
2717	0	5
2718	1	5
2719	1	5
2720	1	7
2721	1	4
2722	2	8
2723	0	6
2724	2	5
2725	2	2
2726	0	5
2727	1	4
2728	0	4
2729	1	3
2730	0	1
2731	0	7
2732	0	1
2733	2	4
2734	1	4
2735	0	2
2736	0	1
2737	2	4
2738	0	1
2739	0	4
2740	1	1
2741	0	1
2742	0	5
2743	1	5
2744	3	5
2745	0	3
2746	0	12
2747	0	5
2748	0	7
2749	0	4
2750	1	8
2751	1	6
2752	1	5
2753	1	6
2754	0	5
2755	0	8
2756	0	3
2757	1	1
2758	0	5
2759	0	3
2760	0	3
2761	1	6
2762	0	2
2763	0	3
2764	1	4
2765	0	4
2766	1	9
2767	0	5
2768	1	3
2769	0	8
2770	0	3
2771	1	4
2773	1	2
2774	1	3
2775	0	11
2776	1	3
2777	0	2
2778	1	2
2779	0	6
2780	3	7
2781	2	4
2782	1	5
2783	1	5
2784	0	4
2785	0	9
2786	0	3
2787	1	5
2788	0	6
2789	2	4
2790	0	3
2791	3	6
2792	1	6
2793	1	0
2794	0	2
2795	2	4
2796	0	4
2797	1	13
2798	1	4
2799	0	3
2800	1	4
2801	0	7
2802	1	5
2803	1	6
2804	0	4
2805	2	6
2806	1	5
2807	0	3
2808	0	4
2809	4	4
2810	3	2
2811	0	4
2812	0	3
2813	1	6
2814	0	5
2815	2	3
2816	1	5
2817	0	7
2818	2	7
2819	0	4
2820	2	3
2821	0	6
2822	0	4
2823	0	4
2824	1	10
2825	1	7
2826	0	2
2827	1	0
2828	1	4
2829	1	5
2830	0	5
2831	0	6
2832	0	6
2833	0	12
2834	0	7
2835	1	7
2836	2	3
2837	0	5
2838	0	1
2839	0	8
2840	0	4
2841	0	1
2842	0	6
2843	4	3
2844	0	5
2845	0	6
2846	1	0
2847	0	3
2848	1	2
2849	0	11
2850	1	5
2851	0	4
2852	0	4
2853	1	3
2854	1	7
2855	0	6
2856	2	2
2857	1	2
2858	0	4
2859	0	1
2860	2	5
2861	2	7
2862	0	3
2863	0	4
2864	1	5
2865	2	1
2866	0	2
2867	0	5
2868	1	9
2869	1	6
2870	0	3
2871	1	5
2872	1	5
2873	0	5
2874	0	1
2875	0	4
2876	0	5
2877	0	1
2878	1	4
2879	1	6
2880	0	4
2881	0	3
2882	1	3
2883	0	3
2884	0	7
2885	0	8
2886	1	4
2887	1	1
2888	0	1
2889	0	3
2890	2	6
2891	0	3
2892	1	2
2893	0	6
2894	0	4
2895	0	5
2896	2	4
2897	0	7
2898	0	6
2899	1	4
2900	0	4
2901	1	6
2902	0	3
2903	1	5
2904	0	2
2905	3	2
2906	0	7
2907	0	8
2908	0	3
2909	0	10
2910	1	5
2911	0	9
2912	2	4
2913	1	4
2914	0	3
2915	0	5
2916	0	1
2917	1	4
2918	1	4
2919	0	6
2920	1	1
2921	0	3
2922	0	5
2923	0	1
2924	0	6
2925	0	7
2926	1	6
2927	0	2
2928	0	5
2929	2	1
2930	0	4
2931	0	5
2932	0	8
2933	2	4
2934	1	3
2935	0	3
2936	1	5
2937	3	6
2938	0	5
2939	1	3
2940	0	2
2941	1	6
2942	0	5
2943	2	3
2944	0	4
2945	1	5
2946	0	6
2947	1	1
2948	0	7
2949	1	1
2950	0	3
2951	1	7
2952	0	3
2953	1	3
2954	1	1
2955	1	3
2956	0	4
2957	0	6
2958	0	3
2959	1	4
2960	0	9
2961	1	4
2962	1	5
2963	2	4
2964	0	6
2965	1	1
2966	1	5
2967	0	4
2968	4	1
2969	1	6
2970	0	2
2971	1	3
2972	2	5
2973	0	3
2974	0	6
2975	0	7
2976	0	4
2977	0	4
2978	1	4
2979	0	11
2980	1	7
2981	2	4
2982	2	6
2983	0	5
2984	0	5
2985	0	6
2986	0	4
2987	1	4
2988	0	4
2989	0	2
2990	1	0
2991	0	3
2992	0	3
2993	1	7
2994	0	3
2995	0	3
2996	0	8
2997	0	5
2998	1	6
2999	0	3
3000	1	1
3001	1	3
3002	1	6
3003	1	3
3004	1	7
3005	0	5
3006	2	2
3007	0	1
3008	0	7
3009	0	3
3010	1	7
3011	0	5
3012	0	7
3013	0	5
3014	0	4
3015	0	3
3016	2	3
3017	1	5
3018	0	1
3019	0	6
3020	1	4
3021	1	4
3023	0	3
3024	0	5
3025	0	3
3026	1	5
3027	0	6
3028	0	2
3029	0	5
3030	0	3
3031	0	6
3032	0	2
3033	2	2
3034	0	1
3035	1	4
3036	0	7
3037	0	9
3038	0	2
3039	1	3
3040	1	7
3041	1	4
3042	1	3
3043	1	0
3044	0	3
3045	0	3
3046	0	4
3047	0	4
3048	1	2
3049	0	9
3050	0	1
3051	0	4
3052	0	5
3053	1	5
3054	0	2
3055	1	5
3056	0	6
3057	0	5
3058	0	9
3059	0	2
3060	0	2
3061	0	8
3062	1	4
3063	0	2
3064	1	4
3065	1	5
3066	2	1
3067	0	3
3068	0	6
3069	1	7
3070	0	6
3071	0	9
3072	0	8
3073	1	6
3074	1	7
3075	0	11
3076	1	3
3077	1	4
3078	0	3
3079	0	8
3080	0	7
3081	1	8
3082	0	5
3083	0	9
3084	0	8
3085	0	16
3086	1	6
3087	3	11
3088	0	8
3089	0	4
3090	2	7
3091	1	6
3092	0	10
3093	0	11
3094	1	9
3095	2	4
3096	0	5
3097	0	6
3098	1	9
3099	0	1
3100	0	6
3101	1	9
3102	0	3
3103	0	4
3104	2	6
3105	0	6
3106	1	4
3107	0	6
3108	2	5
3109	1	8
3110	1	7
3111	0	6
3112	0	6
3113	1	3
3114	1	5
3115	0	9
3116	0	2
3117	0	7
3118	1	6
3119	1	3
3120	0	5
3121	1	2
3122	0	5
3123	2	8
3124	1	3
3125	2	5
3126	1	5
3127	0	7
3128	1	5
3129	2	5
3130	0	12
3131	0	7
3132	0	4
3133	1	7
3134	0	6
3135	2	5
3136	1	3
3137	1	6
3138	0	4
3139	0	3
3140	0	6
3141	0	6
3142	1	12
3143	0	8
3144	0	4
3145	0	5
3146	0	4
3147	1	6
3148	0	7
3149	0	7
3150	0	12
3151	1	4
3152	0	1
3153	0	7
3154	0	9
3155	0	7
3156	0	6
3157	1	3
3158	0	3
3159	1	4
3160	0	4
3161	0	5
3162	0	3
3163	1	7
3164	1	6
3165	0	7
3166	2	4
3167	0	9
3168	0	9
3169	0	4
3170	0	4
3171	0	4
3172	1	8
3173	0	7
3174	0	3
3175	1	8
3176	2	7
3177	0	9
3178	1	6
3179	0	7
3180	1	4
3181	0	5
3182	0	11
3183	1	3
3184	0	7
3185	0	8
3186	1	5
3187	0	7
3188	1	4
3189	1	3
3190	1	4
3191	0	2
3192	1	8
3193	0	4
3194	1	3
3195	1	2
3196	0	4
3197	0	4
3198	1	2
3199	2	6
3200	0	5
3201	0	3
3202	0	2
3203	0	3
3204	0	5
3205	1	5
3206	2	4
3207	0	6
3208	0	4
3209	1	3
3210	0	5
3211	0	5
3212	0	5
3213	1	3
3214	0	3
3215	1	8
3216	0	6
3217	0	5
3218	0	4
3219	2	5
3220	1	5
3221	0	2
3222	1	2
3223	0	3
3224	1	5
3225	1	5
3226	0	2
3227	0	4
3228	0	2
3229	0	2
3230	0	3
3231	1	6
3232	1	10
3233	0	3
3234	0	9
3235	1	10
3236	0	10
3237	1	7
3238	0	3
3239	0	3
3240	0	4
3241	1	7
3242	1	5
3243	1	7
3244	0	7
3245	0	7
3246	0	11
3247	1	9
3248	0	7
3249	1	7
3250	0	6
3251	0	11
3252	0	7
3253	0	9
3254	1	10
3255	0	7
3256	0	1
3257	0	6
3258	0	4
3259	4	4
3260	0	5
3261	0	3
3262	1	4
3263	0	5
3264	1	3
3265	0	7
3266	0	4
3267	1	3
3269	1	6
3270	0	7
3271	0	6
3272	0	1
3273	0	4
3274	1	8
3275	1	8
3276	0	6
3277	0	6
3278	0	6
3279	0	1
3280	0	5
3281	0	6
3282	0	5
3283	1	3
3284	0	4
3285	0	5
3286	1	6
3287	1	4
3288	0	6
3289	1	6
3290	1	8
3291	1	6
3292	1	8
3293	0	5
3294	1	8
3295	0	5
3296	0	7
3297	0	4
3298	0	7
3299	0	7
3300	0	7
3301	1	2
3302	1	10
3303	1	6
3304	0	6
3305	0	3
3306	0	7
3307	0	5
3308	0	7
3309	0	10
3310	1	9
3311	2	6
3312	0	9
3313	1	10
3314	1	9
3315	0	8
3316	0	7
3317	0	5
3318	0	9
3319	0	5
3320	0	8
3321	1	5
3322	0	12
3323	0	7
3324	1	6
3325	0	9
3326	1	5
3327	0	5
3328	0	6
3329	1	5
3330	0	3
3331	2	3
3332	1	5
3333	0	2
3334	0	5
3335	1	2
3336	1	4
3337	2	5
3338	0	6
3339	0	4
3340	0	4
3341	0	4
3342	1	0
3343	0	4
3344	0	4
3345	0	1
3346	1	2
3347	3	9
3348	1	6
3349	1	4
3350	0	5
3351	0	5
3352	0	9
3353	0	5
3354	0	4
3355	0	5
3356	0	1
3357	2	6
3358	0	3
3359	2	5
3360	0	8
3361	0	4
3362	2	8
3363	2	5
3364	0	5
3365	0	12
3366	0	13
3367	1	7
3368	0	8
3369	0	10
3370	0	4
3371	3	9
3372	0	3
3373	0	10
3374	0	4
3375	1	6
3376	1	3
3377	0	3
3378	1	2
3379	0	4
3380	0	5
3381	0	4
3382	0	3
3383	0	4
3384	1	1
3385	3	6
3386	1	6
3387	0	3
3388	1	1
3389	0	4
3390	0	6
3391	2	5
3392	1	2
3393	0	5
3394	0	5
3395	0	5
3396	1	4
3397	2	4
3398	0	3
3399	0	2
3400	1	4
3401	0	3
3402	0	4
3403	0	5
3404	0	2
3405	0	5
3406	0	2
3407	0	3
3408	0	3
3409	1	1
3410	1	7
3411	0	7
3412	2	8
3413	0	4
3415	1	4
3416	1	1
3417	0	4
3418	0	2
3419	0	3
3420	0	4
3421	0	3
3422	0	2
3423	0	2
3424	0	2
3425	1	4
3426	1	2
3427	1	7
3428	0	4
3429	3	5
3430	0	3
3431	0	6
3432	0	4
3433	0	6
3434	0	5
3435	2	2
3436	2	0
3437	0	4
3438	0	3
3439	1	1
3440	1	3
3441	0	5
3442	1	4
3443	0	6
3444	0	5
3445	0	2
3446	1	3
3447	0	5
3448	1	4
3449	2	3
3450	1	4
3451	1	4
3452	2	5
3453	0	6
3454	0	2
3455	0	4
3456	0	1
3457	0	5
3458	0	1
3460	0	2
3461	5	6
3462	3	6
3463	0	1
3464	0	1
3465	1	7
3466	0	5
3467	0	4
3468	0	3
3469	2	2
3470	1	3
3471	2	7
3472	1	6
3473	0	2
3474	1	2
3475	0	7
3476	0	4
3477	1	4
3478	1	3
3479	0	3
3480	0	5
3481	0	2
3482	1	5
3483	0	3
3484	0	4
3485	0	3
3486	0	4
3487	0	6
3488	3	2
3489	0	5
3490	1	6
3491	1	2
3492	0	2
3493	0	5
3495	0	5
3496	0	4
3497	0	6
3498	0	7
3499	1	1
3500	1	6
3501	1	3
3502	0	6
3503	0	5
3504	0	3
3505	1	0
3506	0	2
3507	0	2
3508	0	6
3509	0	5
3510	0	6
3511	0	4
3512	1	3
3513	0	7
3514	2	3
3515	0	5
3516	0	4
3517	2	6
3518	2	7
3519	1	1
3520	1	3
3521	0	4
3522	1	4
3523	0	6
3524	0	2
3525	1	3
3526	0	6
3527	0	5
3528	0	5
3529	0	1
3530	1	6
3531	0	5
3532	0	5
3533	1	3
3534	0	3
3535	0	3
3536	0	5
3537	0	2
3538	0	2
3539	2	5
3540	0	3
3541	1	6
3542	0	2
3543	1	5
3544	0	5
3545	0	4
3546	0	1
3547	2	5
3548	0	3
3549	0	5
3550	1	3
3551	0	5
3552	0	5
3553	0	5
3554	1	1
3555	1	8
3556	0	1
3557	0	7
3558	1	3
3559	1	4
3560	0	7
3561	1	7
3562	0	6
3563	0	4
3564	1	1
3565	0	5
3566	0	2
3567	1	6
3568	1	5
3569	0	5
3570	0	8
3571	0	5
3572	0	5
3573	4	10
3574	1	11
3575	0	6
3576	0	7
3577	0	5
3578	0	8
3579	2	2
3580	3	4
3581	0	6
3582	0	5
3583	0	5
3584	1	1
3585	0	5
3586	0	4
3587	1	3
3588	2	3
3589	0	3
3590	0	6
3591	0	3
3592	0	5
3593	2	7
3594	1	6
3595	0	3
3596	0	2
3597	0	3
3598	0	5
3599	1	5
3600	0	1
3601	1	5
3602	0	1
3603	0	2
3604	3	8
3605	0	3
3606	0	2
3607	0	5
3608	0	7
3609	2	5
3610	1	6
3611	1	2
3612	2	3
3613	1	4
3614	0	2
3615	3	3
3616	1	6
3617	0	4
3618	2	5
3619	2	2
3620	2	3
3621	1	5
3622	3	4
3623	2	6
3624	0	3
3625	1	0
3626	0	3
3627	0	5
3628	0	3
3629	0	5
3630	0	8
3631	0	5
3632	0	6
3633	1	7
3634	0	4
3635	0	8
3636	0	2
3637	0	7
3638	0	3
3639	0	4
3640	2	2
3641	1	1
3642	0	4
3643	0	2
3644	0	3
3645	0	5
3646	2	4
3647	0	5
3648	0	3
3649	1	1
3650	1	3
3651	2	1
3652	1	1
3653	0	2
3654	0	5
3655	3	3
3656	0	4
3657	0	4
3658	0	4
3659	0	7
3660	1	2
3661	1	3
3662	0	3
3663	0	7
3664	0	3
3665	1	4
3666	0	3
3667	0	3
3668	0	2
3669	1	5
3670	0	3
3671	0	3
3672	1	2
3673	0	1
3674	2	5
3675	1	3
3676	1	5
3677	1	9
3678	0	4
3679	0	2
3680	2	2
3681	0	15
3682	1	4
3683	1	6
3684	0	5
3685	0	8
3686	0	8
3687	0	7
3688	2	11
3689	4	5
3690	0	6
3691	0	9
3692	1	4
3693	3	2
3694	0	3
3695	0	3
3696	0	5
3697	0	5
3698	0	3
3699	0	8
3700	1	4
3701	2	3
3702	1	4
3703	0	6
3704	2	1
3705	0	4
3706	1	4
3707	1	9
3708	0	5
3709	0	6
3710	2	5
3711	5	6
3712	0	5
3713	0	6
3714	0	2
3715	0	4
3716	1	3
3717	1	2
3718	2	4
3719	0	3
3720	0	11
3721	0	6
3722	0	3
3723	0	1
3724	1	3
3725	0	9
3726	1	9
3727	0	3
3728	1	4
3729	1	7
3730	0	2
3731	1	1
3732	1	7
3733	0	7
3734	1	3
3735	2	6
3736	0	8
3737	0	3
3738	0	5
3739	1	3
3740	0	4
3741	0	3
3742	1	4
3743	1	3
3744	2	3
3745	0	2
3746	0	1
3747	0	4
3748	0	5
3749	0	4
3750	0	5
3751	0	4
3752	2	3
3753	0	6
3754	0	3
3755	1	4
3756	1	2
3757	0	6
3758	0	4
3759	2	3
3760	0	2
3761	0	4
3762	2	5
3763	1	2
3764	0	1
3765	1	2
3766	1	7
3767	0	5
3768	3	3
3769	0	3
3770	0	6
3771	0	7
3772	0	5
3773	0	5
3774	0	4
3775	0	4
3776	0	3
3777	0	11
3778	0	3
3779	0	5
3780	0	5
3781	1	6
3782	1	8
3783	1	8
3784	0	4
3785	0	7
3786	0	4
3787	0	4
3788	0	8
3789	0	4
3790	0	5
3791	0	5
3792	1	5
3793	0	3
3794	0	7
3795	0	8
3796	0	7
3797	1	3
3798	1	4
3799	0	6
3800	1	3
3801	0	3
3802	1	5
3803	1	4
3804	0	4
3805	0	2
3806	0	2
3807	0	4
3808	2	3
3809	0	2
3810	0	4
3811	1	4
3812	0	5
3813	1	5
3814	1	5
3815	0	2
3816	1	5
3817	0	3
3818	2	4
3820	0	3
3821	0	2
3822	2	2
3823	0	5
3824	0	5
3825	1	6
3826	0	8
3827	1	3
3828	0	1
3829	1	7
3830	2	10
3831	0	8
3833	0	1
3834	0	5
3835	0	4
3836	1	3
3837	0	6
3838	0	2
3839	1	2
3840	0	3
3841	0	3
3842	0	4
3843	0	9
3844	0	4
3845	0	7
3846	2	4
3847	1	9
3848	1	5
3849	1	5
3850	1	7
3851	0	7
3852	1	4
3853	0	3
3854	0	2
3855	0	7
3856	2	6
3858	0	4
3859	0	7
3860	0	9
3861	0	8
3862	1	3
3863	0	3
3864	0	1
3865	1	4
3866	1	3
3867	1	7
3868	1	9
3869	1	7
3870	1	5
3871	0	5
3872	2	7
3873	0	3
3874	1	2
3875	0	3
3876	1	3
3877	1	8
3878	1	2
3879	0	11
3880	1	7
3881	0	4
3882	1	3
3883	4	6
3884	1	8
3885	1	7
3886	1	5
3887	0	3
3888	1	4
3889	0	9
3890	0	8
3891	0	10
3892	1	6
3893	0	5
3894	0	4
3895	1	3
3896	1	3
3897	0	12
3898	0	7
3899	3	5
3900	0	4
3901	0	5
3902	0	3
3903	0	6
3904	0	4
3905	3	2
3906	1	6
3907	1	3
3908	2	4
3909	0	9
3910	0	6
3911	1	6
3912	0	6
3913	0	6
3914	0	4
3915	0	4
3916	0	5
3917	1	4
3918	1	7
3919	0	14
3920	0	6
3921	0	4
3922	1	5
3923	0	9
3924	0	6
3925	0	9
3926	0	3
3927	1	15
3928	0	6
3929	0	8
3930	0	7
3931	0	3
3932	1	3
3933	0	5
3934	1	5
3935	1	1
3936	0	3
3937	1	5
3938	2	4
3939	2	6
3940	0	4
3941	0	6
3942	0	4
3943	2	2
3944	0	2
3945	0	2
3946	0	3
3947	0	5
3948	0	7
3949	1	8
3950	0	1
3951	0	6
3952	1	5
3953	1	2
3954	1	3
3955	0	9
3956	1	4
3957	0	7
3958	0	7
3959	1	9
3960	0	5
3961	0	7
3962	0	3
3963	0	3
3964	0	3
3965	1	10
3966	0	5
3967	0	3
3968	0	4
3969	1	4
3970	1	5
3971	1	7
3972	1	4
3974	0	1
3975	0	3
3976	0	4
3977	1	5
3978	1	1
3979	0	4
3980	1	2
3981	0	2
3982	0	7
3983	1	6
3984	0	3
3985	1	2
3986	0	5
3987	3	5
3988	1	4
3989	0	8
3990	0	7
3991	0	6
3992	0	3
3993	0	4
3994	0	1
3995	0	6
3996	0	3
3997	0	7
3998	1	6
3999	2	5
4000	1	4
4001	0	4
4002	0	8
4003	0	6
4004	1	6
4005	1	10
4006	0	1
4007	0	3
4008	1	5
4009	0	7
4010	0	1
4011	3	4
4012	0	1
4013	1	6
4014	1	2
4015	0	9
4016	0	2
4017	3	8
4018	0	7
4019	0	2
4020	2	6
4021	0	4
4022	1	3
4023	0	4
4024	2	7
4025	1	2
4026	0	5
4027	0	6
4028	1	6
4029	0	7
4030	0	7
4031	0	5
4032	1	5
4033	2	8
4034	0	1
4035	0	5
4036	0	5
4037	0	9
4038	2	7
4039	1	3
4040	0	2
4041	0	2
4042	0	3
4043	0	3
4044	1	3
4045	0	3
4046	1	5
4047	1	4
4048	0	5
4050	1	9
4051	0	2
4052	1	4
4053	1	6
4054	1	2
4055	1	3
4056	1	7
4057	0	3
4058	0	5
4059	1	4
4060	0	10
4061	0	3
4062	2	6
4063	1	8
4064	0	8
4065	0	5
4066	0	5
4067	2	6
4068	0	7
4069	0	2
4071	1	4
4072	0	5
4073	0	4
4074	0	6
4075	1	2
4076	1	3
4077	0	13
4078	2	10
4079	0	7
4080	1	5
4081	0	7
4082	0	2
4083	0	7
4084	1	5
4085	1	3
4086	0	8
4087	0	3
4088	1	4
4089	0	1
4090	1	2
4091	1	7
4092	0	3
4093	0	4
4094	1	4
4095	0	1
4096	2	3
4097	0	3
4098	0	5
4099	0	2
4101	0	5
4102	1	0
4103	2	4
4104	0	6
4105	1	3
4106	0	5
4107	2	5
4108	1	2
4109	0	6
4110	1	4
4111	0	2
4112	1	3
4113	0	6
4114	0	3
4115	1	5
4116	0	2
4117	0	5
4118	1	5
4119	0	2
4120	1	3
4121	0	3
4122	2	2
4123	2	9
4124	0	6
4125	1	6
4126	1	6
4127	0	8
4128	0	7
4129	1	4
4130	0	9
4131	1	5
4132	2	4
4133	1	4
4134	1	5
4135	1	7
4136	1	5
4137	2	4
4138	2	3
4139	0	1
4140	2	5
4141	1	4
4142	0	5
4143	1	3
4144	0	4
4145	1	3
4146	0	6
4147	0	9
4148	1	6
4149	0	3
4150	1	6
4152	1	2
4153	0	4
4154	0	5
4155	0	6
4156	0	7
4157	0	1
4158	0	1
4159	1	8
4160	0	8
4161	1	7
4162	0	2
4163	0	3
4164	0	7
4165	0	1
4166	0	4
4167	0	3
4168	1	2
4169	1	7
4170	2	4
4171	0	1
4172	0	4
4173	0	7
4174	0	4
4175	0	2
4176	0	5
4177	1	4
4178	0	2
4179	0	5
4180	1	1
4181	0	3
4182	1	2
4183	2	4
4184	0	4
4185	3	1
4186	1	7
4187	1	7
4188	0	8
4189	0	5
4190	1	3
4191	0	9
4192	0	2
4193	1	6
4194	2	5
4195	1	3
4196	1	6
4197	1	8
4198	3	4
4199	0	6
4200	0	5
4201	1	7
4202	0	7
4203	0	6
4204	0	2
4205	0	8
4206	2	4
4207	1	6
4208	2	3
4210	0	2
4211	0	5
4212	1	1
4213	0	3
4214	1	4
4215	0	3
4216	0	4
4217	0	4
4218	0	3
4219	1	4
4220	2	5
4221	0	2
4222	1	1
4223	1	5
4224	2	5
4225	0	8
4226	0	10
4227	0	5
4228	2	7
4229	0	6
4230	0	5
4231	1	7
4232	0	3
4233	1	10
4234	3	5
4235	1	3
4236	1	8
4237	1	9
4238	0	10
4239	0	3
4240	1	8
4241	0	7
4242	1	4
4243	0	3
4244	0	6
4245	0	6
4246	0	7
4247	1	4
4248	0	17
4249	1	3
4250	0	10
4251	1	5
4252	0	6
4253	0	4
4254	0	9
4255	0	9
4256	0	4
4257	0	8
4258	0	4
4259	1	7
4260	0	8
4261	2	6
4262	0	7
4263	0	5
4264	0	2
4265	1	5
4266	1	2
4267	1	5
4268	0	6
4269	0	3
4270	1	4
4271	0	2
4272	0	5
4273	0	2
4274	1	3
4275	0	3
4276	0	4
4277	0	5
4278	1	3
4279	0	10
4280	2	9
4281	0	5
4282	2	6
4283	0	3
4284	1	6
4285	0	3
4286	0	2
4287	0	3
4288	0	2
4289	0	7
4290	0	6
4291	0	3
4292	0	8
4293	0	1
4294	0	3
4295	0	7
4296	0	12
4297	0	7
4298	0	4
4299	0	5
4300	0	6
4301	0	2
4302	0	7
4303	0	1
4304	1	5
4305	0	4
4306	1	3
4307	1	4
4309	0	7
4310	1	3
4311	0	7
4312	0	9
4313	2	7
4314	1	4
4315	1	2
4316	0	4
4317	0	2
4318	0	7
4319	1	4
4320	0	10
4321	1	3
4322	1	3
4323	0	2
4324	1	3
4325	0	2
4326	3	6
4327	0	4
4328	4	5
4329	1	3
4330	1	5
4331	0	4
4332	0	3
4333	0	3
4334	1	5
4335	0	5
4336	0	3
4337	0	6
4338	1	4
4339	0	2
4340	0	6
4341	1	3
4342	1	8
4343	0	6
4344	4	4
4345	4	2
4346	1	6
4347	0	7
4348	0	3
4349	0	6
4350	0	2
4351	0	2
4352	0	6
4353	1	11
4354	0	2
4355	0	3
4356	0	1
4357	0	1
4358	0	3
4359	1	4
4360	0	3
4361	0	2
4362	0	5
4363	1	3
4364	0	10
4365	0	1
4366	2	3
4367	0	1
4368	0	7
4369	0	7
4370	1	5
4371	1	4
4372	1	5
4373	0	5
4374	0	5
4375	0	4
4376	0	5
4377	2	5
4378	0	2
4379	0	10
4380	1	7
4381	1	1
4382	1	6
4383	2	8
4384	2	2
4385	0	5
4386	1	1
4387	0	6
4388	1	7
4389	0	2
4390	1	5
4391	1	3
4392	1	2
4393	0	5
4394	0	5
4395	0	4
4396	0	8
4397	0	5
4398	1	0
4399	1	6
4400	0	2
4401	0	4
4402	1	5
4403	0	5
4404	0	5
4405	1	1
4406	0	6
4407	1	2
4408	0	1
4409	0	3
4410	0	3
4411	1	8
4412	0	6
4413	1	5
4414	1	4
4415	0	5
4416	1	6
4417	0	1
4418	0	8
4419	0	10
4420	1	2
4421	0	9
4422	0	3
4423	1	5
4424	0	2
4425	0	2
4426	1	6
4427	0	8
4428	1	6
4429	2	5
4430	0	2
4431	0	6
4432	1	5
4433	0	12
4434	0	8
4435	1	2
4436	1	4
4437	0	6
4438	0	5
4439	0	4
4440	0	4
4441	4	4
4442	1	5
4443	0	2
4444	0	2
4445	0	2
4446	0	7
4447	1	1
4448	0	5
4449	0	2
4450	1	8
4451	1	1
4452	0	2
4453	0	9
4454	1	10
4455	0	4
4456	0	6
4457	0	6
4458	0	8
4459	1	9
4460	0	6
4461	1	3
4462	0	3
4463	0	5
4464	0	4
4465	0	6
4466	0	7
4467	0	7
4468	1	9
4469	0	12
4470	2	2
4471	1	7
4472	2	4
4473	0	7
4474	0	6
4475	0	7
4476	0	9
4477	1	7
4478	1	6
4479	0	4
4480	0	9
4481	1	10
4482	1	6
4483	0	5
4484	0	3
4485	0	7
4486	0	4
4487	1	1
4488	3	5
4489	3	3
4490	0	4
4491	1	3
4492	0	11
4493	2	5
4494	0	2
4495	0	7
4496	0	3
4497	1	7
4498	0	1
4499	1	9
4500	0	6
4501	0	9
4502	1	2
4503	0	8
4504	2	3
4505	0	8
4506	1	4
4507	1	5
4508	0	5
4509	1	9
4510	1	6
4511	0	2
4512	2	4
4513	1	7
4514	0	6
4515	0	7
4516	3	6
4517	1	12
4518	0	10
4519	1	6
4520	1	9
4521	1	10
4522	1	6
4523	0	3
4524	0	7
4525	0	7
4526	0	5
4527	1	3
4528	1	4
4529	0	5
4530	4	6
4531	0	3
4532	1	4
4533	0	2
4534	0	7
4535	1	1
4536	0	4
4537	1	3
4538	2	12
4539	1	4
4540	1	2
4541	0	5
4542	1	6
4543	0	2
4544	0	5
4545	0	4
4546	0	3
4547	0	6
4548	0	9
4549	0	7
4550	0	1
4551	1	7
4552	2	4
4553	0	5
4554	0	4
4556	0	6
4557	0	6
4559	0	2
4560	1	2
4561	1	4
4562	0	2
4563	0	8
4564	1	3
4565	0	5
4566	2	3
4567	0	6
4568	0	2
4569	1	2
4570	0	7
4571	0	6
4572	1	7
4573	1	6
4574	1	5
4575	0	3
4576	1	6
4577	0	3
4578	1	4
4579	0	3
4580	0	2
4581	0	5
4582	0	5
4583	1	3
4584	1	7
4585	2	4
4586	0	6
4587	1	2
4588	0	1
4589	1	3
4590	1	4
4591	0	7
4592	0	3
4593	1	3
4594	0	3
4595	1	7
4596	0	2
4597	1	4
4598	1	4
4599	0	2
4600	0	4
4601	0	2
4602	1	1
4603	0	5
4604	0	3
4605	1	3
4606	1	3
4607	0	5
4608	0	6
4609	0	3
4610	1	4
4611	1	3
4612	2	9
4613	0	9
4614	1	3
4615	0	1
4616	0	1
4617	1	4
4618	0	5
4619	1	4
4620	1	7
4621	0	3
4622	1	6
4623	0	3
4624	0	4
4625	1	6
4626	1	3
4627	0	4
4628	0	4
4629	1	5
4630	0	9
4631	0	6
4632	0	3
4633	0	9
4634	2	3
4635	0	7
4636	0	3
4637	0	6
4638	0	5
4639	0	6
4640	0	4
4641	0	4
4642	0	3
4643	0	6
4644	0	4
4645	0	7
4646	0	4
4647	0	1
4648	0	8
4649	3	5
4650	0	4
4651	0	4
4652	0	4
4654	1	3
4655	0	2
4656	1	0
4657	0	5
4658	2	8
4659	1	5
4660	0	3
4661	0	4
4662	0	2
4663	0	3
4664	1	5
4665	0	6
4666	0	4
4667	1	2
4668	0	3
4669	0	7
4670	1	4
4671	0	5
4672	0	6
4673	2	8
4674	0	10
4675	1	7
4676	1	7
4677	0	9
4678	0	13
4679	0	4
4680	0	2
4681	0	3
4682	0	5
4683	0	6
4684	2	0
4685	0	2
4686	0	3
4687	0	3
4688	0	9
4689	1	9
4690	1	13
4691	0	7
4692	0	9
4693	0	3
4694	0	10
4695	0	8
4696	2	4
4697	0	3
4698	1	9
4699	0	3
4700	2	5
4701	0	5
4702	1	2
4703	0	3
4704	1	2
4705	0	7
4706	0	3
4707	0	4
4708	4	8
4709	2	6
4710	2	8
4711	1	6
4712	1	4
4713	1	3
4714	1	2
4715	0	6
4716	0	3
4717	0	9
4718	2	8
4719	1	4
4720	1	4
4721	3	6
4722	1	4
4723	0	2
4724	0	5
4725	1	5
4726	1	5
4727	1	9
4728	2	6
4729	1	13
4730	0	9
4731	1	7
4732	2	8
4733	0	4
4734	0	8
4735	0	7
4736	2	3
4737	1	5
4738	0	5
4739	0	3
4740	1	5
4741	0	9
4742	0	6
4743	1	5
4744	1	7
4745	1	9
4746	0	9
4747	1	5
4748	0	5
4749	1	6
4750	0	6
4751	0	4
4752	1	11
4753	2	7
4754	0	9
4755	0	12
4756	2	4
4757	0	7
4758	2	5
4759	1	4
4760	1	3
4761	0	7
4762	2	5
4763	0	3
4764	0	8
4765	0	5
4766	1	7
4767	1	5
4768	2	2
4769	0	7
4770	1	3
4771	0	4
4772	1	1
4773	0	2
4774	3	1
4775	0	8
4776	1	8
4777	1	4
4778	0	1
4779	1	6
4780	1	8
4781	1	0
4782	0	8
4783	0	2
4784	0	3
4785	0	4
4786	0	3
4787	0	3
4788	0	11
4789	1	5
4790	0	5
4791	1	3
4792	1	6
4793	2	9
4794	1	8
4795	0	5
4796	0	4
4797	0	3
4798	0	5
4799	1	6
4800	0	4
4801	0	5
4802	1	8
4803	1	10
4804	0	7
4805	0	7
4806	1	8
4807	1	8
4808	1	4
4809	0	9
4810	0	4
4811	0	5
4812	1	8
4813	2	6
4814	2	3
4815	0	5
4816	0	3
4817	0	7
4818	2	6
4819	2	7
4820	0	6
4821	0	6
4822	0	2
4823	1	6
4824	0	7
4825	0	9
4826	0	1
4827	0	11
4828	0	8
4829	0	7
4830	1	4
4831	1	4
4832	1	6
4833	1	2
4834	0	7
4835	0	4
4836	1	1
4837	1	4
4838	3	3
4839	2	5
4840	0	3
4841	7	1
4842	0	2
4843	0	5
4844	1	5
4845	2	4
4846	1	4
4848	0	3
4849	1	6
4850	0	5
4851	2	6
4852	1	6
4853	1	0
4854	0	3
4855	1	7
4856	0	6
4857	1	2
4858	0	4
4859	1	4
4860	0	4
4861	0	1
4862	2	6
4863	0	2
4864	0	9
4865	0	4
4866	1	4
4867	1	8
4868	2	4
4869	0	1
4870	2	4
4871	1	4
4872	0	5
4873	1	11
4874	0	4
4875	2	3
4876	0	3
4877	1	5
4878	0	5
4879	0	4
4880	0	4
4881	1	5
4882	0	3
4883	0	5
4884	0	8
4885	0	5
4886	0	3
4887	1	16
4888	0	3
4889	1	2
4890	0	8
4891	0	3
4892	3	4
4893	0	5
4894	0	3
4895	0	7
4896	0	2
4897	0	7
4898	2	4
4899	0	1
4900	1	2
4901	0	4
4902	0	6
4903	1	7
4904	1	5
4905	0	5
4906	1	7
4907	0	2
4908	1	4
4909	0	2
4910	0	3
4911	0	4
4912	1	2
4913	0	7
4914	1	5
4915	1	2
4916	2	5
4917	6	4
4918	0	7
4919	0	4
4920	0	1
4921	2	2
4922	0	5
4923	0	1
4924	1	3
4925	0	4
4926	1	4
4927	2	5
4928	0	1
4929	2	2
4930	0	3
4931	1	2
4932	0	6
4933	0	4
4934	0	2
4935	0	2
4936	3	4
4937	0	3
4938	1	3
4939	0	3
4940	0	6
4941	0	8
4942	0	5
4943	1	3
4944	0	6
4945	1	3
4946	3	5
4947	1	3
4948	0	12
4949	0	9
4950	1	7
4951	0	6
4952	1	4
4953	0	10
4954	1	6
4955	1	7
4956	1	8
4957	0	4
4958	0	4
4959	2	5
4960	0	4
4961	0	9
4962	0	12
4963	0	3
4964	0	7
4965	0	8
4966	2	7
4967	1	9
4968	2	3
4969	0	5
4970	1	11
4971	2	7
4972	2	9
4973	0	7
4974	0	6
4975	1	5
4976	1	3
4977	1	3
4978	1	3
4979	1	4
4980	0	5
4981	0	5
4982	0	6
4983	1	8
4984	0	4
4985	0	6
4986	0	4
4987	0	7
4988	0	5
4989	0	9
4990	0	10
4991	1	11
4992	0	8
4993	0	6
4994	0	6
4995	1	4
4996	0	10
4997	2	9
4998	1	9
4999	1	2
5000	0	4
5001	0	2
5002	1	2
5003	1	2
5004	0	4
5005	1	2
5006	0	7
5007	1	9
5008	0	2
5009	0	6
5010	3	9
5011	0	3
5012	0	3
5013	0	1
5014	0	7
5015	1	9
5016	0	4
5017	0	3
5018	0	4
5019	1	3
5020	0	4
5021	1	8
5022	1	8
5023	2	2
5024	2	12
5025	4	7
5026	1	6
5027	1	6
5028	1	11
5029	1	2
5030	1	6
5031	0	4
5032	0	2
5033	0	4
5034	0	5
5035	3	5
5036	1	4
5037	0	4
5038	0	2
5039	0	4
5040	0	7
5041	1	6
5042	1	3
5043	3	9
5044	4	5
5045	2	4
5046	0	3
5047	1	2
5048	0	4
5049	1	2
5050	3	4
5051	0	6
5052	1	3
5053	0	7
5054	1	5
5055	2	3
5056	5	10
5057	4	9
5058	0	6
5059	0	5
5060	1	4
5061	0	3
5062	0	3
5063	0	3
5064	1	2
5065	2	7
5066	2	5
5067	1	4
5068	0	3
5069	1	1
5070	0	6
5071	0	4
5072	0	1
5073	0	4
5074	0	4
5075	1	6
5076	2	3
5077	1	7
5078	0	6
5079	0	5
5080	0	4
5081	2	3
5082	0	5
5083	0	1
5084	1	1
5085	0	3
5086	1	2
5087	0	3
5088	1	4
5089	1	6
5090	1	1
5091	2	4
5092	1	3
5093	2	6
5094	3	4
5095	1	7
5096	0	4
5097	1	8
5098	2	1
5099	0	4
5100	0	2
5101	0	7
5102	0	6
5103	0	4
5104	0	2
5105	0	4
5106	0	3
5107	0	5
5108	4	1
5109	0	6
5110	0	2
5111	0	5
5112	0	3
5113	0	5
5114	0	4
5115	0	3
5116	0	1
5117	0	8
5118	1	8
5119	0	9
5120	0	9
5121	1	7
5122	1	3
5123	0	9
5124	1	10
5125	1	5
5126	0	4
5127	1	10
5128	0	4
5129	1	4
5130	2	4
5131	1	7
5132	1	10
5133	0	13
5134	0	9
5135	1	10
5136	0	7
5138	0	9
5139	0	2
5140	2	8
5141	0	8
5142	1	6
5143	0	1
5144	0	2
5145	1	5
5146	0	5
5147	0	2
5148	0	7
5149	0	2
5150	1	2
5151	2	7
5152	0	4
5153	1	12
5154	1	4
5155	0	7
5156	2	5
5157	1	9
5158	0	7
5159	2	8
5160	1	3
5161	1	5
5162	0	8
5163	0	15
5164	3	3
5165	1	12
5166	0	9
5167	1	5
5168	6	7
5169	5	4
5170	3	3
5171	2	3
5172	0	6
5173	0	8
5174	1	5
5175	0	8
5176	1	6
5177	0	7
5178	0	6
5179	1	2
5180	0	5
5181	0	5
5182	0	3
5183	1	8
5184	1	10
5185	0	6
5186	0	5
5187	0	4
5188	0	5
5189	0	4
5190	0	4
5191	0	10
5192	0	11
5193	0	3
5194	0	7
5195	1	6
5196	2	7
5197	1	5
5198	0	13
5199	0	13
5200	0	1
5201	1	4
5202	0	3
5203	1	1
5204	0	2
5205	0	3
5206	0	6
5207	1	4
5208	0	1
5209	0	7
5210	0	6
5211	1	10
5212	1	3
5213	0	10
5214	0	5
5215	0	7
5216	1	2
5217	0	1
5218	0	6
5219	0	5
5220	0	6
5221	0	8
5222	4	2
5223	0	5
5224	0	5
5225	2	5
5226	0	2
5227	1	8
5228	2	9
5229	1	5
5230	0	5
5231	0	6
5232	0	10
5233	1	11
5234	1	5
5235	0	7
5236	0	9
5237	0	6
5238	0	7
5239	1	3
5240	2	2
5241	1	6
5242	1	5
5243	0	10
5244	1	8
5245	0	5
5246	1	5
5247	2	4
5248	2	8
5249	1	5
5250	0	6
5251	1	4
5252	0	4
5253	0	11
5254	1	6
5255	2	10
5256	0	4
5257	0	3
5258	0	7
5259	0	5
5260	1	5
5261	0	9
5262	2	7
5263	0	6
5264	0	3
5265	1	7
5266	1	6
5267	1	4
5268	0	5
5269	1	11
5270	0	6
5271	0	7
5272	1	6
5273	4	7
5274	1	8
5275	2	4
5276	0	3
5277	0	6
5278	1	5
5279	0	3
5280	0	5
5281	0	5
5282	0	8
5283	0	4
5284	0	5
5285	0	4
5286	0	5
5287	4	5
5288	2	10
5289	0	6
5290	2	5
5291	0	6
5292	1	5
5293	1	12
5294	1	7
5295	1	5
5296	0	5
5297	0	9
5298	3	6
5299	0	6
5300	1	7
5301	3	3
5302	0	6
5303	1	8
5304	0	5
5305	0	5
5306	0	4
5307	1	12
5308	0	12
5309	0	1
5310	0	5
5311	0	9
5312	0	6
5313	0	6
5314	2	11
5315	3	5
5316	2	4
5317	2	7
5318	1	7
5319	3	2
5320	0	5
5321	0	1
5322	0	2
5323	0	6
5324	0	7
5325	0	5
5326	0	5
5327	1	8
5328	2	3
5329	0	2
5330	0	4
5331	2	5
5332	0	7
5333	0	7
5334	2	9
5335	0	5
5336	2	4
5337	0	7
5338	0	9
5339	1	7
5340	1	3
5341	0	3
5342	0	3
5343	0	8
5344	0	10
5345	1	5
5346	0	2
5347	0	6
5348	1	8
5349	0	4
5350	1	8
5351	0	4
5352	0	6
5353	1	3
5354	1	5
5355	0	6
5356	0	3
5357	0	5
5358	0	3
5359	1	7
5360	0	1
5361	2	8
5362	0	7
5363	1	6
5364	2	7
5365	0	6
5366	0	2
5367	0	13
5368	1	5
5369	1	1
5370	3	3
5371	1	8
5372	0	5
5373	0	10
5374	0	9
5375	0	10
5376	1	4
5377	1	7
5378	0	4
5379	1	6
5380	1	8
5381	0	5
5382	0	5
5383	1	3
5384	0	3
5385	0	2
5386	0	8
5387	0	13
5388	0	5
5389	0	9
5390	1	5
5391	0	7
5392	1	10
5393	1	7
5394	0	8
5395	1	9
5396	2	8
5397	0	9
5398	2	9
5399	0	2
5400	0	3
5401	0	5
5402	1	7
5403	0	5
5404	1	5
5405	0	5
5406	0	2
5407	0	3
5408	0	3
5409	2	9
5410	1	4
5411	0	7
5412	0	9
5413	0	7
5414	1	4
5415	0	5
5416	0	4
5417	0	8
5418	0	11
5419	1	3
5420	1	4
5421	1	7
5422	0	9
5423	2	6
5424	1	16
5425	1	8
5426	0	3
5427	0	6
5428	0	7
5429	0	3
5430	0	8
5431	0	6
5432	0	13
5433	0	3
5434	0	7
5435	1	6
5436	0	6
5437	0	2
5438	0	5
5439	1	6
5440	0	7
5441	0	4
5442	1	3
5443	0	7
5444	1	6
5445	0	4
5446	0	2
5447	0	3
5448	1	6
5449	0	10
5451	0	5
5452	0	8
5453	0	6
5454	0	6
5455	1	10
5456	0	4
5457	1	5
5458	0	6
5459	1	2
5460	0	8
5461	2	6
5462	1	2
5464	0	4
5465	0	3
5466	0	3
5467	0	7
5468	0	1
5469	0	3
5470	1	2
5471	1	5
5472	1	8
5473	0	5
5474	1	5
5475	0	4
5476	0	5
5477	0	6
5478	0	6
5479	1	5
5480	1	4
5481	0	5
5482	1	1
5483	0	7
5484	0	5
5485	1	2
5486	1	6
5487	0	7
5488	3	5
5489	1	9
5490	1	2
5491	0	5
5492	1	11
5493	0	6
5494	1	3
5495	0	5
5496	0	4
5497	0	8
5498	0	5
5499	0	6
5500	1	5
5501	1	9
5502	4	8
5503	0	6
5504	0	6
5505	0	5
5506	0	6
5507	0	1
5508	1	7
5509	2	6
5510	2	8
5511	0	11
5512	1	4
5513	1	5
5514	2	10
5515	1	9
5516	0	8
5517	0	6
5518	1	5
5519	0	3
5520	0	8
5521	0	3
5522	1	3
5524	0	3
5525	1	4
5526	0	4
5527	0	5
5528	0	7
5529	0	8
5530	0	4
5531	1	7
5532	0	5
5533	0	1
5534	0	3
5535	3	9
5536	0	1
5537	0	4
5538	0	1
5539	1	3
5540	1	5
5541	1	4
5542	0	7
5543	0	8
5544	0	6
5545	0	6
5546	0	7
5547	1	6
5548	0	3
5549	0	5
5550	1	7
5551	0	6
5552	0	4
5553	1	3
5554	0	7
5555	0	5
5556	0	3
5557	0	3
5558	1	5
5559	1	7
5560	0	1
5561	0	6
5562	0	8
5563	1	4
5564	0	6
5565	0	5
5566	0	9
5567	0	5
5568	0	4
5569	0	3
5570	1	12
5571	1	8
5572	0	8
5573	1	6
5574	0	5
5575	1	3
5576	1	8
5577	0	8
5578	1	7
5579	0	8
5580	0	7
5581	2	3
5582	0	7
5583	0	8
5584	0	5
5585	0	1
5586	0	1
5587	0	12
5588	1	8
5589	0	3
5590	0	6
5591	0	2
5592	2	4
5593	1	4
5594	0	7
5595	1	11
5596	0	4
5597	0	8
5598	2	5
5599	0	5
5600	0	4
5601	0	10
5602	0	9
5603	0	8
5604	0	6
5605	0	5
5606	0	4
5607	0	5
5608	0	2
5609	0	3
5610	0	8
5611	1	6
5612	0	2
5613	0	5
5614	0	1
5615	0	5
5616	0	6
5617	0	3
5618	1	1
5619	0	8
5620	1	5
5621	0	3
5622	2	3
5623	3	9
5624	0	7
5625	0	3
5626	0	8
5627	0	4
5628	1	5
5629	0	8
5630	1	5
5631	1	5
5632	0	8
5633	0	2
5634	1	3
5635	0	6
5636	0	6
5637	1	6
5638	0	4
5639	0	3
5640	0	4
5641	0	2
5642	1	6
5643	0	3
5644	0	2
5645	0	4
5646	0	6
5647	0	3
5648	0	5
5649	1	6
5650	1	1
5651	0	2
5652	0	6
5653	1	2
5654	1	2
5655	0	7
5656	0	4
5657	0	2
5658	3	4
5659	1	2
5660	1	2
5661	0	3
5662	1	3
5663	0	5
5664	0	2
5665	0	5
5666	0	2
5667	0	8
5668	0	1
5669	0	6
5670	0	7
5671	0	7
5672	1	1
5673	0	3
5674	1	4
5675	0	1
5676	0	7
5677	1	8
5678	0	3
5679	0	2
5680	1	3
5681	1	3
5682	1	5
5683	0	6
5684	0	5
5685	0	6
5686	0	8
5687	0	5
5688	1	8
5689	0	6
5690	2	2
5691	0	2
5692	0	2
5693	0	2
5694	1	3
5695	0	3
5696	0	8
5697	0	3
5698	2	3
5699	3	5
5700	0	4
5701	0	3
5702	2	7
5703	0	3
5704	0	1
5705	1	5
5706	0	3
5707	0	3
5708	0	3
5709	0	7
5710	1	4
5711	3	3
5712	1	5
5713	0	5
5714	1	6
5715	1	3
5716	0	8
5717	0	5
5718	0	9
5719	0	3
5720	0	2
5721	0	4
5722	0	3
5723	1	7
5724	0	8
5725	0	3
5726	1	4
5727	0	8
5728	0	5
5729	0	6
5730	1	9
5731	0	6
5732	2	7
5733	0	6
5734	1	8
5735	0	6
5736	2	5
5737	0	1
5738	2	5
5739	2	10
5740	0	3
5741	0	5
5742	1	8
5743	0	9
5744	1	4
5745	0	5
5746	3	9
5747	0	7
5748	0	7
5749	2	4
5750	0	4
5751	0	2
5752	0	5
5753	0	8
5754	0	7
5755	0	8
5756	0	3
5758	0	5
5759	1	5
5760	0	3
5761	1	7
5762	0	8
5763	0	7
5764	0	6
5765	0	2
5766	0	4
5767	1	3
5768	1	7
5769	0	6
5770	1	5
5771	0	2
5772	0	6
5773	1	4
5774	0	4
5775	0	3
5776	0	4
5777	1	8
5778	0	6
5779	0	10
5780	0	2
5781	1	4
5782	0	10
5783	0	7
5784	2	11
5785	1	4
5786	0	8
5787	4	7
5788	2	7
5789	0	4
5790	0	4
5791	0	5
5792	0	6
5793	0	4
5794	0	9
5795	0	3
5796	0	5
5797	2	4
5798	0	2
5799	0	6
5800	1	6
5801	0	13
5802	0	6
5803	0	7
5804	1	7
5805	1	4
5806	1	11
5807	0	8
5808	1	6
5809	1	5
5810	0	6
5811	1	4
5812	0	3
5813	1	6
5814	1	3
5815	1	7
5816	0	8
5817	1	7
5818	0	2
5819	1	5
5820	0	3
5821	0	8
5822	0	2
5823	1	8
5824	0	7
5825	0	6
5826	0	1
5827	1	7
5828	0	3
5829	0	6
5830	0	2
5831	0	3
5832	0	10
5833	0	4
5834	0	12
5835	1	8
5836	0	6
5837	1	4
5838	0	8
5839	1	3
5840	1	4
5841	2	5
5842	1	5
5843	0	8
5844	1	4
5845	0	4
5846	0	10
5847	0	4
5848	1	2
5849	0	3
5850	1	4
5851	0	6
5852	1	2
5853	0	2
5854	0	3
5855	0	4
5856	0	4
5857	1	1
5858	0	2
5859	0	3
5860	2	4
5861	0	5
5862	0	3
5863	0	7
5864	0	5
5865	1	8
5866	1	8
5867	0	7
5868	0	1
5869	2	7
5870	2	3
5871	1	10
5872	1	5
5873	0	2
5874	1	3
5875	2	3
5876	2	2
5877	0	2
5878	0	7
5879	0	2
5880	0	9
5881	0	2
5882	0	4
5883	0	3
5884	0	5
5885	2	3
5886	1	2
5887	0	7
5888	0	6
5889	0	6
5890	0	5
5891	0	7
5892	2	3
5893	0	2
5894	0	5
5895	1	5
5896	0	2
5897	0	7
5898	0	7
5899	1	3
5900	2	2
5901	0	2
5902	0	5
5903	0	7
5904	2	6
5905	1	4
5906	1	4
5907	0	7
5908	0	1
5909	0	4
5910	2	5
5911	3	5
5912	1	2
5913	0	6
5914	0	2
5915	0	5
5916	1	9
5917	0	3
5918	0	5
5919	1	3
5920	0	8
5921	1	7
5922	2	4
5923	1	8
5924	0	6
5925	1	5
5926	2	2
5927	0	6
5928	0	4
5929	0	4
5930	1	3
5931	0	6
5932	1	7
5933	2	9
5934	0	4
5935	1	2
5936	1	2
5937	0	3
5938	0	4
5939	0	8
5940	0	9
5941	0	3
5942	0	6
5943	0	4
5944	1	3
5945	0	4
5946	0	10
5947	0	4
5948	0	1
5949	0	6
5950	0	7
5951	0	6
5952	1	12
5953	1	0
5954	0	2
5955	0	3
5956	0	5
5957	0	5
5958	0	2
5959	1	3
5960	0	6
5961	0	3
5962	0	1
5963	0	4
5964	0	3
5965	0	6
5966	0	7
5967	3	8
5968	1	8
5969	0	2
5970	2	6
5971	1	3
5972	0	5
5973	0	4
5974	0	6
5975	1	9
5976	0	2
5977	0	5
5978	0	3
5979	0	4
5980	1	3
5981	2	2
5982	2	3
5983	1	7
5984	1	6
5985	0	5
5986	0	1
5987	0	3
5988	1	2
5989	1	6
5990	0	2
5991	0	3
5992	2	4
5993	1	3
5994	0	3
5995	0	4
5996	0	1
5997	0	5
5998	0	3
5999	1	9
6000	0	1
6001	0	3
6002	0	5
6003	0	3
6004	0	4
6005	0	1
6006	1	6
6007	0	3
6008	0	3
6009	0	4
6010	1	3
6011	0	7
6012	1	6
6013	2	5
6014	0	1
6015	0	5
6016	0	6
6017	0	4
6018	0	5
6019	1	2
6020	1	3
6021	1	2
6022	0	4
6023	1	5
6024	1	4
6025	0	6
6026	0	8
6027	0	1
6028	0	4
6029	0	6
6030	1	7
6031	2	10
6032	0	9
6033	2	7
6034	0	7
6035	0	3
6036	0	3
6037	0	5
6038	0	5
6039	0	5
6040	0	2
6041	0	5
6042	1	6
6043	0	2
6044	2	3
6045	0	4
6046	2	3
6047	2	2
6048	1	7
6049	0	5
6050	0	2
6051	0	6
6052	2	1
6053	1	5
6054	0	5
6055	0	10
6056	0	6
6057	0	2
6059	0	2
6060	0	5
6061	0	2
6062	0	7
6063	0	3
6064	0	7
6065	1	8
6066	0	6
6067	1	6
6068	0	3
6069	0	3
6070	0	8
6071	0	5
6072	0	6
6073	1	7
6074	0	6
6075	0	7
6076	0	3
6077	1	5
6078	1	3
6079	0	7
6080	0	4
6081	1	7
6082	0	3
6083	0	5
6084	0	2
6085	1	4
6086	1	3
6087	0	2
6088	1	3
6089	0	2
6090	2	3
6091	0	5
6092	0	5
6093	0	6
6094	0	6
6095	0	2
6096	2	5
6097	1	2
6098	0	1
6099	0	4
6100	0	3
6101	0	7
6102	0	3
6103	0	2
6104	1	1
6105	2	5
6106	0	6
6107	0	4
6108	0	4
6109	0	10
6110	1	2
6111	1	6
6112	1	3
6113	1	2
6114	1	4
6115	1	5
6116	1	6
6117	1	4
6118	0	1
6119	0	7
6120	0	4
6121	1	6
6122	1	5
6123	2	8
6124	2	6
6125	2	4
6126	0	5
6127	0	2
6128	0	5
6129	1	2
6130	1	3
6131	0	7
6132	0	5
6133	2	6
6134	0	4
6135	0	1
6136	0	3
6137	0	2
6138	0	2
6139	1	9
6140	1	7
6141	0	1
6142	0	3
6143	0	7
6144	0	2
6145	1	10
6146	2	1
6147	0	4
6148	0	8
6149	1	5
6150	0	10
6151	0	2
6152	0	1
6153	0	7
6154	1	3
6155	0	6
6156	0	2
6157	1	5
6158	0	4
6159	0	9
6160	0	2
6161	0	3
6162	0	5
6163	1	3
6164	1	3
6165	1	4
6166	0	1
6167	2	0
6168	2	6
6169	0	1
6170	0	4
6171	0	3
6172	0	2
6173	0	2
6174	0	2
6175	0	1
6176	1	4
6177	0	4
6178	2	5
6179	1	4
6180	0	8
6181	0	4
6182	0	4
6183	1	10
6184	0	4
6185	0	6
6186	1	4
6187	0	2
6188	0	5
6189	2	1
6190	1	6
6191	3	4
6192	0	5
6193	0	5
6194	0	3
6195	0	7
6196	1	5
6197	4	7
6198	0	7
6199	0	6
6200	1	3
6201	0	6
6202	1	3
6203	1	3
6204	1	6
6205	3	3
6206	0	2
6207	0	4
6208	0	5
6209	1	1
6210	0	1
6211	1	6
6212	0	3
6213	1	3
6214	0	6
6215	0	1
6216	3	4
6217	0	1
6218	0	3
6219	1	1
6220	0	8
6221	0	3
6222	0	1
6223	0	3
6224	1	8
6225	0	3
6226	0	3
6227	0	7
6228	4	6
6229	0	4
6230	1	5
6231	0	5
6232	0	5
6233	0	6
6234	0	3
6235	0	4
6236	0	2
6237	0	7
6238	1	2
6239	0	10
6240	1	2
6241	0	5
6242	0	5
6243	0	4
6244	0	5
6245	2	12
6246	1	6
6247	0	2
6248	0	5
6249	0	7
6250	0	9
6252	1	6
6253	1	6
6254	2	6
6255	0	6
6256	0	5
6257	0	4
6258	2	5
6259	2	5
6260	1	5
6261	2	2
6262	1	8
6263	1	2
6264	1	3
6265	2	3
6266	1	6
6267	1	9
6268	0	6
6269	0	5
6270	1	8
6271	0	12
6272	0	6
6273	2	6
6274	0	5
6275	0	8
6276	1	1
6277	1	6
6278	0	5
6279	1	7
6280	1	2
6281	0	5
6282	0	2
6283	0	6
6284	1	4
6285	0	5
6286	0	4
6288	2	3
6289	0	8
6290	2	2
6291	0	3
6292	0	4
6293	2	6
6294	0	2
6295	0	7
6296	1	3
6297	0	7
6298	1	2
6299	1	3
6300	0	1
6301	0	2
6302	1	4
6303	0	4
6304	0	3
6305	0	5
6306	1	2
6307	1	9
6308	1	3
6309	0	11
6310	0	5
6311	0	4
6312	0	4
6313	0	4
6314	0	8
6315	0	5
6316	2	1
6317	2	2
6318	0	5
6319	0	2
6320	3	5
6321	1	6
6322	0	4
6323	1	3
6324	1	6
6325	2	5
6326	0	8
6327	1	3
6328	0	5
6329	0	4
6330	0	9
6331	0	8
6332	0	5
6333	1	3
6334	0	4
6335	0	7
6336	1	1
6337	0	4
6338	1	10
6339	0	9
6340	0	4
6341	0	2
6342	1	7
6343	1	7
6344	2	5
6345	2	6
6346	1	10
6347	3	5
6348	0	3
6349	0	4
6350	4	6
6351	1	2
6352	0	1
6353	1	4
6354	1	3
6355	2	5
6356	3	5
6357	0	8
6358	5	8
6359	0	9
6360	1	6
6361	1	9
6362	0	8
6363	0	6
6364	0	7
6365	2	7
6366	1	5
6367	3	8
6368	1	2
6369	1	6
6370	2	6
6371	2	6
6372	0	5
6373	0	13
6374	1	5
6375	1	10
6376	1	6
6377	2	5
6378	2	6
6379	2	4
6380	13	6
6381	3	5
6382	1	4
6383	8	9
6384	6	4
6385	0	3
6386	0	3
6387	0	5
6388	1	5
6389	0	2
6390	1	2
6391	1	4
6392	0	4
6393	2	2
6394	0	2
6395	0	2
6396	0	5
6397	0	4
6398	0	5
6399	0	3
6400	1	3
6401	1	4
6402	0	7
6403	0	3
6404	1	6
6405	0	4
6406	0	3
6408	0	4
6409	0	4
6410	0	2
6411	0	4
6412	0	9
6413	0	1
6414	0	4
6415	1	6
6416	2	5
6417	0	7
6418	0	2
6419	0	1
6420	0	4
6421	0	2
6422	1	4
6423	0	2
6424	0	2
6425	0	6
6426	0	2
6427	1	2
6428	1	8
6429	3	2
6430	1	3
6431	1	5
6432	1	3
6433	0	3
6434	0	3
6435	0	10
6436	0	3
6437	2	6
6438	2	2
6439	0	7
6440	0	1
6441	0	3
6442	1	3
6443	1	5
6444	0	1
6445	1	3
6446	0	5
6447	3	8
6448	0	4
6449	0	2
6450	1	2
6451	0	7
6452	0	1
6453	4	7
6454	0	2
6455	0	1
6456	0	3
6457	1	4
6458	1	4
6459	0	2
6460	3	5
6461	5	6
6462	0	3
6463	0	8
6464	0	4
6465	1	5
6466	0	3
6467	0	9
6468	0	4
6469	0	3
6470	0	7
6471	2	5
6472	0	4
6473	0	4
6474	0	3
6475	0	3
6476	0	5
6477	0	2
6478	1	7
6479	1	8
6480	2	2
6481	0	4
6482	0	6
6483	7	5
6484	1	2
6485	4	7
6486	0	2
6487	0	5
6488	1	2
6489	0	4
6490	1	2
6491	0	8
6492	1	6
6493	4	4
6494	0	6
6495	1	8
6496	1	4
6497	0	4
6498	0	4
6499	5	5
6500	1	1
6501	1	1
6502	0	4
6503	0	3
6504	0	7
6505	1	3
6506	0	3
6507	0	13
6508	0	9
6509	1	7
6510	2	4
6511	0	3
6512	0	6
6513	2	3
6514	0	4
6515	2	4
6516	2	6
6517	1	3
6518	1	7
6519	1	3
6520	5	6
6521	1	3
6522	0	6
6523	2	4
6524	2	3
6525	1	5
6526	0	6
6527	0	1
6528	1	6
6529	1	5
6530	0	7
6531	0	1
6532	0	5
6533	0	3
6534	0	3
6535	1	2
6536	2	2
6537	3	3
6538	2	3
6539	0	6
6540	1	4
6541	0	2
6542	0	4
6543	0	5
6544	0	4
6545	0	4
6546	0	5
6547	0	4
6548	0	7
6549	0	8
6550	0	3
6551	0	1
6552	1	4
6553	0	2
6554	1	2
6555	1	5
6556	0	7
6557	0	4
6558	1	4
6559	0	7
6560	0	6
6561	0	9
6562	1	5
6563	2	3
6564	0	7
6566	0	5
6567	1	4
6568	1	1
6569	0	7
6570	0	5
6571	0	2
6572	0	5
6573	1	8
6574	0	2
6575	0	7
6576	1	4
6577	0	4
6578	0	2
6579	0	6
6580	2	5
6581	1	2
6582	0	4
6583	0	4
6584	0	2
6585	1	5
6587	0	4
6588	2	2
6589	2	3
6590	0	3
6591	1	2
6592	0	3
6593	0	5
6594	0	4
6595	0	5
6596	1	4
6597	1	8
6598	0	4
6599	1	5
6600	0	4
6601	0	8
6602	1	8
6603	2	4
6604	0	3
6605	1	4
6606	4	5
6607	0	5
6608	0	5
6609	1	2
6610	0	10
6611	1	5
6612	0	7
6613	2	9
6614	0	7
6615	1	8
6616	0	6
6617	0	4
6618	0	8
6619	1	4
6620	1	6
6621	0	4
6622	3	4
6623	0	6
6624	0	3
6625	1	4
6626	0	5
6627	1	6
6628	0	5
6629	0	10
6630	1	4
6631	1	10
6632	0	4
6633	0	9
6634	0	1
6635	0	3
6636	0	14
6637	1	5
6638	1	1
6639	0	12
6640	1	8
6641	0	5
6642	0	5
6643	1	4
6644	1	5
6645	1	5
6646	0	13
6647	0	7
6648	0	2
6649	1	7
6650	0	6
6651	0	3
6652	0	5
6653	1	7
6654	0	6
6655	2	7
6656	1	6
6657	0	11
6658	0	10
6659	0	6
6660	2	8
6661	1	5
6662	1	5
6663	2	8
6664	0	6
6665	2	1
6666	0	9
6667	0	11
6668	0	4
6669	1	5
6670	0	6
6671	0	3
6672	0	10
6673	1	2
6674	0	9
6675	0	6
6676	0	5
6677	1	3
6678	0	7
6679	0	2
6680	0	7
6681	0	6
6682	1	6
6683	0	10
6684	2	6
6685	0	15
6686	0	8
6687	0	8
6688	0	7
6689	0	5
6690	0	7
6691	2	5
6692	0	8
6693	1	7
6694	0	8
6695	0	4
6696	1	4
6697	1	4
6698	0	9
6699	0	11
6700	0	10
6701	0	2
6702	1	2
6703	0	4
6704	1	4
6705	0	4
6706	0	4
6707	1	5
6708	0	6
6709	0	8
6710	2	4
6711	1	6
6712	1	1
6713	1	2
6714	1	5
6715	0	1
6716	0	4
6717	1	4
6718	1	4
6719	0	4
6720	0	6
6721	0	4
6722	0	3
6723	0	4
6724	0	2
6725	2	7
6726	2	3
6727	0	5
6728	0	2
6729	0	4
6730	0	2
6731	0	3
6732	0	4
6733	0	6
6734	2	7
6735	1	3
6736	1	1
6737	0	4
6738	1	6
6739	0	3
6740	0	2
6741	0	5
6742	0	4
6743	1	1
6744	1	3
6745	1	4
6746	6	3
6747	1	5
6748	0	4
6749	0	4
6750	0	4
6751	0	6
6752	0	4
6753	2	4
6754	0	9
6755	0	3
6756	0	5
6757	0	8
6758	2	8
6759	2	8
6760	0	5
6761	0	1
6762	1	5
6763	2	6
6764	0	7
6765	0	6
6766	0	5
6767	0	5
6768	0	1
6769	0	7
6770	0	4
6771	1	3
6772	0	5
6773	0	3
6774	0	4
6775	0	4
6776	0	3
6777	0	4
6778	0	3
6779	0	4
6780	0	5
6781	0	6
6782	0	4
6783	0	6
6784	0	3
6785	0	3
6786	1	3
6787	0	5
6788	0	3
6789	1	5
6790	1	3
6791	1	3
6792	0	6
6793	0	8
6794	0	2
6795	0	1
6796	2	8
6797	2	8
6798	1	6
6799	0	2
6800	2	2
6801	1	5
6802	0	4
6803	0	4
6804	0	7
6805	1	0
6806	0	3
6807	0	5
6808	0	7
6809	0	4
6810	0	7
6811	1	5
6812	0	8
6813	0	5
6814	0	4
6815	0	3
6816	0	6
6817	1	2
6818	1	3
6819	1	4
6820	1	1
6821	1	9
6822	0	4
6823	1	6
6824	0	5
6825	0	5
6826	0	5
6827	1	4
6828	0	5
6829	0	4
6830	1	5
6831	0	4
6832	1	4
6833	0	7
6834	1	6
6835	0	10
6836	0	8
6837	0	3
6838	1	6
6839	1	4
6840	0	1
6841	0	6
6842	1	1
6843	0	2
6844	2	5
6845	0	1
6846	0	5
6847	1	7
6848	0	5
6849	0	1
6850	0	5
6851	1	1
6852	0	2
6853	0	3
6854	0	6
6855	0	2
6856	1	6
6857	1	4
6858	0	2
6859	0	4
6860	0	3
6861	0	5
6862	1	2
6863	0	5
6864	0	8
6865	2	10
6866	0	3
6867	0	5
6868	0	2
6869	1	4
6870	2	7
6871	0	1
6872	0	5
6873	0	3
6874	0	7
6875	1	5
6876	0	6
6877	2	3
6878	1	4
6879	2	6
6880	0	3
6881	1	6
6882	0	4
6883	4	7
6884	0	6
6885	1	5
6886	0	5
6887	0	3
6888	0	1
6889	0	1
6890	0	4
6891	0	3
6892	1	3
6893	0	11
6894	1	3
6895	0	5
6896	0	3
6897	0	4
6898	2	3
6899	0	5
6900	0	3
6901	2	9
6902	1	3
6903	0	3
6904	1	3
6905	0	4
6906	1	6
6907	0	4
6908	0	3
6909	1	2
6910	0	5
6911	2	1
6912	0	2
6913	2	6
6914	0	5
6915	1	1
6916	1	8
6917	0	6
6918	0	5
6919	0	8
6920	1	2
6921	0	3
6922	0	5
6923	0	6
6924	0	2
6925	0	4
6926	0	6
6927	3	8
6928	0	3
6929	0	6
6930	0	2
6931	0	3
6932	0	6
6933	0	6
6934	2	9
6935	2	6
6936	2	11
6937	0	3
6938	0	9
6939	1	8
6940	2	8
6941	0	8
6942	1	10
6943	1	7
6944	0	10
6945	0	9
6946	0	3
6947	0	6
6948	0	5
6949	0	4
6950	1	6
6951	0	2
6952	0	7
6953	1	10
6954	0	3
6955	0	8
6956	3	9
6957	1	8
6958	0	4
6959	0	7
6960	1	10
6961	1	10
6962	0	4
6963	1	6
6964	0	10
6965	3	9
6966	1	9
6967	0	8
6968	1	8
6969	1	10
6970	0	5
6971	0	1
6972	0	7
6973	0	5
6974	1	8
6975	1	12
6976	1	4
6977	0	6
6978	0	4
6979	0	1
6980	3	5
6981	0	5
6982	0	4
6983	0	2
6984	0	3
6985	0	1
6986	0	2
6987	0	6
6988	0	4
6989	0	1
6990	0	3
6991	1	6
6992	0	4
6993	1	8
6994	0	6
6995	0	2
6996	1	1
6997	0	4
6998	1	5
6999	0	6
7000	0	4
7001	1	5
7002	0	5
7003	0	7
7004	0	5
7005	1	5
7006	1	5
7007	1	3
7008	1	2
7009	1	6
7010	0	1
7011	1	7
7012	0	1
7013	0	2
7014	1	5
7015	1	5
7016	0	1
7017	2	4
7018	0	8
7019	0	6
7020	2	3
7021	0	3
7022	1	3
7023	0	2
7024	1	1
7025	0	3
7026	0	7
7027	0	2
7028	0	7
7029	0	5
7030	1	4
7031	0	4
7032	1	3
7033	1	3
7034	2	5
7035	0	2
7036	0	3
7037	0	1
7038	0	4
7039	0	2
7040	0	5
7041	0	10
7042	0	2
7043	0	4
7045	1	3
7046	0	4
7047	0	9
7048	0	7
7049	0	1
7050	0	1
7051	0	3
7052	2	2
7053	0	2
7054	0	4
7055	0	8
7056	0	5
7057	0	6
7058	1	7
7059	2	6
7060	0	1
7061	2	4
7062	1	4
7063	0	2
7064	0	10
7065	0	9
7066	0	5
7067	0	5
7068	0	2
7069	0	4
7070	0	2
7071	1	5
7072	1	6
7073	0	4
7074	1	4
7075	0	1
7076	0	3
7077	0	5
7078	0	2
7079	0	3
7080	0	3
7081	1	2
7082	0	5
7083	0	4
7084	2	5
7085	0	5
7086	0	4
7087	0	2
7088	0	9
7089	0	2
7090	1	3
7092	0	4
7093	0	1
7094	0	5
7095	0	2
7096	3	3
7097	1	1
7098	0	3
7099	1	2
7100	0	5
7101	0	7
7102	0	3
7103	0	3
7104	2	4
7105	0	2
7106	2	3
7107	1	3
7108	1	4
7109	0	5
7110	1	2
7111	3	7
7112	0	3
7113	0	2
7114	0	12
7115	2	4
7116	1	1
7117	0	6
7118	0	6
7119	1	2
7120	0	3
7121	0	2
7122	1	3
7123	1	2
7124	0	3
7125	0	4
7126	0	1
7127	0	6
7128	0	5
7129	0	10
7130	1	5
7131	1	5
7132	0	3
7133	0	2
7134	1	5
7135	0	3
7136	0	2
7137	2	6
7138	1	5
7139	0	2
7140	0	3
7141	1	2
7142	0	4
7143	0	8
7144	0	4
7145	0	3
7146	0	1
7147	0	6
7148	0	4
7149	0	4
7150	2	2
7151	0	1
7152	0	6
7153	0	2
7154	0	6
7155	0	5
7156	2	3
7157	0	7
7158	0	7
7159	0	6
7160	1	11
7161	0	5
7162	0	3
7163	0	3
7164	1	1
7165	0	3
7166	1	4
7167	0	3
7168	2	6
7169	1	4
7170	0	5
7171	1	2
7172	0	7
7173	0	4
7174	1	2
7176	0	4
7177	0	5
7178	1	7
7179	0	3
7180	1	3
7181	0	4
7182	1	5
7183	0	4
7184	2	5
7185	0	8
7186	2	5
7187	0	3
7188	1	3
7189	0	6
7190	0	7
7191	0	3
7192	1	5
7193	0	5
7194	0	6
7195	0	6
7196	0	4
7197	0	3
7198	1	4
7199	0	5
7200	0	3
7201	0	5
7202	0	6
7203	1	9
7204	2	3
7205	0	7
7206	3	6
7207	0	3
7208	0	2
7209	1	2
7210	0	4
7211	0	9
7212	2	6
7213	0	5
7214	0	7
7215	0	13
7216	1	8
7217	0	7
7218	1	9
7219	1	4
7220	0	6
7221	1	3
7222	0	4
7223	1	3
7224	1	4
7225	0	10
7226	1	3
7227	0	12
7228	0	3
7229	0	3
7230	0	8
7231	1	3
7232	0	9
7233	0	9
7234	0	3
7235	1	1
7236	1	4
7237	0	2
7238	1	3
7239	2	1
7241	1	6
7242	0	5
7243	1	1
7244	2	6
7245	0	3
7246	0	2
7247	0	3
7248	1	3
7249	0	2
7250	1	5
7251	0	7
7252	0	5
7253	0	7
7254	0	9
7255	0	6
7256	0	6
7257	1	8
7258	0	3
7259	0	5
7260	0	5
7261	0	7
7262	0	6
7263	1	8
7264	1	12
7265	1	5
7266	1	4
7267	0	5
7268	1	4
7269	0	9
7270	0	6
7271	0	3
7272	0	3
7273	1	5
7274	1	6
7275	0	2
7276	4	3
7277	3	4
7278	5	6
7279	1	6
7280	1	3
7281	0	5
7282	0	3
7283	1	0
7284	1	4
7285	1	3
7286	0	5
7287	0	3
7288	0	6
7289	0	3
7291	0	5
7292	0	2
7293	1	0
7294	2	5
7295	1	6
7296	0	6
7297	1	3
7298	0	2
7299	0	3
7300	3	2
7301	0	5
7302	0	8
7303	0	10
7304	0	1
7305	0	7
7306	0	6
7307	0	4
7308	0	8
7309	1	6
7310	1	8
7311	0	7
7312	0	5
7313	1	3
7314	0	2
7315	0	5
7317	0	3
7318	1	5
7319	0	6
7320	0	8
7321	1	6
7322	2	8
7323	1	3
7324	0	4
7325	1	8
7326	1	9
7327	2	5
7328	1	2
7329	2	3
7330	1	9
7331	1	5
7332	1	7
7333	0	11
7334	1	6
7335	0	5
7336	0	6
7337	0	7
7338	0	8
7339	0	5
7340	2	7
7341	1	9
7342	2	10
7343	1	5
7344	1	5
7345	0	5
7346	1	7
7347	1	6
7348	0	11
7349	2	5
7350	1	9
7351	0	5
7352	2	5
7353	0	3
7354	4	2
7355	4	2
7356	6	6
7357	2	2
7358	1	5
7359	0	4
7360	0	3
7362	0	4
7363	0	3
7364	0	2
7365	0	9
7366	0	5
7367	1	5
7368	1	9
7369	0	7
7370	0	2
7371	0	5
7372	1	6
7373	0	4
7374	1	6
7375	3	4
7376	1	4
7377	0	5
7378	1	0
7379	2	6
7380	0	5
7381	0	2
7382	1	4
7383	2	1
7384	0	8
7385	0	5
7386	0	7
7387	0	2
7388	0	6
7389	0	6
7390	0	4
7391	0	6
7392	0	5
7393	0	5
7394	0	3
7395	0	5
7396	0	3
7397	0	5
7398	1	7
7399	0	4
7400	2	6
7401	1	3
7402	0	8
7403	0	6
7404	0	5
7405	2	5
7406	0	3
7407	0	2
7408	1	1
7409	0	6
7410	1	0
7411	1	5
7412	0	7
7413	1	3
7414	0	3
7415	0	2
7416	0	6
7417	0	7
7418	0	3
7419	0	4
7420	2	5
7421	1	4
7422	0	7
7423	0	3
7424	1	6
7425	0	6
7426	3	4
7427	1	5
7428	0	4
7429	0	3
7430	2	2
7431	1	4
7432	1	3
7433	0	5
7434	0	3
7435	0	2
7436	0	5
7437	0	2
7438	1	2
7439	2	6
7440	1	8
7441	0	2
7442	2	4
7443	1	3
7444	1	1
7445	1	5
7446	0	4
7447	0	4
7448	1	6
7449	1	5
7450	0	6
7451	2	5
7452	1	7
7453	0	4
7454	0	4
7455	0	4
7456	0	2
7457	0	6
7458	0	3
7459	0	5
7460	1	4
7461	1	2
7462	4	13
7463	0	5
7464	0	5
7465	1	3
7466	1	6
7467	0	6
7468	2	4
7469	0	4
7470	0	7
7471	1	4
7472	1	2
7473	2	4
7474	1	7
7475	1	7
7476	1	3
7477	0	3
7478	0	5
7479	1	2
7480	0	8
7481	4	3
7482	0	9
7483	1	3
7484	1	6
7485	1	4
7486	0	2
7487	0	5
7488	0	5
7489	0	3
7490	0	4
7491	0	3
7492	0	6
7493	1	4
7494	0	5
7495	1	7
7496	0	8
7497	2	5
7498	1	7
7499	4	1
7500	0	4
7501	0	3
7502	3	10
7503	1	6
7504	0	7
7505	1	6
7506	0	6
7507	0	9
7508	0	5
7509	0	1
7510	1	4
7511	0	4
7512	0	4
7513	0	11
7514	0	1
7515	0	2
7516	1	3
7517	0	8
7518	0	4
7519	0	5
7520	1	4
7521	0	3
7522	2	3
7523	1	1
7524	1	1
7525	0	4
7526	0	4
7527	0	3
7528	0	8
7529	0	2
7530	0	6
7531	2	6
7532	0	4
7533	0	2
7534	0	4
7535	0	4
7536	0	6
7537	0	5
7538	0	6
7539	2	3
7540	0	2
7541	0	3
7542	0	5
7543	0	2
7544	2	3
7545	0	3
7546	0	4
7547	0	3
7548	0	3
7549	0	3
7550	0	6
7551	0	11
7552	0	3
7553	2	2
7554	0	4
7555	0	4
7556	0	5
7558	0	1
7559	0	5
7560	0	5
7561	0	3
7563	1	5
7564	0	2
7565	1	3
7566	1	3
7567	1	2
7568	1	4
7569	0	3
7570	1	4
7571	0	6
7572	0	5
7573	1	2
7574	0	2
7575	0	6
7576	0	4
7577	1	1
7578	0	3
7579	1	5
7580	0	4
7581	0	5
7582	0	2
7583	1	7
7584	1	8
7585	1	5
7586	1	8
7587	1	5
7588	0	2
7589	2	6
7590	1	5
7591	1	2
7593	0	7
7594	1	7
7595	0	9
7596	1	6
7597	1	2
7598	0	4
7599	1	4
7600	1	5
7601	1	5
7602	0	1
7603	0	3
7604	2	10
7605	0	1
7606	1	9
7607	1	3
7608	0	2
7609	0	2
7610	0	5
7611	0	2
7612	0	7
7613	1	7
7614	0	6
7615	2	3
7616	1	7
7617	0	5
7618	0	4
7619	1	6
7620	0	3
7621	1	4
7622	1	8
7623	0	6
7624	0	2
7625	1	3
7626	0	4
7628	0	5
7629	1	4
7631	1	5
7632	1	6
7633	1	4
7634	0	11
7635	1	3
7636	0	9
7637	0	4
7638	2	7
7639	1	3
7640	0	8
7641	1	4
7642	0	4
7643	3	3
7644	1	1
7645	0	10
7646	1	5
7647	0	8
7648	0	6
7649	0	3
7650	2	1
7651	1	6
7652	0	5
7653	2	2
7654	0	6
7655	0	4
7656	1	4
7657	0	5
7658	0	7
7659	0	6
7660	0	4
7661	1	9
7662	0	5
7663	0	5
7664	0	2
7665	0	5
7666	0	8
7667	1	3
7668	1	8
7669	1	12
7670	0	9
7671	0	3
7672	0	7
7673	0	5
7674	0	7
7675	0	2
7676	1	4
7677	1	4
7678	0	3
7679	2	4
7680	2	1
7681	0	6
7682	0	2
7683	0	8
7684	0	2
7685	0	3
7686	0	4
7687	0	2
7688	0	3
7689	1	2
7690	2	3
7691	0	6
7692	0	7
7693	0	3
7694	0	3
7695	1	11
7696	0	8
7697	1	5
7698	0	3
7699	1	2
7700	0	6
7701	0	6
7702	0	3
7703	0	1
7704	1	2
7705	0	5
7706	0	4
7707	0	2
7708	0	4
7709	0	1
7710	1	3
7711	1	4
7712	3	8
7713	1	1
7714	1	3
7715	1	4
7716	1	7
7717	0	7
7718	0	2
7719	0	3
7720	3	4
7721	0	2
7722	0	4
7723	2	7
7724	1	3
7725	0	8
7726	2	8
7727	1	5
7728	1	3
7729	0	7
7730	1	8
7731	0	1
7732	1	3
7733	3	3
7734	1	15
7735	0	3
7736	0	6
7737	2	5
7738	0	7
7739	0	5
7740	0	4
7741	0	6
7742	1	4
7743	0	6
7744	0	4
7745	0	8
7746	0	10
7747	3	4
7748	0	8
7749	0	5
7750	1	7
7751	0	6
7752	1	3
7753	0	3
7754	0	10
7755	4	11
7756	0	8
7757	1	11
7758	0	2
7759	0	5
7760	0	6
7761	1	6
7762	0	6
7763	0	1
7764	0	3
7766	0	3
7767	0	3
7768	4	3
7769	4	3
7770	1	5
7771	1	7
7772	0	4
7773	1	6
7774	1	4
7775	1	4
7776	1	2
7777	0	2
7778	0	3
7779	6	5
7780	2	4
7781	2	8
7782	1	3
7783	0	5
7784	0	5
7785	0	5
7786	0	8
7787	0	8
7788	0	4
7789	0	8
7790	1	6
7791	1	4
7792	2	7
7793	2	8
7794	0	7
7795	0	3
7796	1	4
7797	1	8
7798	0	5
7799	0	4
7800	0	3
7801	0	5
7802	0	4
7803	0	6
7804	1	4
7805	0	7
7806	1	8
7807	0	3
7808	2	1
7809	1	4