1	2	6
2	0	10
3	2	4
4	4	6
5	1	9
6	1	7
7	3	11
8	2	10
9	0	4
10	0	26
11	0	26
12	0	28
13	0	32
14	2	24
15	0	29
16	0	12
17	2	8
18	1	4
19	0	4
20	6	3
21	1	2
22	7	0
23	1	1
24	0	3
26	0	3
27	3	3
28	3	1
29	4	5
30	0	2
31	1	1
32	0	4
33	4	1
34	3	2
35	5	3
36	5	1
37	6	7
38	3	0
39	2	4
40	3	4
41	2	1
42	2	6
43	1	0
44	5	6
45	7	2
46	4	3
47	2	0
48	2	1
49	4	2
50	3	2
51	3	1
52	2	1
53	0	2
55	4	4
56	1	1
57	0	2
58	1	1
59	6	2
60	3	8
61	7	6
62	5	3
63	1	1
64	3	1
65	3	6
66	3	5
67	2	1
68	5	2
69	0	1
70	4	2
71	5	5
72	1	0
73	3	5
74	2	5
75	3	5
76	1	3
77	0	5
78	1	3
79	0	2
80	0	1
81	0	6
82	1	4
83	0	4
84	2	1
87	3	2
88	2	4
89	5	4
90	3	1
91	0	1
92	1	1
93	5	5
94	2	5
95	4	0
96	3	4
97	2	3
98	1	2
99	7	6
100	2	3
101	3	1
102	6	10
103	3	2
104	4	8
105	5	2
106	3	3
107	5	3
108	8	1
109	0	1
110	7	5
111	1	3
112	1	4
113	0	10
114	1	5
115	2	6
116	1	10
117	0	12
118	1	1
119	2	9
120	0	2
121	2	3
122	1	8
123	0	7
124	2	4
125	1	3
126	1	8
127	1	9
128	1	8
129	2	9
130	0	10
131	1	9
132	0	5
133	0	8
134	0	8
135	2	6
136	0	8
137	2	5
138	0	6
139	1	6
140	0	6
141	0	7
142	0	7
143	1	4
144	0	4
145	2	7
146	2	3
147	0	3
148	2	6
149	0	6
150	0	9
151	1	6
152	0	4
153	2	6
154	3	8
155	0	9
156	1	8
157	0	12
158	0	7
159	0	8
160	1	4
161	0	8
162	1	9
163	1	10
164	2	5
165	0	12
166	1	5
167	0	5
168	0	7
169	1	13
170	2	4
171	1	8
172	1	4
173	2	8
174	1	6
175	1	9
176	1	9
177	1	7
178	0	3
179	0	7
180	0	7
181	3	6
182	4	2
183	1	1
184	2	2
185	6	1
186	7	4
187	3	1
188	3	3
189	3	1
190	2	4
191	7	6
192	1	5
193	1	1
194	1	7
195	2	5
196	6	6
198	0	3
201	1	1
202	2	3
203	1	2
204	0	2
205	9	4
206	3	12
207	3	2
208	9	10
209	4	2
210	1	10
211	0	9
212	5	5
213	1	3
214	3	7
215	11	4
216	4	4
217	2	3
218	4	1
219	5	7
221	5	3
222	6	2
223	2	6
224	5	2
225	4	5
226	1	2
227	4	4
228	4	7
229	1	0
230	5	5
231	8	7
232	3	3
234	2	5
235	4	6
236	5	2
237	7	1
238	1	1
239	1	1
240	0	1
241	1	1
242	0	4
243	0	1
244	0	1
245	0	1
247	6	10
248	4	0
249	3	6
250	3	9
251	0	7
252	2	6
253	0	7
254	1	11
255	1	8
256	1	5
257	2	7
258	0	7
259	1	9
260	1	3
261	2	6
262	4	3
263	1	6
264	0	8
265	0	10
266	1	9
267	1	10
268	0	8
269	1	8
270	1	8
271	0	7
272	2	6
273	2	8
274	1	4
275	1	7
276	1	5
277	0	13
278	0	4
279	0	6
280	0	5
281	0	3
282	0	5
283	1	8
284	1	13
285	0	6
286	0	7
287	1	4
288	0	6
289	1	6
290	0	17
291	0	8
292	3	8
293	1	5
294	1	11
295	1	8
296	1	5
297	1	4
298	0	5
299	0	6
300	2	7
301	0	9
302	1	7
303	1	3
304	0	9
305	0	8
306	0	8
307	2	4
308	4	4
309	4	2
310	2	4
311	1	1
312	1	5
313	2	8
314	3	2
315	2	2
316	6	4
317	6	1
318	4	0
319	1	4
320	1	3
321	2	5
322	1	12
323	1	9
324	1	6
325	0	12
326	1	11
327	0	12
328	1	5
329	1	8
330	2	3
331	1	11
332	0	11
333	0	15
334	0	6
335	0	12
336	2	11
337	1	13
338	0	13
339	0	9
340	1	9
341	1	10
342	1	7
343	1	8
344	0	10
345	0	10
346	1	7
347	0	15
348	0	13
349	0	11
350	1	7
351	0	6
352	0	9
353	1	10
354	3	13
355	0	4
356	1	14
357	0	10
358	0	8
359	0	10
360	1	9
361	1	6
362	1	10
363	2	15
364	0	4
365	5	3
366	2	2
367	3	4
368	0	12
369	0	7
370	0	7
371	0	10
372	1	9
373	1	17
374	2	9
375	0	5
376	0	13
377	0	7
378	2	8
379	4	3
380	1	3
381	2	2
382	7	8
383	2	4
384	1	0
385	3	3
386	5	4
387	6	5
388	4	1
389	2	2
390	6	4
391	5	6
392	3	5
393	10	8
394	3	4
395	1	2
396	1	1
398	1	1
399	1	0
400	3	5
401	4	3
402	1	3
403	2	4
404	4	3
405	0	3
406	7	5
407	3	6
408	3	3
409	1	2
410	2	4
411	1	2
412	6	3
413	5	4
414	2	8
415	5	5
416	1	3
417	6	5
418	4	4
419	2	6
420	2	4
421	0	1
422	1	2
423	2	3
424	0	1
425	4	4
426	1	5
427	8	7
428	3	0
429	3	3
430	5	2
431	2	3
432	3	4
433	2	4
434	2	4
435	0	6
436	1	1
437	1	10
438	2	7
439	0	9
440	0	12
441	1	10
442	1	10
443	2	3
444	0	4
445	0	9
446	1	10
447	0	11
448	1	6
449	1	12
450	1	12
451	1	5
452	1	11
453	0	2
454	0	8
455	0	15
456	0	5
457	0	9
458	0	4
459	1	2
460	0	8
461	0	7
462	2	8
463	0	6
464	8	6
465	7	6
466	4	8
467	4	2
468	4	5
469	6	3
470	0	1
471	3	4
472	0	9
473	0	10
474	0	6
475	0	7
476	0	9
477	2	10
478	0	9
479	0	11
480	0	15
481	0	7
482	0	5
483	0	7
484	1	8
485	0	7
486	0	12
487	0	5
488	0	5
489	1	7
490	0	11
491	1	5
492	1	6
493	0	12
494	1	9
495	0	8
496	4	15
497	2	4
498	5	5
499	1	4
500	3	4
501	6	0
502	2	4
503	5	2
504	2	8
505	4	7
506	4	6
507	5	0
508	7	2
509	4	7
510	11	7
511	0	3
512	2	4
513	3	4
514	1	3
515	4	7
516	3	2
517	2	4
518	3	3
519	4	2
520	2	1
521	1	4
522	4	0
523	2	1
524	0	1
525	3	2
527	1	1
528	1	2
529	0	6
530	3	5
531	0	3
532	2	1
533	2	5
534	6	8
535	6	4
536	3	5
537	7	7
538	6	7
539	2	3
540	5	10
541	3	6
542	1	3
543	6	4
544	0	4
545	5	3
546	4	1
547	4	8
548	1	2
549	3	4
550	4	7
551	2	2
553	6	5
554	5	1
555	4	3
556	3	1
557	7	3
558	1	2
559	8	8
560	6	2
561	3	4
562	6	4
563	5	8
564	8	5
565	1	2
566	5	2
567	4	8
568	4	3
569	1	4
570	1	0
571	6	11
572	3	1
573	1	6
574	6	6
575	7	15
576	0	3
577	3	0
578	2	3
579	9	2
580	3	1
581	6	8
582	3	4
583	3	0
584	6	7
585	3	5
586	0	10
587	0	10
588	0	7
589	1	4
590	1	15
591	0	11
592	0	4
593	0	2
594	3	9
595	1	7
596	4	6
597	1	4
598	0	4
599	0	4
600	4	5
601	2	4
602	1	1
603	0	1
604	0	1
605	0	3
606	6	2
607	0	1
608	1	3
609	5	2
610	3	1
611	0	1
612	1	4
613	0	1
614	2	2
615	3	3
616	1	3
617	1	3
618	5	3
619	3	3
620	0	1
621	6	2
622	3	8
623	2	10
624	0	5
625	0	4
626	1	4
627	4	8
628	8	7
629	6	1
630	1	9
631	9	7
632	4	2
633	2	2
634	2	5
635	7	2
636	2	4
637	2	1
638	1	15
639	0	11
640	2	6
641	1	11
642	0	5
643	2	10
644	0	7
645	1	13
646	0	6
647	1	6
648	1	13
649	1	9
650	2	3
651	1	10
652	0	5
653	1	5
654	2	3
655	7	4
656	7	5
657	3	3
658	1	2
659	2	6
660	8	5
661	3	5
662	3	4
663	16	13
664	5	1
665	5	8
666	4	3
667	0	2
668	7	5
669	3	2
670	0	4
671	3	5
672	5	3
673	2	4
674	5	4
675	6	6
676	2	0
677	8	1
678	3	4
679	3	7
680	2	10
681	1	6
682	1	5
683	1	7
684	3	8
685	3	2
686	5	4
687	1	3
688	7	3
689	0	3
690	0	4
691	2	5
692	3	6
693	1	3
694	0	6
695	1	13
696	0	3
697	1	8
698	0	9
699	0	7
700	3	12
701	0	7
702	0	3
703	0	2
704	2	9
705	0	9
706	1	7
707	0	8
708	0	5
709	0	6
710	0	8
711	1	7
712	4	11
713	6	14
714	3	5
715	4	9
716	2	1
717	4	5
718	4	6
719	0	4
720	3	2
721	2	4
722	4	0
723	1	6
724	3	2
725	2	2
726	3	6
727	10	4
728	8	0
729	0	2
730	3	2
731	0	2
732	4	5
733	1	5
734	0	3
735	0	4
736	3	6
737	0	9
738	3	7
739	2	7
740	2	6
741	4	9
742	1	7
743	2	11
744	1	5
745	1	7
746	3	7
747	1	2
748	1	6
749	2	8
750	0	7
751	1	5
752	1	10
753	0	7
754	1	1
755	0	9
756	0	8
757	1	10
758	0	10
759	1	12
760	1	12
761	0	10
762	0	4
763	1	7
764	0	4
765	3	6
766	0	14
767	1	4
768	1	6
769	2	6
770	0	12
771	1	9
772	0	8
773	3	5
774	4	3
775	3	1
776	5	3
777	2	7
778	4	2
779	6	7
780	4	6
781	5	5
782	1	4
783	2	3
784	2	3
785	3	4
786	4	2
787	10	5
788	3	2
789	1	3
790	6	5
791	3	5
792	4	3
793	4	6
794	1	2
795	1	2
796	6	3
797	1	4
798	3	2
799	3	3
800	0	5
801	1	8
802	1	7
803	0	4
804	0	7
805	2	6
806	0	3
807	1	2
808	7	3
809	3	0
810	1	4
811	3	1
812	1	6
813	0	4
814	5	8
815	1	8
816	2	5
817	1	5
818	3	9
819	5	8
820	6	4
821	3	5
822	0	4
823	9	5
824	1	2
825	1	6
826	0	7
827	0	2
828	1	7
829	0	6
830	0	1
831	0	11
832	0	11
833	0	5
834	0	4
835	4	5
836	3	6
837	5	5
838	6	3
839	4	2
840	3	6
841	6	4
842	1	3
843	0	2
844	2	0
845	4	0
846	2	4
847	9	6
848	5	7
849	1	7
850	3	0
851	2	2
852	4	2
853	9	4
854	1	9
855	1	4
856	1	12
857	2	8
858	0	5
859	1	5
860	1	11
861	0	6
862	1	4
863	0	10
864	2	10
865	0	10
866	1	4
867	2	6
868	0	9
869	1	7
870	0	8
871	0	10
872	0	6
873	0	12
874	0	9
875	1	8
876	1	9
877	0	6
878	1	2
879	1	6
880	0	7
881	2	5
882	1	7
883	2	7
884	0	6
885	1	6
886	2	10
887	0	6
888	0	7
889	0	5
890	1	7
891	0	3
892	0	9
893	1	9
894	0	6
895	0	5
896	1	6
897	1	8
898	1	13
899	1	9
900	0	6
901	1	6
902	1	9
903	2	3
904	0	4
905	0	16
906	4	4
907	6	6
908	3	6
909	2	7
910	3	9
911	1	9
912	0	10
913	1	10
914	0	6
915	6	5
916	8	8
917	6	1
918	5	4
919	7	2
920	5	2
921	6	5
922	11	4
923	4	4
924	1	6
925	3	9
926	1	10
927	5	7
928	4	6
929	7	3
930	6	5
931	6	6
932	1	2
933	5	2
934	1	1
935	0	3
936	2	1
937	0	3
938	0	3
939	4	4
940	6	2
941	3	5
942	5	4
943	3	2
944	2	3
945	3	4
946	7	0
947	3	1
948	2	4
949	2	3
950	0	1
951	2	0
953	0	2
954	3	8
955	6	3
956	3	5
957	0	5
958	0	8
959	2	2
960	1	6
961	0	6
962	0	9
963	0	8
964	4	7
965	0	8
966	0	15
967	0	11
968	1	5
969	0	14
970	0	8
971	1	8
972	1	3
973	0	9
974	0	1
975	3	7
976	1	5
977	0	6
978	3	6
979	1	9
980	1	4
981	0	6
982	4	3
983	0	7
984	0	9
985	0	7
986	0	1
987	2	7
988	3	5
989	5	7
990	3	5
991	1	3
992	6	3
993	2	3
994	0	4
995	0	4
996	0	4
997	1	12
998	1	8
999	2	5
1000	0	7
1001	1	9
1002	1	3
1003	0	11
1004	0	3
1005	1	14
1006	1	7
1007	2	3
1008	0	7
1009	1	6
1010	0	7
1011	1	4
1012	2	7
1013	0	5
1014	0	5
1015	1	6
1016	2	8
1017	8	3
1018	2	2
1019	2	1
1020	5	4
1021	5	4
1022	3	4
1023	5	3
1024	7	7
1025	4	8
1026	1	2
1027	3	1
1028	5	4
1029	3	1
1030	9	7
1031	8	1
1032	1	3
1033	4	0
1034	6	1
1035	2	5
1036	0	2
1038	0	2
1039	1	2
1040	5	4
1041	1	4
1042	2	5
1043	0	3
1044	0	11
1045	0	2
1046	0	9
1047	0	2
1048	0	7
1049	1	9
1050	3	7
1051	0	11
1052	1	9
1053	1	5
1054	1	7
1055	0	3
1056	2	9
1057	1	6
1058	3	5
1059	2	4
1060	5	1
1061	1	3
1062	3	6
1063	3	2
1064	0	2
1065	1	2
1066	9	7
1067	2	3
1068	1	5
1069	2	4
1070	0	6
1071	0	9
1072	1	11
1073	4	8
1074	3	4
1075	4	6
1076	1	5
1077	2	3
1078	0	2
1079	1	2
1080	7	10
1081	1	1
1082	5	5
1083	3	6
1084	0	2
1085	11	3
1086	1	2
1087	3	8
1088	2	1
1089	3	2
1090	4	5
1091	5	3
1092	4	7
1093	0	3
1094	2	2
1095	4	7
1096	0	2
1097	10	1
1098	8	7
1099	3	5
1100	4	7
1101	2	4
1102	3	9
1103	3	3
1104	4	5
1105	3	2
1106	3	1
1107	0	7
1108	2	8
1109	4	4
1110	5	6
1111	2	8
1112	12	4
1113	2	2
1114	1	4
1115	5	1
1116	6	4
1117	5	4
1118	4	6
1119	1	3
1120	3	3
1121	2	3
1122	5	7
1123	1	3
1124	1	2
1125	7	2
1126	1	2
1127	2	7
1128	0	5
1129	3	4
1130	4	2
1131	4	6
1132	1	3
1133	1	2
1134	2	3
1135	1	5
1136	1	3
1138	4	8
1139	0	1
1140	0	2
1141	2	0
1142	1	5
1143	8	5
1144	4	8
1145	1	7
1146	1	3
1147	6	1
1148	4	3
1149	1	7
1150	0	3
1151	0	7
1152	0	7
1153	0	8
1154	0	10
1155	1	11
1156	0	9
1157	0	11
1158	1	13
1159	0	2
1160	0	8
1161	0	9
1162	2	10
1163	0	6
1164	0	19
1165	0	11
1166	2	8
1167	2	4
1168	1	15
1169	0	6
1170	1	13
1171	0	5
1172	0	4
1173	1	13
1174	1	15
1175	1	6
1176	0	11
1177	0	5
1178	0	6
1179	2	7
1180	1	15
1181	0	6
1182	0	6
1183	1	11
1184	1	4
1185	1	0
1186	0	4
1187	2	8
1188	0	8
1189	1	10
1190	1	7
1191	2	3
1192	0	4
1193	6	1
1194	4	2
1195	3	3
1196	2	1
1197	1	5
1198	3	7
1199	3	2
1200	16	11
1201	6	6
1202	1	3
1203	6	3
1204	3	3
1205	0	2
1206	1	1
1207	4	5
1208	3	3
1209	6	4
1210	0	3
1211	0	4
1212	2	4
1213	2	8
1214	0	8
1215	0	6
1216	0	8
1217	0	4
1218	0	6
1219	2	13
1220	0	9
1221	2	9
1222	1	5
1223	1	6
1224	1	8
1225	3	9
1226	1	2
1227	1	4
1228	1	2
1229	0	4
1230	1	6
1231	1	8
1232	2	10
1233	0	5
1234	2	4
1235	2	7
1236	1	6
1237	1	4
1238	0	5
1239	1	5
1240	0	5
1241	0	4
1242	3	4
1243	1	5
1244	1	8
1245	0	6
1246	0	7
1247	0	8
1248	2	4
1249	0	9
1250	1	6
1251	0	10
1252	2	6
1253	2	10
1254	1	13
1255	1	9
1256	0	7
1257	0	4
1258	3	12
1259	3	8
1260	1	5
1261	1	11
1262	0	6
1263	1	5
1264	2	5
1265	2	12
1266	2	6
1267	0	9
1268	2	8
1269	1	6
1270	0	4
1271	1	10
1272	2	5
1273	0	5
1274	0	8
1275	1	13
1276	0	5
1277	2	4
1278	0	6
1279	1	6
1280	0	5
1281	1	6
1282	0	5
1283	2	8
1284	0	5
1285	1	3
1286	2	6
1287	0	6
1288	0	6
1289	0	11
1290	0	5
1291	0	6
1292	0	9
1293	0	5
1294	1	8
1295	0	4
1296	0	11
1297	0	6
1298	1	4
1299	3	8
1300	4	7
1301	2	1
1302	2	1
1303	2	1
1304	4	3
1305	0	1
1306	0	3
1307	1	0
1308	0	2
1309	1	0
1310	3	3
1311	9	5
1312	6	3
1313	3	3
1314	3	10
1315	1	9
1316	1	6
1317	2	8
1318	1	2
1319	0	6
1320	2	4
1321	0	7
1322	0	9
1323	1	10
1324	2	4
1325	0	12
1326	0	8
1327	1	7
1328	0	2
1329	0	4
1330	2	6
1331	1	8
1332	0	9
1333	1	10
1334	2	5
1335	1	10
1336	0	6
1337	1	10
1338	2	6
1339	1	3
1340	0	4
1341	0	7
1342	0	4
1343	2	6
1344	0	9
1345	0	10
1346	0	13
1347	0	4
1348	0	2
1349	3	5
1350	1	6
1351	1	11
1352	2	5
1353	1	6
1354	0	4
1355	0	4
1356	0	6
1357	0	5
1358	0	7
1359	0	8
1360	0	11
1361	3	8
1362	0	5
1363	1	9
1364	1	10
1365	0	3
1366	3	9
1367	0	4
1368	1	14
1369	3	4
1370	1	4
1371	1	7
1372	0	7
1373	1	6
1374	0	8
1375	0	5
1376	1	5
1377	3	7
1378	0	7
1379	0	8
1380	2	4
1381	1	10
1382	0	9
1383	0	5
1384	0	10
1385	1	10
1386	2	10
1387	1	2
1388	1	4
1389	1	16
1390	1	8
1391	1	3
1392	3	3
1393	0	5
1394	0	9
1395	0	8
1396	0	3
1397	3	10
1398	2	3
1399	1	4
1400	0	8
1401	0	5
1402	0	9
1403	2	8
1404	1	6
1405	1	8
1406	1	6
1407	0	4
1408	0	7
1409	2	5
1410	1	5
1411	0	5
1412	0	12
1413	0	9
1414	1	10
1415	0	6
1416	0	4
1417	2	5
1418	0	3
1419	1	6
1420	0	12
1421	1	9
1422	1	11
1423	1	11
1424	2	8
1425	1	7
1426	0	7
1427	0	8
1428	1	7
1429	1	6
1430	1	8
1431	3	7
1432	2	12
1433	2	4
1434	1	7
1435	1	5
1436	1	3
1437	1	11
1438	3	4
1439	2	7
1440	0	5
1441	0	9
1442	0	6
1443	3	7
1444	0	12
1445	0	8
1446	0	1
1447	0	8
1448	0	6
1449	1	1
1450	0	4
1451	2	12
1452	0	8
1453	1	5
1454	1	13
1455	2	7
1456	0	4
1457	0	5
1458	0	6
1459	2	5
1460	3	9
1461	0	11
1462	1	9
1463	0	10
1464	1	9
1465	1	4
1466	6	5
1467	4	2
1468	4	2
1469	0	1
1470	1	0
1471	0	4
1472	7	4
1473	5	4
1474	1	2
1475	2	8
1476	8	6
1477	9	7
1478	3	3
1479	1	9
1480	3	5
1481	3	2
1482	7	6
1483	1	6
1484	1	5
1485	0	1
1486	0	6
1487	0	9
1488	0	10
1489	0	10
1490	1	15
1491	0	16
1492	2	8
1493	0	6
1494	3	5
1495	3	0
1496	1	0
1497	5	7
1498	6	6
1499	5	1
1500	6	6
1501	4	5
1502	9	8
1503	5	8
1504	3	5
1505	1	2
1506	9	5
1507	8	5
1508	1	3
1509	3	2
1510	1	1
1512	1	2
1513	0	1
1514	3	3
1515	3	5
1516	1	9
1517	6	4
1518	2	2
1519	0	8
1520	3	7
1521	0	9
1522	8	2
1523	4	10
1524	3	4
1525	2	1
1526	5	4
1527	4	4
1528	3	4
1529	8	5
1530	1	4
1531	7	5
1532	3	5
1533	7	7
1534	3	7
1535	4	3
1536	6	6
1537	4	3
1538	3	6
1539	7	1
1540	3	6
1541	3	2
1542	7	3
1543	5	3
1544	9	4
1545	12	6
1546	1	4
1547	3	2
1548	14	7
1549	2	10
1550	5	3
1551	4	1
1552	9	3
1553	8	2
1554	3	7
1555	6	9
1556	2	8
1557	1	6
1558	0	5
1559	0	12
1560	2	6
1561	1	7
1562	1	4
1563	1	12
1564	1	8
1565	2	7
1566	1	8
1567	0	8
1568	0	3
1569	1	10
1570	2	6
1571	1	1
1572	0	8
1573	2	8
1574	1	7
1575	2	8
1576	0	9
1577	1	13
1578	1	7
1579	0	7
1580	0	7
1581	0	4
1582	1	5
1583	0	7
1584	2	9
1585	0	4
1586	2	5
1587	1	3
1588	5	6
1589	3	2
1590	3	4
1591	3	4
1592	3	5
1593	4	6
1594	1	4
1595	4	4
1596	4	2
1597	4	2
1598	3	2
1599	5	3
1600	7	5
1601	3	1
1602	6	4
1603	1	4
1604	5	10
1605	4	6
1606	5	7
1607	7	4
1608	5	9
1609	7	5
1610	1	2
1611	1	6
1612	0	7
1613	2	1
1614	1	8
1615	3	10
1616	1	6
1617	2	16
1618	0	6
1619	0	6
1620	0	8
1621	3	10
1622	4	4
1623	1	2
1624	5	8
1625	5	4
1626	7	7
1627	2	4
1628	8	4
1629	9	2
1630	5	7
1631	1	7
1632	1	9
1633	3	3
1634	2	5
1635	2	11
1636	1	10
1637	2	8
1638	1	10
1639	0	6
1640	1	15
1641	0	1
1642	1	3
1643	2	4
1644	0	9
1645	0	9
1646	0	5
1647	1	9
1648	6	8
1649	4	4
1650	2	9
1651	1	4
1652	5	7
1653	3	4
1654	4	3
1655	3	1
1656	3	4
1657	5	0
1658	1	4
1659	2	7
1660	0	9
1661	0	8
1662	1	22
1663	1	9
1664	0	11
1665	0	4
1666	1	13
1667	0	5
1668	2	5
1669	3	2
1670	2	1
1671	2	5
1672	6	3
1673	3	8
1674	3	3
1675	4	5
1676	1	6
1677	0	2
1678	1	4
1679	2	2
1680	6	5
1681	8	6
1682	5	9
1683	2	5
1684	4	7
1685	7	6
1686	7	10
1687	3	6
1688	2	3
1689	6	5
1690	2	6
1691	4	4
1692	5	1
1693	9	7
1694	2	2
1695	3	6
1696	4	0
1697	2	4
1698	3	6
1699	2	1
1700	4	9
1701	3	2
1702	2	3
1703	3	2
1704	1	5
1705	3	1
1706	4	2
1707	8	5
1708	3	1
1709	6	3
1710	6	3
1711	0	4
1712	0	5
1713	0	7
1714	0	9
1715	1	5
1716	2	10
1717	2	5
1718	0	7
1719	2	6
1720	10	5
1721	3	3
1722	3	7
1723	5	6
1724	8	5
1725	3	3
1726	4	1
1727	5	2
1728	2	3
1729	2	4
1730	0	3
1731	5	6
1732	1	9
1733	0	8
1734	1	13
1735	1	20
1736	1	5
1737	3	11
1738	1	6
1739	1	5
1740	1	4
1741	0	10
1742	0	6
1743	1	12
1744	0	13
1745	2	6
1746	0	5
1747	0	7
1748	2	12
1749	0	9
1750	1	8
1751	0	6
1752	0	17
1753	1	11
1754	0	10
1755	0	10
1756	1	10
1757	1	11
1758	1	6
1759	5	12
1760	2	5
1761	0	15
1762	3	10
1763	0	3
1764	0	6
1765	0	8
1766	2	12
1767	1	14
1768	2	7
1769	0	12
1770	0	6
1771	1	8
1772	0	6
1773	0	3
1774	3	7
1775	3	7
1776	1	7
1777	0	4
1778	1	8
1779	0	5
1780	1	12
1781	1	10
1782	1	2
1783	1	6
1784	1	8
1785	0	6
1786	6	7
1787	4	4
1788	2	6
1789	6	7
1790	2	4
1791	0	12
1792	0	5
1793	0	10
1794	1	7
1795	0	8
1796	5	12
1797	3	2
1798	2	7
1799	2	4
1800	11	5
1801	4	3
1802	1	1
1803	4	0
1804	4	2
1805	5	3
1806	0	1
1807	0	3
1808	0	1
1809	0	2
1810	0	1
1811	0	1
1812	11	5
1813	7	4
1814	1	4
1815	5	4
1816	6	6
1817	2	7
1818	5	1
1819	6	3
1820	2	2
1821	3	3
1822	2	4
1823	5	6
1824	7	7
1825	5	3
1826	2	1
1827	5	5
1828	3	4
1829	2	7
1830	7	3
1831	0	5
1832	1	10
1833	3	7
1834	0	3
1835	1	8
1836	0	9
1837	0	5
1838	1	4
1839	1	7
1840	1	7
1841	2	4
1842	0	2
1843	0	7
1844	0	10
1845	0	8
1846	0	12
1847	1	4
1848	0	6
1849	1	11
1850	2	7
1851	0	8
1852	1	10
1853	4	10
1854	2	8
1855	2	9
1856	0	6
1857	1	7
1858	0	5
1859	0	6
1860	0	7
1861	0	5
1862	2	5
1863	1	2
1864	4	2
1865	2	5
1866	3	11
1867	3	6
1868	1	3
1869	1	6
1870	2	6
1871	1	5
1872	1	6
1873	1	7
1874	1	9
1875	1	9
1876	0	10
1877	1	8
1878	1	9
1879	0	8
1880	0	14
1881	3	7
1882	0	6
1883	1	11
1884	0	7
1885	0	8
1886	1	9
1887	1	3
1888	0	2
1889	0	5
1890	0	10
1891	1	11
1892	1	10
1893	0	8
1894	1	3
1895	0	5
1896	3	5
1897	1	8
1898	0	6
1899	0	6
1900	3	6
1901	1	10
1902	1	10
1903	1	8
1904	0	4
1905	0	5
1906	0	6
1907	1	6
1908	0	7
1909	1	6
1910	1	11
1911	5	9
1912	1	8
1913	0	8
1914	0	6
1915	2	5
1916	0	9
1917	0	7
1918	0	13
1919	1	13
1920	5	3
1921	7	7
1922	3	9
1923	1	1
1924	3	9
1925	0	5
1926	2	7
1927	0	9
1928	1	7
1929	2	6
1930	1	7
1931	0	5
1932	0	6
1933	0	7
1934	1	11
1935	1	2
1936	0	3
1937	2	5
1938	1	6
1939	0	15
1940	0	9
1941	0	9
1942	0	5
1943	0	12
1944	0	7
1945	1	3
1946	0	12
1947	0	11
1948	1	11
1949	1	6
1950	0	12
1951	0	9
1952	1	13
1953	0	6
1954	0	9
1955	1	5
1956	3	10
1957	2	11
1958	0	11
1959	2	8
1960	0	6
1961	0	14
1962	0	12
1963	0	8
1964	1	7
1965	0	8
1966	0	8
1967	1	5
1968	1	3
1969	8	4
1970	2	8
1971	0	10
1972	0	6
1973	0	7
1974	0	8
1975	1	4
1976	0	5
1977	3	4
1978	0	4
1979	0	6
1980	0	2
1981	5	7
1982	2	5
1983	4	10
1984	1	2
1985	0	3
1986	1	6
1987	4	1
1988	5	6
1989	2	2
1990	4	9
1991	3	7
1992	2	8
1993	4	2
1994	5	3
1995	3	2
1996	3	5
1997	3	3
1998	2	4
1999	0	6
2000	0	3
2001	2	10
2002	1	6
2003	0	10
2004	4	7
2005	0	9
2006	1	9
2007	0	7
2008	2	3
2009	1	7
2010	0	5
2011	0	5
2012	0	10
2013	0	5
2014	1	8
2015	0	11
2016	0	8
2017	0	10
2018	1	11
2019	1	5
2020	0	7
2021	2	6
2022	0	6
2023	3	11
2024	2	10
2025	1	4
2026	0	4
2027	0	1
2028	2	4
2029	1	11
2030	0	9
2031	0	9
2032	0	10
2033	0	5
2034	0	2
2035	1	1
2036	0	4
2037	0	6
2038	4	4
2039	3	2
2040	1	2
2041	1	9
2042	1	3
2043	1	5
2044	2	11
2045	2	7
2046	1	7
2047	1	8
2048	0	10
2049	1	5
2050	0	11
2051	0	7
2052	0	8
2053	1	13
2054	0	2
2055	1	9
2056	0	14
2057	0	7
2058	2	7
2059	0	9
2060	3	11
2061	0	8
2062	0	10
2063	0	3
2064	0	7
2065	3	11
2066	2	17
2067	2	16
2068	2	7
2069	5	1
2070	0	6
2071	2	4
2072	1	8
2073	0	7
2074	0	6
2075	2	4
2076	2	8
2077	0	8
2078	0	7
2079	0	3
2080	0	5
2081	0	9
2082	1	5
2083	2	6
2084	2	7
2085	0	4
2086	0	4
2087	1	4
2088	1	10
2089	0	5
2090	0	8
2091	1	2
2092	1	12
2093	0	6
2094	1	6
2095	1	9
2096	1	10
2097	0	8
2098	0	3
2099	0	6
2100	0	7
2101	1	4
2102	1	5
2103	4	6
2104	1	6
2105	2	8
2106	2	6
2107	0	8
2108	0	8
2109	0	9
2110	0	2
2111	1	7
2112	1	8
2113	1	8
2114	1	7
2115	0	7
2116	1	3
2117	1	8
2118	1	2
2119	1	5
2120	3	7
2121	0	8
2122	1	6
2123	0	7
2124	1	4
2125	1	4
2126	1	2
2127	0	8
2128	1	11
2129	0	7
2130	2	9
2131	0	10
2132	2	7
2133	1	6
2134	0	8
2135	0	7
2136	1	10
2137	0	4
2138	1	7
2139	1	6
2140	1	5
2141	1	5
2142	0	7
2143	1	7
2144	1	4
2145	2	11
2146	2	9
2147	1	14
2148	2	2
2149	0	5
2150	0	9
2151	1	2
2152	1	7
2153	0	9
2154	0	8
2155	1	4
2156	0	4
2157	0	6
2158	0	4
2159	2	5
2160	0	12
2161	0	8
2162	0	8
2163	4	11
2164	0	8
2165	1	4
2166	4	5
2167	1	5
2168	1	3
2169	0	7
2170	1	11
2171	0	5
2172	0	8
2173	1	6
2174	0	5
2175	0	7
2176	3	3
2177	1	7
2178	0	9
2179	2	8
2180	8	6
2181	5	4
2182	2	3
2183	7	4
2184	6	8
2185	5	3
2186	4	2
2187	1	2
2188	6	2
2189	4	6
2190	3	3
2191	2	2
2192	4	6
2193	3	3
2194	9	7
2195	3	4
2196	2	0
2197	15	8
2198	2	2
2199	6	3
2200	6	3
2201	0	4
2202	0	2
2203	7	10
2204	4	5
2205	7	3
2206	2	5
2207	1	5
2208	8	2
2209	5	3
2210	5	4
2211	4	8
2212	5	8
2213	4	9
2214	3	1
2215	1	3
2217	1	2
2218	1	2
2219	1	4
2220	5	3
2221	3	9
2222	3	5
2223	3	4
2224	8	5
2225	6	2
2226	1	9
2227	0	6
2228	2	4
2229	1	3
2230	3	11
2231	2	12
2232	0	12
2233	0	6
2234	0	11
2235	0	6
2236	1	5
2237	2	2
2238	0	6
2239	4	8
2240	1	5
2241	0	6
2242	0	16
2243	2	6
2244	0	7
2245	0	11
2246	1	7
2247	1	6
2248	1	11
2249	1	8
2250	2	8
2251	1	9
2252	0	7
2253	1	7
2254	3	7
2255	0	7
2256	1	10
2257	1	9
2258	0	13
2259	1	7
2260	2	4
2261	2	5
2262	2	9
2263	4	4
2264	5	5
2265	6	3
2266	1	2
2267	3	6
2268	4	5
2269	5	5
2270	4	9
2271	7	3
2272	3	4
2273	1	3
2274	2	4
2275	0	2
2276	0	1
2277	4	5
2278	9	6
2279	3	1
2280	2	2
2281	3	3
2282	0	4
2283	1	1
2284	4	7
2285	5	2
2286	8	4
2287	8	3
2288	2	4
2289	2	4
2290	2	4
2291	3	1
2292	7	8
2293	4	4
2294	5	6
2295	3	7
2296	7	7
2297	8	5
2298	6	0
2299	3	2
2300	6	10
2301	2	8
2302	6	4
2303	4	2
2304	5	5
2305	9	6
2306	5	6
2307	2	5
2308	3	3
2309	6	8
2310	2	5
2311	0	4
2313	1	1
2314	3	2
2315	11	8
2316	8	7
2317	3	2
2318	2	2
2319	5	3
2320	5	4
2321	2	4
2322	3	8
2323	1	8
2324	9	6
2325	0	1
2326	8	2
2327	2	3
2328	3	4
2329	3	4
2330	0	6
2331	2	10
2332	0	5
2333	0	10
2334	0	1
2335	1	13
2336	1	7
2337	0	6
2338	0	7
2339	0	7
2340	2	8
2341	3	6
2342	1	12
2343	1	7
2344	0	2
2345	1	5
2346	1	4
2347	9	4
2348	3	7
2349	2	2
2350	2	7
2351	5	5
2353	0	3
2354	0	3
2356	3	4
2357	2	5
2358	2	2
2359	5	4
2360	6	5
2361	2	4
2362	5	9
2363	4	4
2364	0	3
2365	0	4
2366	1	4
2367	5	4
2368	0	2
2369	1	6
2370	3	5
2371	2	1
2372	0	3
2373	3	5
2374	3	8
2375	1	4
2376	0	2
2377	2	4
2378	0	5
2379	8	6
2380	1	8
2381	1	7
2382	1	2
2383	1	5
2384	0	5
2385	1	5
2386	1	5
2387	0	8
2388	0	4
2389	2	8
2390	0	6
2391	1	5
2392	2	10
2393	2	6
2394	0	9
2395	2	2
2396	1	7
2397	0	4
2398	4	10
2399	1	9
2400	0	6
2401	0	13
2402	4	9
2403	2	10
2404	1	8
2405	2	6
2406	1	6
2407	0	4
2408	0	12
2409	0	7
2410	1	12
2411	1	7
2412	1	6
2413	1	10
2414	1	4
2415	2	8
2416	1	2
2417	0	4
2418	1	10
2419	0	5
2420	0	7
2421	0	8
2422	0	7
2423	0	13
2424	3	4
2425	1	6
2426	0	8
2427	5	6
2428	2	5
2429	0	6
2430	1	9
2431	1	6
2432	2	4
2433	1	9
2434	1	8
2435	0	8
2436	0	17
2437	1	11
2438	1	14
2439	0	10
2440	0	8
2441	0	4
2442	0	10
2443	0	7
2444	1	12
2445	1	11
2446	0	7
2447	0	7
2448	3	3
2449	8	3
2450	3	10
2451	3	7
2452	1	7
2453	1	5
2454	0	6
2455	0	4
2456	1	6
2457	1	5
2458	1	8
2459	1	4
2460	1	3
2461	0	6
2462	2	5
2463	0	6
2464	0	8
2465	2	15
2466	0	5
2467	0	8
2468	0	5
2469	0	1
2470	3	1
2471	1	1
2472	9	8
2473	4	4
2474	4	6
2475	7	3
2476	4	6
2477	1	4
2478	6	6
2479	5	5
2480	0	3
2481	1	5
2482	3	6
2483	2	3
2484	2	4
2485	2	3
2486	1	2
2487	3	4
2488	5	3
2489	8	1
2490	2	5
2491	2	1
2492	1	5
2493	2	3
2494	9	6
2495	5	2
2496	3	2
2497	4	6
2498	8	3
2499	4	4
2500	9	5
2501	3	4
2502	5	2
2503	2	2
2504	0	3
2505	0	5
2506	6	4
2507	4	5
2508	4	4
2509	1	7
2510	1	6
2511	0	11
2512	1	6
2513	2	9
2514	0	9
2515	1	8
2516	0	7
2517	1	5
2518	0	4
2519	0	5
2520	0	9
2521	1	6
2522	1	7
2523	2	7
2524	0	6
2525	1	4
2526	2	9
2527	1	7
2528	1	4
2529	1	7
2530	3	4
2531	8	4
2532	2	2
2533	4	2
2534	0	6
2535	9	6
2536	4	8
2537	2	0
2538	2	6
2539	4	2
2540	6	4
2541	4	2
2542	5	3
2543	3	4
2544	0	5
2545	0	4
2546	2	11
2547	7	7
2548	7	5
2549	4	4
2550	5	6
2551	2	3
2552	2	6
2553	5	3
2554	3	7
2555	4	3
2556	4	6
2557	5	3
2558	3	4
2559	7	2
2560	4	3
2561	2	2
2562	4	3
2563	2	3
2564	8	6
2565	4	4
2566	5	4
2567	4	1
2568	5	10
2569	2	7
2570	5	3
2571	2	3
2572	6	2
2574	2	2
2575	2	6
2576	3	7
2577	11	6
2578	5	5
2579	4	1
2580	2	2
2581	6	3
2582	4	4
2583	4	3
2584	5	4
2585	3	6
2586	5	6
2587	0	5
2588	4	3
2589	3	7
2590	4	3
2591	4	6
2592	4	10
2593	6	4
2594	2	8
2595	0	7
2596	0	2
2597	0	4
2598	2	5
2599	0	6
2600	1	7
2601	0	4
2602	1	8
2603	1	3
2604	1	2
2605	1	5
2606	9	4
2607	9	6
2608	1	3
2609	3	7
2610	0	7
2611	0	4
2612	2	5
2613	1	9
2614	1	4
2615	0	4
2616	0	6
2618	0	9
2619	2	14
2620	3	2
2621	2	12
2622	2	6
2623	4	2
2624	1	3
2625	8	0
2626	1	5
2627	6	2
2628	6	7
2629	6	4
2630	2	6
2631	12	5
2632	8	7
2633	3	5
2634	4	7
2635	3	8
2636	0	2
2637	3	3
2638	2	4
2639	6	8
2640	4	1
2641	3	3
2642	3	4
2643	9	4
2644	3	2
2645	3	0
2646	4	6
2647	6	7
2648	8	6
2649	6	6
2650	3	2
2651	4	6
2652	4	6
2653	7	5
2654	6	4
2655	3	5
2656	7	5
2657	2	2
2658	6	2
2659	6	0
2660	6	2
2661	5	0
2662	6	1
2663	8	0
2664	10	2
2665	5	3
2666	8	2
2667	8	2
2668	9	3
2669	4	2
2670	7	2
2671	7	0
2672	5	0
2673	5	0
2674	6	3
2675	9	3
2676	5	0
2677	1	5
2678	7	7
2679	6	2
2680	4	3
2681	5	5
2682	3	6
2683	2	9
2684	3	14
2685	0	8
2686	2	4
2687	2	3
2688	1	5
2689	1	8
2690	0	5
2691	1	5
2692	0	11
2693	1	10
2694	0	5
2695	0	6
2696	0	6
2697	1	5
2698	0	8
2699	2	4
2700	0	5
2701	1	11
2702	1	6
2703	2	6
2704	0	9
2705	1	10
2706	2	6
2707	2	7
2708	0	11
2709	0	11
2710	2	11
2711	1	10
2712	1	6
2713	0	8
2714	1	1
2715	2	6
2716	1	4
2717	1	3
2718	4	3
2719	1	5
2720	0	6
2721	2	4
2722	0	3
2723	2	11
2724	1	3
2725	2	17
2726	2	6
2727	0	7
2728	0	4
2729	1	7
2730	0	3
2731	1	3
2732	2	6
2733	2	7
2734	3	7
2735	2	7
2736	0	7
2737	2	5
2738	2	5
2739	3	6
2740	0	8
2741	1	5
2742	1	9
2743	1	1
2744	4	7
2745	8	3
2746	4	2
2747	9	10
2748	2	3
2749	3	6
2750	2	2
2751	5	7
2752	0	6
2753	2	4
2754	3	2
2755	3	7
2756	2	3
2757	1	1
2758	4	10
2759	9	6
2760	5	2
2761	6	4
2762	1	1
2763	0	4
2764	4	3
2765	3	4
2766	3	5
2767	1	2
2768	4	7
2769	7	4
2770	2	7
2771	7	3
2772	2	12
2773	1	15
2774	1	3
2775	1	8
2776	2	3
2777	6	4
2778	1	3
2779	4	5
2780	2	2
2781	5	4
2782	2	2
2783	4	5
2784	9	4
2785	5	2
2786	5	2
2787	4	6
2788	5	7
2789	4	5
2790	7	3
2791	3	5
2792	3	3
2793	2	1
2794	5	0
2795	8	5
2796	8	5
2797	2	6
2798	3	4
2799	0	11
2800	0	7
2801	0	7
2802	0	5
2803	0	6
2804	4	9
2805	0	2
2806	1	9
2807	1	6
2808	2	7
2809	1	2
2810	1	10
2811	0	7
2812	1	4
2813	1	7
2814	3	8
2815	4	4
2816	4	4
2817	3	7
2818	1	6
2819	0	6
2820	1	11
2821	2	5
2822	1	11
2823	1	5
2824	0	10
2825	0	8
2826	1	6
2827	3	8
2828	1	7
2829	0	13
2830	0	7
2831	1	4
2832	0	7
2833	1	9
2834	1	9
2835	0	7
2836	0	6
2837	0	8
2838	0	7
2839	0	5
2840	1	7
2841	1	7
2842	0	6
2843	1	9
2844	1	7
2845	2	6
2846	2	9
2847	1	9
2848	3	5
2849	1	3
2850	0	1
2851	3	6
2852	3	6
2853	4	2
2854	4	5
2855	5	5
2856	6	3
2857	4	5
2858	2	4
2859	5	0
2860	4	3
2861	3	4
2862	8	4
2863	5	4
2864	4	4
2865	0	3
2866	6	7
2867	2	3
2868	4	7
2869	5	5
2870	9	1
2871	6	2
2872	6	3
2873	4	5
2874	2	2
2875	3	2
2876	4	6
2877	3	3
2878	4	4
2879	3	3
2880	1	5
2881	2	1
2882	7	2
2883	3	3
2884	3	2
2885	1	1
2886	4	4
2887	7	3
2888	0	1
2889	9	8
2890	2	5
2891	10	5
2892	2	2
2893	9	2
2894	6	3
2895	3	6
2896	5	0
2897	3	8
2898	3	5
2899	5	1
2900	3	7
2901	8	4
2902	3	4
2903	3	3
2904	6	3
2905	3	3
2906	3	1
2907	2	1
2908	3	3
2909	3	3
2910	1	9
2911	2	9
2912	3	2
2913	3	2
2914	2	0
2915	1	3
2916	4	2
2917	7	4
2918	6	3
2919	5	4
2920	4	7
2921	1	5
2922	9	3
2923	2	4
2924	7	4
2925	3	3
2926	2	4
2927	4	2
2928	9	5
2929	3	12
2930	5	2
2931	4	5
2932	11	3
2933	9	4
2934	0	1
2935	6	1
2936	2	4
2937	3	1
2938	4	3
2939	2	2
2940	1	3
2941	1	10
2942	0	6
2943	0	6
2944	2	4
2945	3	7
2946	0	6
2947	0	9
2948	0	3
2949	0	2
2950	0	3
2951	1	10
2952	3	8
2953	1	4
2954	0	4
2955	1	5
2956	6	4
2957	3	6
2958	0	3
2959	0	2
2960	1	6
2961	0	6
2962	1	12
2963	1	4
2964	1	2
2965	0	9
2966	1	8
2967	1	10
2968	1	9
2969	0	4
2970	2	4
2971	1	6
2972	2	9
2973	2	6
2974	0	6
2975	0	8
2976	1	2
2977	1	3
2978	1	3
2979	0	5
2980	0	6
2981	1	9
2982	1	4
2983	2	8
2984	0	4
2985	0	5
2986	0	3
2987	2	5
2988	3	3
2989	3	4
2990	3	3
2991	1	2
2992	7	2
2993	7	5
2994	6	2
2995	3	2
2996	4	5
2997	1	3
2998	5	7
2999	2	4
3000	5	7
3001	0	4
3002	4	7
3003	2	1
3004	2	1
3005	5	7
3006	4	1
3007	4	2
3008	3	5
3009	2	2
3010	4	4
3011	4	4
3012	7	3
3013	2	5
3014	3	6
3015	6	3
3016	6	5
3017	9	2
3018	2	3
3019	2	3
3020	4	2
3021	0	9
3022	5	2
3023	4	4
3024	6	1
3025	3	2
3026	4	5
3027	7	3
3028	3	7
3029	9	3
3030	4	4
3031	7	4
3032	2	0
3033	4	1
3034	5	1
3035	6	3
3036	2	7
3037	1	5
3038	3	3
3039	6	2
3040	3	6
3041	2	3
3042	0	1
3043	2	2
3044	2	1
3045	12	10
3046	5	2
3047	2	7
3048	1	3
3049	1	3
3050	1	3
3051	3	4
3052	1	4
3053	2	5
3054	7	6
3055	1	2
3056	1	3
3057	9	2
3058	1	1
3059	2	5
3060	1	2
3061	0	2
3062	0	1
3063	2	1
3064	2	1
3065	2	7
3066	4	2
3067	3	1
3068	4	8
3069	5	2
3070	4	3
3071	1	2
3072	6	3
3073	8	3
3074	5	3
3075	2	4
3076	5	8
3077	6	4
3078	4	7
3079	3	2
3080	9	5
3081	2	9
3082	0	3
3083	1	6
3084	0	9
3085	0	6
3086	0	3
3087	1	7
3088	2	5
3089	2	4
3090	1	7
3091	0	6
3092	0	7
3093	0	12
3094	0	3
3095	0	8
3096	1	6
3097	1	4
3098	3	8
3099	3	8
3100	0	9
3101	2	5
3102	1	7
3103	2	10
3104	1	6
3105	1	12
3106	1	5
3107	1	9
3108	0	5
3109	1	9
3110	0	9
3111	2	2
3112	4	1
3113	3	2
3114	9	4
3115	4	6
3116	1	4
3117	5	2
3118	0	1
3119	2	1
3120	1	4
3121	4	2
3122	5	7
3123	2	5
3124	4	6
3125	0	4
3126	6	8
3127	5	4
3128	2	2
3129	7	5
3130	2	6
3131	1	6
3132	0	9
3133	1	8
3134	2	10
3135	1	5
3136	1	6
3137	1	9
3138	0	6
3139	0	10
3140	0	11
3141	1	7
3142	0	4
3143	2	9
3144	1	9
3145	0	5
3146	0	3
3147	2	2
3148	1	5
3149	0	7
3150	0	6
3151	0	7
3152	1	7
3153	3	9
3154	0	5
3155	0	7
3156	0	4
3157	1	6
3158	1	10
3159	2	5
3160	0	5
3161	0	6
3162	2	5
3163	1	5
3164	0	7
3165	1	8
3166	1	9
3167	1	6
3168	0	12
3169	12	3
3170	6	1
3171	3	5
3172	3	6
3173	4	4
3174	6	7
3175	1	5
3176	6	2
3177	9	4
3178	2	7
3179	4	2
3180	8	5
3181	7	3
3182	4	1
3183	2	6
3184	1	11
3185	1	6
3186	0	4
3187	0	10
3188	0	5
3189	5	2
3190	4	2
3191	2	1
3192	1	4
3193	4	5
3194	6	3
3195	1	2
3196	0	2
3197	2	3
3198	4	4
3199	2	0
3200	0	2
3201	4	4
3202	1	6
3203	7	4
3204	9	5
3205	6	3
3206	2	1
3207	1	2
3208	1	6
3209	4	4
3210	5	3
3211	6	1
3212	1	7
3213	2	9
3214	2	3
3215	0	6
3216	0	6
3217	1	6
3218	1	2
3219	0	2
3220	1	7
3221	1	7
3222	0	6
3223	1	8
3224	1	8
3225	1	15
3226	1	7
3227	1	5
3228	1	4
3229	0	9
3230	2	8
3231	1	2
3232	1	4
3233	1	3
3234	0	6
3235	0	11
3236	0	7
3237	1	7
3238	0	6
3239	1	6
3240	2	6
3241	1	5
3242	0	8
3243	1	4
3244	1	7
3245	3	6
3246	3	6
3247	0	3
3248	1	9
3249	1	5
3250	1	6
3251	1	6
3252	1	8
3253	2	4
3254	0	2
3255	1	4
3256	1	6
3257	3	5
3258	2	5
3259	1	5
3260	2	3
3261	0	7
3262	0	8
3263	0	7
3264	1	5
3265	1	7
3266	0	8
3267	1	6
3268	0	7
3269	1	3
3270	0	7
3271	0	6
3272	0	9
3273	1	4
3274	0	3
3275	0	7
3276	0	2
3277	1	5
3278	2	13
3279	1	9
3280	0	7
3281	2	8
3282	2	7
3283	0	8
3284	0	6
3285	1	4
3286	1	7
3287	1	9
3288	1	3
3289	2	11
3290	0	6
3291	2	3
3292	0	7
3293	0	7
3294	0	10
3295	2	9
3296	0	4
3297	0	3
3298	1	7
3299	1	5
3300	1	6
3301	3	6
3302	1	3
3303	0	6
3304	0	4
3305	0	5
3306	1	3
3307	1	6
3308	1	8
3309	0	4
3310	0	5
3311	0	9
3312	1	4
3313	0	3
3314	4	3
3315	0	3
3316	0	3
3317	0	9
3318	1	8
3319	3	8
3320	0	1
3321	2	4
3322	3	3
3323	3	3
3324	3	8
3325	0	4
3326	6	4
3327	6	8
3328	2	3
3329	4	3
3330	5	4
3331	6	2
3332	2	5
3333	5	6
3334	4	4
3335	3	3
3336	4	4
3337	2	1
3338	0	2
3339	0	1
3340	2	1
3341	3	6
3342	5	3
3343	2	2
3344	6	5
3345	3	0
3346	2	8
3347	0	3
3348	0	9
3349	0	6
3350	0	7
3351	3	8
3352	1	6
3353	1	10
3354	4	10
3355	0	8
3356	0	6
3357	0	3
3358	0	9
3359	1	7
3360	1	7
3361	1	7
3362	0	6
3363	1	7
3364	0	11
3365	4	7
3366	1	3
3367	0	5
3368	1	9
3369	1	8
3370	1	5
3371	1	3
3372	0	3
3373	0	12
3374	1	5
3375	0	12
3376	1	8
3377	0	9
3378	1	7
3379	0	7
3380	0	7
3381	0	13
3382	0	9
3383	0	11
3384	0	6
3385	1	4
3386	0	5
3387	3	4
3388	4	3
3389	6	6
3390	2	5
3391	1	5
3392	0	7
3393	1	4
3394	3	7
3395	1	9
3396	4	0
3397	3	1
3398	4	7
3399	4	5
3400	1	2
3401	3	2
3402	1	3
3403	1	1
3404	2	6
3405	4	9
3406	2	2
3407	3	2
3408	10	4
3409	1	2
3410	3	5
3411	2	11
3412	3	4
3413	1	5
3414	2	2
3415	1	6
3416	4	3
3417	3	4
3418	3	8
3419	1	5
3420	4	2
3421	0	1
3422	5	3
3423	3	3
3424	2	3
3425	6	2
3426	2	1
3427	2	3
3428	1	4
3429	4	7
3430	4	4
3431	5	7
3432	2	5
3433	4	2
3434	2	2
3435	4	8
3436	5	4
3437	2	7
3438	1	3
3439	6	3
3440	1	5
3441	4	3
3442	4	2
3443	4	7
3444	2	0
3445	3	3
3446	7	3
3447	4	2
3448	5	5
3449	5	5
3450	5	3
3451	4	8
3452	3	4
3453	9	4
3454	7	7
3455	3	6
3456	1	6
3457	1	6
3458	0	4
3459	0	8
3460	0	11
3461	2	7
3462	6	2
3463	1	1
3464	3	1
3465	5	3
3466	3	2
3467	4	4
3468	1	1
3469	4	1
3470	3	1
3471	4	1
3472	4	3
3473	6	2
3474	1	2
3475	6	5
3476	2	5
3477	4	4
3478	5	5
3479	6	7
3480	0	5
3481	3	3
3482	3	2
3483	0	3
3484	3	3
3485	0	10
3486	1	7
3487	1	5
3488	1	5
3489	6	4
3490	4	4
3491	3	1
3492	5	3
3493	0	2
3494	1	4
3495	0	5
3496	2	7
3497	1	4
3498	4	3
3499	1	5
3500	2	6
3501	4	5
3502	1	5
3503	2	5
3504	0	5
3505	1	6
3506	0	9
3507	0	13
3508	0	9
3509	0	8
3510	0	5
3511	0	9
3512	1	2
3513	1	1
3514	2	0
3515	3	7
3516	2	6
3517	1	6
3518	0	6
3519	0	9
3520	0	4
3521	0	3
3522	0	7
3523	0	10
3524	1	8
3525	2	10
3526	0	4
3527	1	5
3528	2	8
3529	0	3
3530	2	7
3531	0	9
3532	1	4
3533	1	5
3534	0	5
3535	0	5
3536	0	1
3537	0	9
3538	0	5
3539	0	5
3540	1	3
3541	0	6
3542	0	3
3543	0	6
3544	1	6
3545	1	9
3546	2	12
3547	0	6
3548	0	6
3549	0	7
3550	0	3
3551	1	9
3552	3	5
3553	0	1
3554	4	4
3555	5	8
3556	1	4
3557	3	1
3558	2	2
3559	1	0
3560	1	9
3561	3	3
3562	3	5
3563	3	9
3564	2	3
3565	1	2
3566	3	7
3567	1	3
3568	5	4
3569	2	4
3570	2	2
3571	2	4
3572	3	3
3573	6	4
3574	4	5
3575	5	5
3576	4	11
3577	2	4
3578	5	2
3579	1	5
3580	0	9
3581	2	8
3582	0	3
3583	2	2
3584	3	3
3585	2	7
3586	2	6
3587	2	10
3588	0	7
3589	0	7
3590	1	5
3591	1	2
3592	2	2
3593	0	4
3594	1	3
3595	1	8
3596	0	8
3597	0	8
3598	4	8
3599	1	9
3600	0	7
3601	0	6
3602	0	9
3603	0	8
3604	0	10
3605	1	11
3606	0	4
3607	0	12
3608	1	8
3609	1	3
3610	0	4
3611	2	2
3612	5	8
3613	3	5
3614	2	0
3615	2	1
3616	0	3
3617	2	2
3618	0	8
3619	0	13
3620	3	11
3621	2	2
3622	2	7
3623	4	2
3624	4	4
3625	3	2
3626	6	3
3627	2	6
3628	1	2
3629	1	9
3630	0	7
3631	1	6
3632	1	5
3633	0	9
3634	0	8
3635	1	11
3636	1	11
3637	1	6
3638	0	9
3639	1	8
3640	0	10
3641	2	7
3642	1	14
3643	0	7
3644	1	11
3645	4	7
3646	1	2
3647	3	4
3648	0	8
3649	0	10
3650	1	7
3651	1	7
3652	0	7
3653	0	8
3654	1	10
3655	0	4
3656	3	8
3657	0	4
3658	0	10
3659	0	6
3660	0	9
3661	0	9
3662	0	5
3663	0	4
3664	0	10
3665	0	8
3666	0	8
3667	1	9
3668	0	10
3669	5	13
3670	0	8
3671	0	5
3672	1	6
3673	0	8
3674	0	7
3675	1	6
3676	2	11
3677	1	7
3678	2	5
3679	8	6
3680	8	2
3681	4	3
3682	2	0
3683	9	5
3684	1	5
3685	1	2
3686	6	4
3687	4	3
3688	3	3
3689	0	2
3690	4	2
3691	1	11
3692	0	12
3693	0	5
3694	1	4
3695	3	12
3696	1	10
3697	1	9
3698	0	3
3699	3	6
3700	6	6
3701	6	8
3702	2	0
3703	2	4
3704	1	1
3705	3	5
3706	2	6
3707	0	3
3708	2	5
3709	4	2
3710	5	12
3711	8	5
3712	1	2
3713	1	5
3714	2	4
3715	5	3
3716	7	8
3717	5	11
3718	1	2
3719	1	3
3720	1	1
3721	2	4
3722	0	2
3723	2	0
3724	1	1
3725	3	2
3726	2	4
3727	2	5
3728	0	9
3729	1	9
3730	1	5
3731	0	6
3732	1	6
3733	1	6
3734	3	7
3735	3	2
3736	8	2
3737	7	6
3738	2	2
3739	2	6
3740	4	2
3741	8	1
3742	7	1
3743	1	4
3744	1	4
3745	5	6
3746	3	1
3747	7	6
3748	8	3
3749	4	6
3751	4	4
3752	2	1
3753	5	4
3754	10	1
3755	3	3
3756	2	6
3757	11	3
3758	6	2
3759	2	4
3760	2	4
3761	4	4
3762	4	4
3763	1	2
3764	4	7
3765	0	1
3766	5	4
3767	4	3
3768	0	8
3769	3	2
3770	0	5
3771	0	5
3772	0	3
3773	2	9
3774	0	9
3775	1	15
3776	2	8
3777	0	7
3778	1	4
3779	1	11
3780	3	3
3781	13	3
3782	3	5
3783	3	1
3784	6	3
3785	2	3
3786	3	3
3787	3	5
3788	3	5
3789	14	7
3790	6	3
3791	4	0
3792	2	5
3793	5	6
3794	2	0
3795	7	2
3796	2	2
3797	2	2
3798	1	9
3799	7	2
3800	1	1
3801	6	4
3802	1	4
3803	1	3
3804	3	4
3805	1	3
3806	6	2
3807	4	6
3808	1	4
3809	3	5
3810	2	2
3811	5	5
3812	3	4
3813	0	2
3814	3	8
3815	4	4
3816	6	3
3817	1	4
3818	4	1
3819	1	7
3820	1	7
3821	0	3
3822	1	1
3823	1	1
3824	2	4
3825	2	4
3826	2	3
3827	4	2
3828	2	4
3829	5	6
3830	0	7
3831	2	7
3832	1	3
3833	0	6
3834	0	8
3835	1	4
3836	1	7
3837	0	10
3838	2	4
3839	0	6
3840	3	5
3841	2	6
3842	1	8
3843	1	8
3844	1	4
3845	1	3
3846	3	8
3847	0	5
3848	1	8
3849	1	4
3850	0	8
3851	0	7
3852	0	5
3853	0	6
3854	2	5
3855	1	6
3856	0	10
3857	0	4
3858	2	5
3859	0	11
3860	1	6
3861	1	9
3862	0	3
3863	0	6
3864	2	7
3865	0	10
3866	1	4
3867	4	5
3868	2	5
3869	7	5
3870	6	2
3871	8	7
3872	3	2
3873	4	5
3874	3	1
3875	6	6
3876	4	6
3877	2	5
3878	0	2
3879	3	5
3880	2	6
3881	2	2
3882	3	6
3883	3	4
3884	2	3
3885	9	2
3886	7	2
3887	7	3
3888	6	1
3889	5	5
3890	5	7
3891	7	4
3892	2	5
3893	2	7
3894	1	5
3895	4	6
3896	1	6
3897	0	1
3898	2	4
3899	3	2
3900	2	3
3901	2	5
3902	2	7
3903	1	7
3904	0	5
3905	1	8
3906	0	9
3907	4	6
3908	0	6
3909	0	10
3910	0	2
3911	1	8
3912	1	9
3913	0	10
3914	0	9
3915	0	9
3916	0	7
3917	0	7
3918	0	12
3919	0	7
3920	1	4
3921	0	4
3922	0	5
3923	2	4
3924	0	14
3925	1	6
3926	1	3
3927	1	3
3928	2	6
3929	6	4
3930	3	6
3931	1	2
3932	3	4
3933	3	4
3934	4	3
3935	4	5
3936	0	2
3937	1	3
3938	5	4
3939	5	5
3940	2	7
3941	3	3
3942	4	5
3943	2	4
3944	3	5
3945	3	1
3946	3	3
3947	5	3
3948	6	4
3949	0	4
3950	4	3
3951	0	5
3952	5	15
3953	5	0
3954	8	10
3955	2	2
3956	2	3
3957	6	3
3958	7	4
3959	1	5
3960	4	8
3961	1	2
3962	1	2
3963	1	4
3964	5	3
3965	7	2
3966	3	3
3967	5	7
3968	3	2
3969	6	3
3970	3	4
3971	4	4
3972	6	1
3973	6	3
3974	5	4
3975	0	4
3976	3	3
3977	7	5
3978	5	5
3979	5	3
3980	2	3
3981	5	9
3982	3	3
3983	4	5
3984	2	9
3985	8	2
3986	3	4
3987	2	4
3988	1	2
3989	3	4
3990	6	2
3991	0	2
3992	4	6
3993	7	3
3994	2	4
3995	2	4
3996	3	0
3997	4	0
3998	2	5
3999	0	1
4000	2	4
4001	7	4
4002	3	3
4003	7	4
4004	5	7
4005	5	2
4006	4	0
4007	3	4
4008	2	4
4009	3	3
4010	9	6
4011	4	3
4012	4	1
4013	6	5
4014	4	5
4015	1	3
4016	5	6
4017	3	2
4018	2	0
4019	0	3
4020	4	0
4021	4	2
4022	2	7
4023	5	9
4024	11	5
4025	2	2
4026	1	8
4027	5	5
4028	2	4
4029	1	3
4030	2	5
4031	10	3
4032	6	4
4033	6	1
4034	4	6
4036	4	3
4037	5	6
4038	2	5
4039	1	3
4040	3	6
4041	3	2
4042	3	4
4043	5	8
4044	1	3
4045	4	4
4046	3	3
4047	2	7
4048	3	5
4049	0	6
4050	0	8
4051	2	6
4052	0	10
4053	1	4
4054	2	8
4055	2	6
4056	1	3
4057	0	8
4058	2	6
4059	1	5
4060	0	5
4061	1	8
4062	0	9
4063	0	6
4064	0	10
4065	0	7
4066	0	5
4067	0	3
4068	2	5
4069	3	4
4070	2	6
4071	2	4
4072	0	7
4073	0	12
4074	0	8
4075	0	5
4076	0	7
4077	0	6
4078	0	8
4079	0	5
4080	0	10
4081	0	8
4082	1	2
4083	2	15
4084	3	5
4085	1	9
4086	1	1
4087	0	9
4088	0	11
4089	2	3
4090	3	2
4091	0	4
4092	2	9
4093	0	7
4094	0	5
4095	0	6
4096	4	11
4097	1	5
4098	0	6
4099	4	5
4100	1	1
4101	0	2
4102	6	2
4103	0	3
4104	2	1
4105	0	8
4106	1	4
4107	1	7
4108	5	3
4109	0	5
4110	1	4
4111	0	1
4112	0	9
4113	2	6
4114	2	8
4115	1	10
4116	0	7
4117	0	2
4118	2	3
4119	1	9
4120	0	7
4121	0	4
4122	2	1
4123	1	10
4124	4	2
4125	1	4
4126	3	3
4127	4	2
4128	2	0
4129	3	8
4130	4	1
4131	8	4
4132	3	9
4133	6	1
4134	5	4
4135	1	3
4136	0	2
4137	6	5
4138	3	3
4139	1	2
4140	5	6
4141	7	2
4142	1	3
4143	0	12
4144	0	12
4145	0	11
4146	0	4
4147	1	10
4148	0	4
4149	1	2
4150	0	6
4151	0	6
4152	2	7
4153	0	6
4154	0	10
4155	1	8
4156	0	14
4157	0	4
4158	0	7
4159	0	11
4160	1	10
4161	0	8
4162	0	10
4163	2	10
4164	0	13
4165	0	6
4166	3	8
4167	3	3
4168	2	4
4169	6	5
4170	4	3
4171	3	10
4172	4	5
4173	5	5
4174	6	3
4175	3	5
4176	2	7
4177	7	3
4178	0	3
4179	9	7
4180	3	4
4181	7	3
4182	6	3
4183	6	2
4184	3	7
4185	5	4
4186	7	7
4187	5	2
4188	5	5
4189	3	3
4190	7	1
4191	0	3
4192	2	7
4193	3	4
4194	6	4
4195	2	3
4196	2	3
4197	1	2
4198	6	1
4199	0	1
4200	3	7
4201	2	2
4202	2	5
4203	4	3
4204	6	11
4205	1	6
4206	2	4
4207	7	1
4208	5	4
4209	3	3
4210	2	4
4211	1	1
4213	1	1
4214	0	3
4216	3	2
4217	2	10
4218	7	2
4219	6	6
4220	3	2
4221	3	4
4222	2	6
4223	2	8
4224	0	8
4225	0	4
4226	2	7
4227	0	6
4228	0	9
4229	0	8
4230	0	5
4231	0	6
4232	2	5
4233	1	8
4234	0	13
4235	2	7
4236	1	4
4237	0	3
4238	0	4
4239	0	2
4240	0	9
4241	0	4
4242	4	11
4243	1	10
4244	0	8
4245	0	7
4246	1	10
4247	1	7
4248	0	8
4249	0	8
4250	2	6
4251	2	4
4252	1	7
4253	1	6
4254	3	2
4255	1	9
4256	1	10
4257	5	3
4258	4	2
4259	4	0
4260	7	7
4261	3	5
4262	5	2
4263	3	3
4264	8	4
4265	0	4
4266	2	4
4267	5	6
4268	2	4
4269	3	4
4270	1	3
4271	1	0
4272	2	7
4273	5	3
4274	4	4
4275	4	6
4276	6	6
4277	3	5
4278	1	14
4279	1	13
4280	0	10
4281	2	4
4282	0	12
4283	0	6
4284	0	8
4285	4	4
4286	2	5
4287	1	7
4288	2	11
4289	0	6
4290	1	8
4291	0	4
4292	1	3
4293	1	13
4294	1	5
4295	2	2
4296	0	14
4297	3	4
4298	1	3
4299	2	5
4300	5	3
4301	3	7
4302	4	5
4303	7	3
4304	4	8
4305	5	5
4306	2	7
4307	7	4
4308	2	8
4309	1	2
4310	1	2
4311	5	3
4312	1	3
4313	1	2
4314	4	7
4315	2	5
4316	0	8
4317	1	2
4318	0	8
4319	1	6
4320	0	12
4321	2	10
4322	0	2
4323	5	5
4324	7	1
4325	6	6
4326	6	2
4327	6	3
4328	6	4
4329	1	2
4330	1	7
4331	0	8
4332	2	4
4333	1	3
4334	0	14
4335	0	8
4336	1	5
4337	1	7
4338	3	3
4339	0	4
4340	1	9
4342	0	9
4343	2	12
4344	2	9
4345	1	4
4346	1	5
4347	1	2
4348	1	6
4349	0	12
4350	0	12
4351	0	5
4352	0	4
4353	0	9
4354	0	7
4355	0	6
4356	1	6
4357	1	10
4358	1	5
4359	1	5
4360	0	7
4361	0	8
4362	1	6
4363	1	8
4364	0	9
4365	0	9
4366	2	10
4367	0	2
4368	0	8
4369	0	2
4370	1	3
4371	1	11
4372	2	7
4373	1	8
4374	2	8
4375	0	7
4376	1	3
4377	1	4
4378	0	7
4379	0	5
4380	1	1
4381	3	3
4382	0	3
4383	1	7
4384	1	8
4385	0	5
4386	1	7
4387	0	5
4388	1	7
4389	0	7
4390	0	7
4391	1	4
4392	3	11
4393	0	2
4394	0	9
4395	0	2
4396	1	6
4397	0	4
4398	2	9
4399	1	5
4400	0	10
4401	1	4
4402	2	6
4403	2	5
4404	4	7
4405	0	5
4406	0	5
4407	1	3
4408	0	4
4409	0	7
4410	2	5
4411	2	6
4412	1	6
4413	0	7
4414	4	7
4415	1	2
4416	3	3
4417	0	6
4418	1	4
4419	1	3
4420	1	8
4421	0	9
4422	1	2
4423	0	10
4424	0	6
4425	0	8
4426	1	10
4427	0	13
4428	0	7
4429	0	4
4430	1	4
4431	1	7
4432	0	6
4433	3	2
4434	1	7
4435	0	7
4436	1	9
4437	0	9
4438	1	12
4439	0	5
4440	2	5
4441	1	5
4442	1	6
4443	1	3
4444	2	3
4445	0	5
4446	0	5
4447	2	2
4448	1	9
4449	1	3
4450	2	13
4451	1	7
4452	1	6
4453	0	11
4454	2	4
4455	0	6
4456	1	7
4457	2	6
4458	0	10
4459	0	8
4460	1	3
4461	0	10
4462	2	2
4463	1	5
4464	1	4
4465	6	2
4466	2	9
4467	4	8
4468	7	2
4469	2	4
4470	7	5
4471	9	5
4472	9	7
4473	2	5
4474	5	2
4475	5	3
4476	6	1
4477	4	5
4478	6	2
4479	3	1
4480	6	3
4481	4	1
4482	5	6
4483	2	2
4484	0	2
4485	7	2
4486	9	1
4487	4	5
4488	0	6
4489	3	2
4490	4	7
4491	3	4
4492	3	7
4493	3	3
4494	1	2
4495	3	5
4496	3	4
4497	4	5
4498	2	1
4499	8	4
4500	6	6
4501	5	3
4502	1	1
4503	1	5
4504	5	5
4505	5	1
4506	12	6
4507	5	3
4508	3	2
4509	4	5
4510	2	2
4511	0	2
4512	1	8
4513	1	8
4514	0	5
4515	1	6
4516	1	5
4517	2	5
4518	0	10
4519	0	7
4520	1	12
4521	0	4
4522	1	4
4523	0	4
4524	1	13
4525	2	8
4526	1	7
4527	0	10
4528	0	6
4529	1	10
4530	6	8
4531	5	4
4532	1	1
4533	6	9
4534	6	10
4535	5	8
4536	5	3
4537	0	2
4538	0	4
4539	0	10
4540	0	3
4541	2	7
4542	3	6
4543	0	6
4544	0	6
4545	1	5
4546	0	10
4547	0	5
4548	1	6
4549	0	5
4550	1	10
4551	0	5
4552	1	5
4553	0	4
4554	0	9
4555	2	7
4556	1	4
4557	0	5
4558	0	3
4559	2	3
4560	1	6
4561	1	7
4562	2	11
4563	0	3
4564	0	10
4565	0	8
4566	1	4
4567	0	6
4568	1	6
4569	1	7
4570	0	5
4571	2	7
4572	0	7
4573	4	4
4574	1	4
4575	2	5
4576	0	7
4577	0	5
4578	0	9
4579	0	6
4580	0	7
4581	0	13
4582	0	4
4583	0	11
4584	0	11
4585	1	16
4586	2	10
4587	2	6
4588	0	5
4589	0	7
4590	0	8
4591	0	7
4592	1	5
4593	0	16
4594	1	7
4595	0	9
4596	0	11
4597	0	14
4598	0	9
4599	1	10
4600	1	9
4601	1	5
4602	5	1
4603	8	2
4604	3	3
4605	3	3
4606	2	0
4607	5	4
4608	4	6
4609	4	11
4610	1	5
4611	0	11
4612	0	6
4613	0	10
4614	0	10
4615	0	11
4616	0	11
4617	0	7
4618	1	5
4619	0	9
4620	1	10
4621	2	6
4622	2	2
4623	4	6
4624	5	4
4625	3	7
4626	2	8
4627	1	3
4628	6	4
4629	3	2
4630	7	6
4631	4	2
4632	7	5
4633	6	2
4634	6	3
4635	8	4
4636	4	5
4637	2	2
4638	4	3
4639	7	2
4640	7	5
4641	3	11
4642	1	5
4643	0	7
4644	0	10
4645	0	10
4646	0	9
4647	1	10
4648	1	9
4649	0	5
4650	0	5
4651	1	7
4652	2	6
4653	4	9
4654	0	8
4655	1	3
4656	1	6
4657	2	5
4658	2	3
4659	3	1
4660	3	3
4661	8	6
4662	0	3
4663	6	4
4664	3	5
4665	8	2
4666	4	1
4667	5	5
4668	10	6
4669	5	1
4670	2	8
4671	8	1
4672	2	2
4673	5	10
4674	3	5
4675	4	4
4676	4	3
4677	1	1
4678	4	0
4679	0	3
4680	4	2
4681	1	1
4682	2	7
4683	6	4
4684	8	2
4685	3	4
4686	7	8
4687	1	3
4688	5	7
4689	7	9
4690	2	4
4691	1	1
4692	2	3
4693	2	3
4694	3	2
4695	4	7
4696	5	6
4697	1	4
4698	0	6
4699	3	1
4700	3	4
4701	3	5
4702	7	6
4703	3	3
4704	1	6
4705	4	2
4706	1	2
4707	1	4
4708	1	4
4709	1	5
4710	5	6
4711	3	2
4712	4	0
4713	2	0
4714	0	3
4715	1	2
4716	1	4
4717	7	5
4718	6	2
4719	3	6
4720	4	2
4721	1	12
4722	0	5
4723	2	5
4724	1	9
4725	1	3
4726	0	8
4727	2	8
4728	4	4
4729	1	5
4730	4	3
4731	4	4
4732	3	5
4733	5	6
4734	3	2
4735	3	4
4736	3	1
4737	2	5
4738	7	4
4739	2	2
4740	1	2
4741	3	2
4742	1	4
4743	10	1
4744	1	3
4745	4	4
4746	1	4
4747	3	7
4748	1	5
4749	2	4
4750	3	4
4751	4	5
4752	3	6
4753	1	6
4754	0	2
4755	1	5
4756	1	4
4757	2	6
4758	1	2
4759	3	1
4760	1	3
4761	9	3
4762	7	7
4763	2	6
4764	8	4
4765	3	1
4766	12	4
4767	4	1
4768	7	6
4769	3	2
4770	1	3
4771	5	3
4772	1	7
4773	8	3
4774	4	3
4775	3	2
4776	3	8
4777	7	4
4778	1	0
4779	1	1
4780	3	3
4781	0	7
4782	0	8
4783	1	8
4784	0	9
4785	0	2
4786	0	9
4787	1	8
4788	1	10
4789	1	7
4790	2	12
4791	0	4
4792	1	5
4793	1	4
4794	0	3
4795	2	5
4796	1	6
4797	1	3
4798	0	4
4799	1	2
4800	1	8
4801	1	7
4802	1	7
4803	0	4
4804	2	9
4805	1	8
4806	1	4
4807	1	9
4808	2	6
4809	1	3
4810	1	6
4811	1	10
4812	0	7
4813	0	3
4814	1	7
4815	0	7
4816	1	8
4817	0	7
4818	0	9
4819	0	6
4820	0	5
4821	0	4
4822	0	5
4823	0	3
4824	2	4
4825	6	6
4826	0	2
4827	1	4
4828	4	1
4829	3	4
4830	3	4
4831	6	2
4832	5	5
4833	2	3
4834	2	1
4835	2	5
4836	4	4
4837	2	3
4838	1	4
4839	3	2
4840	1	3
4841	6	6
4842	2	3
4843	6	2
4844	4	2
4845	5	4
4846	6	2
4847	2	3
4848	3	3
4849	1	2
4850	1	2
4851	2	3
4852	0	5
4853	2	7
4854	4	1
4855	3	4
4856	1	4
4857	4	1
4858	1	6
4859	3	5
4860	3	13
4861	3	4
4862	2	4
4863	2	3
4864	1	6
4865	1	0
4866	2	1
4867	5	0
4868	6	2
4869	2	2
4870	0	1
4871	7	5
4872	4	4
4873	7	3
4874	3	3
4875	7	1
4876	5	5
4877	4	4
4878	5	3
4879	7	3
4880	2	3
4881	2	4
4882	1	1
4883	7	6
4884	4	3
4885	3	6
4886	4	3
4887	3	5
4888	8	7
4889	3	1
4890	5	5
4891	5	2
4892	4	5
4893	1	6
4894	5	2
4895	2	3
4896	5	2
4897	6	3
4898	6	0
4899	7	2
4900	6	3
4901	5	5
4902	4	2
4903	5	5
4904	3	0
4905	8	4
4906	3	0
4907	9	5
4908	3	3
4909	0	3
4910	6	8
4911	4	1
4912	1	3
4913	4	5
4914	8	2
4915	3	3
4916	4	3
4917	2	4
4918	5	2
4919	2	0
4920	1	2
4921	1	6
4922	2	3
4923	3	2
4924	3	4
4925	6	7
4926	2	3
4927	7	3
4928	6	4
4929	0	1
4930	3	4
4931	5	6
4932	2	2
4933	7	2
4934	0	1
4935	0	8
4936	0	6
4937	2	5
4938	1	6
4939	1	15
4940	1	6
4941	4	5
4942	1	4
4943	2	2
4944	2	3
4945	2	3
4946	5	3
4947	6	3
4948	4	6
4949	9	1
4950	7	3
4951	2	1
4952	2	2
4953	5	2
4954	3	2
4955	5	4
4956	2	2
4957	8	7
4958	1	1
4959	4	2
4960	9	1
4961	2	4
4962	0	3
4963	1	4
4964	2	6
4965	2	8
4966	1	11
4967	4	0
4968	3	2
4969	2	1
4970	4	5
4971	2	1
4972	2	8
4973	1	4
4974	4	2
4975	4	5
4976	5	1
4977	4	1
4978	4	5
4979	13	3
4980	3	5
4981	6	2
4982	10	6
4983	6	6
4984	8	4
4985	8	2
4986	12	2
4987	12	5
4988	9	5
4989	1	6
4990	0	5
4991	7	3
4992	2	2
4993	1	6
4994	1	4
4995	2	5
4996	4	5
4997	3	0
4998	7	5
4999	3	2
5000	5	1
5001	1	6
5002	2	6
5003	9	5
5004	3	2
5005	3	4
5006	8	7
5007	5	4
5008	6	5
5009	3	5
5010	8	2
5011	5	0
5012	2	4
5013	1	7
5014	3	6
5015	6	8
5016	1	3
5017	1	9
5018	5	1
5019	2	4
5020	8	3
5021	7	3
5022	3	1
5023	4	2
5024	10	4
5025	2	8
5026	6	3
5027	6	2
5028	3	3
5029	5	2
5030	1	3
5031	2	3
5032	8	3
5033	3	8
5034	8	5
5035	9	2
5036	4	1
5037	0	2
5038	3	2
5039	3	2
5040	3	5
5041	2	3
5042	3	8
5043	8	4
5044	8	5
5045	5	4
5046	13	3
5047	8	2
5048	3	3
5049	4	5
5050	5	6
5051	7	6
5052	5	8
5053	3	4
5054	4	4
5055	1	1
5056	3	1
5057	2	5
5058	5	5
5059	0	5
5060	8	0
5061	3	1
5062	3	0
5063	4	1
5064	2	1
5065	2	6
5066	4	2
5067	6	1
5068	0	1
5069	3	4
5070	7	2
5071	2	7
5072	8	4
5073	5	7
5074	7	3
5075	1	2
5076	0	9
5077	2	5
5078	2	4
5079	0	6
5080	1	3
5081	2	3
5082	0	1
5083	2	1
5084	3	4
5085	3	2
5086	8	4
5087	4	2
5088	2	4
5089	3	4
5090	3	2
5091	2	2
5092	4	1
5093	1	2
5094	7	1
5095	7	5
5096	5	3
5097	5	1
5098	4	4
5099	3	1
5100	1	0
5101	1	2
5102	4	2
5103	7	2
5104	1	1
5105	3	4
5106	4	1
5107	3	0
5108	3	6
5109	1	3
5110	8	4
5111	2	1
5113	0	4
5114	2	3
5115	4	3
5116	7	3
5117	7	6
5118	11	3
5119	5	3
5120	5	1
5121	4	1
5122	4	3
5123	7	0
5124	6	6
5125	11	4
5126	9	4
5127	4	2
5128	6	5
5129	6	3
5130	3	5
5131	5	3
5132	3	5
5133	5	6
5134	1	3
5135	3	1
5136	5	4
5137	4	5
5138	1	3
5139	0	3
5141	0	4
5142	1	2
5143	5	1
5144	1	4
5145	5	3
5146	4	1
5147	1	4
5148	3	4
5149	2	6
5150	8	5
5151	3	2
5152	3	3
5153	3	2
5154	4	5
5155	2	5
5156	7	2
5157	8	4
5158	1	2
5159	2	4
5160	8	3
5161	5	4
5162	12	5
5163	4	7
5164	6	1
5165	6	2
5166	12	3
5167	10	9
5168	11	4
5169	6	4
5170	5	2
5171	4	3
5172	10	4
5173	20	8
5174	8	3
5175	9	2
5176	3	2
5177	8	3
5178	4	3
5179	0	3
5182	10	5
5183	9	1
5184	4	5
5185	4	6
5186	1	2
5187	4	6
5188	1	4
5189	7	5
5190	2	3
5191	2	2
5192	1	1
5193	2	4
5194	2	6
5195	2	3
5196	4	3
5197	1	2
5198	2	5
5199	8	4
5200	1	2
5201	5	1
5202	2	4
5203	0	2
5204	10	2
5205	3	1
5206	6	2
5207	6	2
5208	8	3
5209	6	4
5210	5	5
5211	6	7
5212	6	7
5213	7	3
5214	7	3
5215	2	5
5216	2	3
5217	4	3
5218	3	3
5219	3	1
5220	11	4
5221	0	3
5222	1	3
5223	2	3
5224	1	5
5225	0	3
5226	1	6
5227	3	2
5228	3	6
5229	4	4
5230	3	1
5231	4	2
5232	1	1
5233	1	2
5234	2	4
5235	2	1
5236	5	2
5237	6	5
5238	2	3
5239	4	3
5240	5	6
5241	6	5
5242	10	4
5243	2	3
5244	0	2
5245	2	7
5246	1	3
5247	4	8
5248	5	1
5249	6	1
5250	2	1
5251	1	1
5252	1	4
5253	4	2
5254	3	5
5255	11	7
5256	2	4
5257	0	4
5258	7	0
5259	7	8
5260	1	6
5261	1	1
5262	4	0
5263	4	3
5264	2	1
5265	7	2
5266	8	7
5267	3	4
5268	3	3
5269	4	3
5270	8	5
5272	2	2
5273	0	2
5274	1	2
5275	5	1
5276	5	0
5277	3	5
5278	3	1
5279	0	1
5280	8	4
5281	2	1
5282	3	0
5283	2	5
5284	5	3
5285	3	2
5286	2	8
5287	2	6
5288	6	1
5289	9	2
5290	3	1
5291	2	2
5292	2	1
5293	1	2
5294	4	1
5295	2	4
5296	3	4
5297	4	4
5298	2	2
5299	5	4
5300	3	5
5301	6	4
5302	8	2
5303	3	2
5304	4	0
5305	3	1
5306	8	7
5307	4	5
5308	4	6
5309	3	0
5310	6	3
5311	2	6
5312	4	9
5313	2	8
5314	0	7
5315	2	12
5316	1	4
5317	3	2
5318	1	4
5319	2	3
5320	3	2
5321	6	1
5322	5	1
5323	3	1
5324	1	7
5325	2	3
5326	1	2
5327	2	2
5328	0	3
5329	7	5
5330	1	1
5331	3	9
5332	1	1
5333	7	4
5334	2	3
5335	2	3
5336	4	5
5337	4	3
5338	3	0
5339	6	4
5340	4	4
5341	6	3
5342	8	3
5343	2	0
5344	9	4
5345	3	1
5346	1	3
5347	3	2
5348	11	2
5349	9	0
5350	1	2
5351	5	3
5352	3	3
5353	5	2
5354	2	5
5355	0	1
5356	2	0
5357	4	4
5358	6	5
5359	3	11
5360	5	7
5361	5	6
5362	7	2
5363	1	5
5364	9	3
5365	8	2
5366	3	2
5367	3	1
5368	7	5
5369	4	4
5370	4	4
5371	6	6
5372	4	5
5373	8	3
5374	1	2
5375	2	1
5376	3	0
5377	2	2
5378	6	8
5379	8	3
5380	4	4
5381	5	2
5382	4	5
5383	4	5
5384	1	2
5385	2	8
5386	6	4
5387	2	3
5388	5	2
5389	11	0
5390	3	3
5391	3	8
5392	6	3
5393	5	1
5394	2	4
5395	4	2
5396	1	3
5397	2	5
5398	6	1
5399	2	3
5400	9	3
5401	4	2
5402	0	2
5403	3	3
5404	8	4
5405	2	4
5406	3	7
5407	0	2
5408	2	2
5409	5	4
5410	5	4
5411	4	1
5412	7	1
5413	6	2
5414	2	2
5415	5	3
5416	4	1
5417	3	3
5418	4	3
5419	5	8
5420	3	4
5421	4	2
5422	2	5
5423	4	4
5424	2	5
5425	8	3
5426	2	5
5427	1	2
5428	4	1
5429	1	2
5430	4	7
5431	0	5
5432	1	7
5433	1	8
5434	6	3
5435	3	4
5436	5	3
5437	2	4
5438	5	3
5439	4	3
5440	6	7
5441	4	2
5442	6	2
5443	6	2
5444	6	0
5445	0	6
5446	0	9
5447	0	9
5448	0	12
5449	0	4
5450	2	7
5451	1	3
5452	0	4
5453	0	9
5454	0	5
5455	2	7
5456	0	7
5457	2	5
5458	3	8
5459	2	8
5460	2	6
5461	3	9
5462	0	7
5463	2	7
5464	0	3
5465	0	6
5466	1	6
5467	2	8
5468	1	10
5469	1	9
5470	0	10
5471	1	8
5472	1	8
5473	0	2
5474	2	11
5475	0	6
5476	1	7
5477	0	8
5478	2	9
5479	2	2
5480	1	4
5481	1	5
5482	3	13
5483	0	3
5484	0	7
5485	1	4
5486	1	6
5487	0	13
5488	0	6
5489	1	6
5490	0	6
5491	1	5
5492	0	12
5493	1	9
5494	0	4
5495	0	2
5496	0	7
5497	1	5
5498	0	6
5499	0	6
5500	0	18
5501	2	8
5502	1	1
5503	1	6
5504	1	11
5505	2	9
5506	3	6
5507	0	10
5508	1	11
5509	0	6
5510	0	4
5511	0	8
5512	1	10
5513	0	1
5514	0	8
5515	0	3
5516	0	6
5517	1	4
5518	2	17
5519	0	7
5520	1	5
5521	0	8
5522	0	7
5523	1	8
5524	2	10
5525	0	10
5526	0	4
5527	0	5
5528	1	8
5529	1	4
5530	0	13
5531	1	8
5532	0	10
5533	1	11
5534	1	6
5535	0	6
5536	3	12
5537	1	5
5538	2	8
5539	0	6
5540	1	3
5541	2	13
5542	2	7
5543	0	15
5544	1	3
5545	1	4
5546	3	6
5547	0	3
5548	1	5
5549	0	6
5550	3	10
5551	2	9
5552	1	7
5553	0	7
5554	0	9
5555	3	6
5556	1	4
5557	3	7
5558	1	6
5559	2	5
5560	0	7
5561	1	7
5562	0	8
5563	1	5
5564	0	4
5565	0	8
5566	5	3
5567	0	5
5568	1	6
5569	5	12
5570	1	5
5571	1	8
5572	2	10
5573	0	12
5574	2	6
5575	1	7
5576	1	7
5577	0	2
5578	1	13
5579	0	6
5580	0	4
5581	2	4
5582	1	12
5583	1	10
5584	3	9
5585	1	11
5586	2	7
5587	2	5
5588	1	11
5589	4	6
5590	2	6
5591	4	7
5592	2	12
5593	2	7
5594	0	13
5595	1	4
5596	2	6
5597	0	16
5598	2	6
5599	0	9
5600	3	10
5601	0	13
5602	1	10
5603	0	3
5604	0	5
5605	2	4
5606	1	6
5607	0	8
5608	1	6
5609	0	9
5610	1	4
5611	1	1
5612	0	4
5613	3	6
5614	1	9
5615	0	8
5616	0	10
5617	1	4
5618	1	6
5619	1	6
5620	0	7
5621	4	4
5622	1	7
5623	0	8
5624	2	8
5625	0	3
5626	2	4
5627	1	1
5628	4	4
5629	3	2
5630	2	1
5631	4	3
5632	2	3
5633	0	4
5634	2	3
5635	4	5
5636	4	3
5637	4	3
5638	3	6
5639	4	3
5640	4	3
5641	2	3
5642	1	5
5643	1	3
5644	5	2
5645	5	6
5646	3	4
5647	2	1
5648	8	2
5649	3	7
5650	5	6
5651	10	5
5652	9	3
5653	3	6
5654	6	2
5655	5	5
5656	1	4
5657	2	5
5658	5	0
5659	1	1
5660	2	3
5661	1	3
5662	0	2
5663	5	3
5664	3	5
5665	3	0
5666	0	3
5667	4	2
5668	2	4
5669	2	1
5670	2	2
5671	4	5
5672	8	4
5673	4	2
5674	7	4
5675	6	2
5676	2	6
5677	5	1
5678	3	1
5679	2	1
5680	4	4
5681	9	5
5682	4	2
5683	3	0
5684	2	2
5685	3	2
5686	2	2
5687	2	1
5688	8	6
5689	3	4
5690	3	5
5691	1	3
5692	2	2
5693	7	6
5694	6	2
5695	5	4
5696	3	6
5697	1	2
5698	1	3
5699	1	3
5700	7	2
5701	6	4
5702	5	3
5703	12	2
5704	2	1
5705	7	3
5706	5	9
5707	2	3
5708	1	1
5709	11	5
5710	12	6
5711	3	6
5712	4	3
5713	5	2
5714	2	1
5715	5	3
5716	0	6
5717	9	3
5718	10	5
5719	10	7
5720	11	2
5721	6	4
5722	5	4
5723	3	2
5724	6	3
5725	5	6
5726	2	4
5727	4	5
5728	3	5
5729	1	0
5730	5	5
5731	7	1
5732	1	4
5733	5	1
5734	2	2
5735	5	4
5736	1	1
5737	0	1
5738	0	1
5739	3	3
5740	3	5
5741	4	3
5742	1	2
5743	7	1
5744	1	5
5745	5	9
5746	5	4
5747	7	6
5748	4	6
5749	1	5
5750	1	2
5751	2	3
5752	4	4
5753	8	4
5754	4	4
5755	5	4
5756	6	0
5757	5	4
5758	8	5
5759	5	2
5760	3	4
5761	9	5
5762	5	2
5763	3	3
5764	4	1
5765	0	2
5766	1	3
5767	4	3
5768	5	11
5769	2	2
5770	1	3
5771	4	1
5772	1	0
5774	5	6
5775	2	2
5776	2	1
5777	8	3
5778	2	2
5779	5	5
5780	8	5
5781	7	6
5782	4	5
5783	8	4
5784	5	3
5785	4	5
5786	4	4
5787	3	5
5788	3	6
5789	5	2
5790	0	2
5791	6	5
5792	9	3
5793	5	6
5794	5	3
5795	4	6
5796	5	2
5797	6	6
5798	1	9
5799	2	2
5800	0	3
5801	5	1
5802	5	1
5803	5	2
5804	1	4
5805	8	4
5806	3	3
5807	6	5
5808	10	2
5809	5	1
5810	3	1
5811	5	4
5812	5	3
5813	7	4
5814	0	3
5815	2	5
5816	2	2
5817	2	4
5818	3	2
5819	3	5
5820	5	4
5821	1	1
5822	4	1
5823	4	2
5824	11	4
5825	2	7
5826	2	3
5827	2	2
5828	4	8
5829	6	3
5830	4	6
5831	8	4
5832	7	3
5833	6	6
5834	3	2
5835	6	2
5836	3	9
5837	0	5
5838	3	2
5839	2	1
5840	6	6
5841	8	2
5842	4	2
5843	8	5
5844	5	2
5845	8	7
5846	4	2
5847	3	6
5848	1	1
5849	0	1
5850	6	7
5851	5	4
5852	6	2
5853	5	4
5854	4	3
5855	9	5
5856	10	5
5857	7	0
5858	7	3
5859	4	0
5860	6	1
5861	0	2
5862	10	6
5863	6	2
5864	5	3
5865	3	3
5866	3	1
5867	6	4
5868	2	2
5869	4	5
5870	1	1
5871	4	1
5872	4	2
5873	3	7
5874	1	0
5875	5	4
5876	2	3
5877	2	4
5878	0	4
5879	2	7
5880	4	3
5881	4	3
5882	8	2
5883	5	2
5884	4	1
5885	5	0
5887	14	2
5888	5	2
5889	6	2
5890	5	2
5891	3	5
5892	0	7
5893	1	7
5894	0	13
5895	1	14
5896	0	4
5897	2	1
5898	3	5
5899	3	8
5900	4	2
5901	4	6
5902	5	4
5903	4	5
5904	2	2
5905	6	5
5906	2	3
5907	6	3
5908	1	4
5909	1	3
5910	7	5
5911	3	3
5912	6	3
5913	2	2
5914	0	10
5915	0	6
5916	4	2
5917	0	10
5918	0	10
5919	2	10
5920	0	8
5921	0	10
5922	2	3
5923	2	4
5924	7	2
5925	3	1
5926	2	0
5927	1	0
5928	10	1
5929	3	0
5930	2	1
5931	6	3
5932	3	2
5933	0	2
5934	4	1
5935	11	3
5936	7	5
5937	1	2
5938	2	1
5939	1	0
5940	7	0
5941	5	3
5942	7	1
5943	3	2
5944	2	3
5945	3	7
5946	5	1
5947	1	4
5948	1	6
5949	0	6
5950	1	2
5951	0	8
5952	1	2
5953	1	9
5954	0	8
5955	4	6
5956	1	1
5957	3	6
5958	6	3
5959	6	4
5960	6	5
5961	5	5
5962	2	1
5963	5	5
5964	6	1
5965	4	2
5966	4	2
5967	5	4
5968	9	3
5969	4	1
5970	8	4
5971	8	5
5972	4	2
5973	6	1
5974	2	6
5975	5	3
5976	3	4
5977	5	2
5978	3	4
5979	6	3
5980	5	3
5981	7	1
5982	4	7
5983	9	5
5984	1	7
5985	0	8
5986	0	7
5987	1	7
5988	1	9
5989	2	6
5990	0	4
5991	1	9
5992	1	4
5993	2	1
5994	2	4
5995	5	7
5996	3	0
5997	6	3
5998	3	1
5999	3	5
6000	3	2
6001	6	4
6002	6	2
6003	3	8
6004	0	4
6005	1	11
6006	0	8
6007	4	7
6008	8	4
6009	5	4
6010	4	5
6011	7	5
6012	8	4
6013	8	3
6014	4	6
6015	2	7
6016	5	4
6017	7	6
6018	8	2
6019	2	0
6020	2	5
6021	7	7
6022	2	2
6023	6	7
6024	6	3
6025	0	3
6026	4	3
6027	2	1
6028	5	6
6029	3	4
6030	1	1
6031	10	6
6032	6	3
6033	4	2
6034	4	2
6035	3	4
6036	8	3
6037	3	3
6038	3	2
6039	2	2
6040	2	6
6041	7	3
6042	6	2
6043	3	4
6044	3	3
6045	3	3
6046	4	5
6047	3	6
6048	13	3
6049	9	3
6050	9	4
6051	3	5
6052	4	9
6053	5	5
6054	6	1
6055	8	3
6056	6	1
6057	5	2
6058	3	3
6059	5	4
6060	5	7
6061	12	8
6062	9	7
6063	2	6
6064	8	3
6065	7	5
6066	4	1
6067	5	1
6068	6	3
6069	2	5
6070	7	5
6071	5	8
6072	1	3
6073	1	3
6074	2	3
6075	4	3
6076	6	0
6077	5	5
6078	4	3
6079	9	3
6080	6	5
6081	4	3
6082	5	2
6083	4	2
6084	7	3
6085	8	2
6086	5	4
6087	7	6
6088	4	3
6089	6	3
6090	3	6
6091	7	8
6092	7	5
6093	12	4
6094	0	4
6095	6	0
6096	4	5
6097	4	2
6098	6	5
6099	5	3
6100	6	8
6101	1	4
6103	3	3
6104	12	2
6105	3	0
6106	2	3
6107	7	2
6108	6	0
6109	7	7
6110	5	6
6111	2	1
6112	8	4
6113	2	2
6114	6	5
6115	4	4
6116	3	3
6117	1	3
6118	4	2
6119	5	1
6120	6	3
6121	7	5
6122	9	3
6123	8	5
6124	7	3
6125	3	3
6126	6	2
6127	6	5
6128	6	2
6129	7	3
6130	1	3
6131	1	3
6132	9	4
6133	3	2
6134	1	3
6135	5	2
6136	4	5
6137	1	4
6138	9	0
6139	0	4
6140	1	2
6141	4	2
6142	3	8
6143	10	6
6144	5	1
6145	3	2
6146	3	2
6147	7	3
6148	5	4
6149	6	0
6150	3	2
6151	7	2
6152	7	6
6153	4	2
6154	5	4
6155	4	5
6156	3	5
6157	6	2
6158	1	6
6159	1	6
6160	0	2
6161	0	6
6162	1	3
6163	8	6
6164	5	2
6165	6	3
6166	1	3
6167	6	2
6168	3	4
6169	10	3
6170	8	5
6171	5	4
6172	5	3
6173	4	1
6174	3	1
6175	5	2
6176	6	2
6177	7	4
6178	3	3
6179	3	6
6180	1	0
6181	3	1
6182	6	5
6183	3	5
6184	4	3
6185	4	5
6186	5	1
6187	4	5
6188	0	2
6189	6	4
6190	7	2
6191	2	1
6192	4	3
6193	3	5
6194	2	2
6195	3	5
6196	9	1
6197	2	3
6198	6	3
6199	3	2
6200	5	1
6201	7	4
6202	1	2
6203	0	3
6204	5	6
6205	4	0
6206	1	1
6207	8	2
6208	6	5
6209	1	2
6210	1	6
6211	3	7
6212	4	8
6213	3	9
6214	6	1
6215	8	9
6216	10	1
6217	5	6
6218	5	2
6219	7	6
6220	7	4
6221	1	1
6222	8	2
6223	4	2
6224	0	2
6225	3	3
6226	4	4
6227	5	2
6228	4	4
6229	7	5
6230	2	4
6231	4	4
6232	3	2
6233	1	3
6234	1	2
6235	5	2
6236	6	0
6237	7	0
6238	3	2
6239	9	5
6240	3	3
6241	6	2
6242	10	4
6243	10	6
6244	3	3
6245	4	2
6246	3	4
6247	0	11
6248	0	6
6249	1	11
6250	3	8
6251	2	5
6252	8	3
6253	3	4
6254	4	3
6255	9	3
6256	5	1
6257	2	0
6258	3	3
6259	1	2
6260	2	3
6261	3	4
6262	3	3
6263	5	4
6264	5	5
6265	4	5
6266	4	5
6267	6	3
6268	7	4
6269	2	1
6270	1	2
6271	0	3
6272	2	1
6273	1	0
6274	3	4
6275	4	5
6276	6	4
6277	6	6
6278	2	5
6279	1	4
6280	3	0
6281	1	5
6282	7	3
6283	8	3
6284	7	2
6285	3	2
6286	9	5
6287	7	2
6288	6	2
6289	7	2
6290	5	8
6291	9	7
6292	3	4
6293	15	3
6294	5	4
6295	4	0
6296	4	1
6297	7	1
6298	7	6
6299	4	5
6300	11	5
6301	5	2
6302	6	3
6303	5	8
6304	2	9
6305	11	6
6306	9	5
6307	6	6
6308	7	2
6309	2	5
6310	6	9
6311	8	7
6312	7	8
6313	4	3
6314	6	4
6315	2	3
6316	2	7
6317	0	10
6318	1	8
6319	4	6
6320	7	5
6321	8	3
6322	4	4
6323	7	0
6324	6	2
6325	2	3
6326	1	5
6327	2	6
6328	0	3
6329	1	11
6330	0	6
6331	3	7
6332	1	3
6333	1	3
6334	4	8
6335	1	6
6336	0	7
6337	2	4
6338	3	6
6339	0	10
6340	0	6
6341	0	5
6342	4	5
6343	1	4
6344	1	9
6345	1	6
6346	2	8
6347	0	10
6348	0	6
6349	0	11
6350	0	10
6351	2	8
6352	3	12
6353	0	4
6354	1	10
6355	0	10
6356	2	7
6357	2	13
6358	0	5
6359	1	7
6360	1	10
6361	0	3
6362	4	2
6363	0	1
6364	1	2
6365	2	1
6366	0	3
6367	1	3
6368	3	2
6369	0	1
6370	1	0
6371	4	2
6372	5	2
6373	3	4
6374	4	2
6375	3	3
6376	1	6
6377	1	8
6378	0	6
6379	0	6
6380	5	7
6381	1	3
6382	2	6
6383	2	4
6384	7	4
6385	6	5
6386	8	6
6387	4	8
6388	8	3
6389	5	5
6390	1	4
6391	3	3
6392	2	5
6393	2	3
6394	3	5
6395	3	8
6396	3	8
6397	4	6
6398	3	2
6399	5	6
6400	2	2
6401	7	2
6402	4	2
6403	2	3
6404	0	5
6405	2	4
6406	4	7
6407	3	3
6408	5	3
6409	7	2
6410	7	10
6411	2	7
6412	0	6
6413	0	11
6414	1	4
6415	0	14
6416	0	18
6417	2	4
6418	0	6
6419	2	2
6420	5	8
6421	2	1
6422	3	5
6423	5	6
6424	7	2
6425	4	7
6426	4	6
6427	4	3
6428	2	2
6429	2	8
6430	2	3
6431	7	4
6432	4	5
6433	7	0
6434	3	3
6435	4	2
6436	5	2
6437	1	2
6438	10	4
6439	2	3
6440	2	3
6441	5	3
6442	1	5
6443	3	3
6444	5	5
6445	3	3
6446	3	3
6447	2	4
6448	4	2
6449	2	4
6450	9	1
6451	6	2
6452	0	1
6453	6	2
6454	3	3
6455	7	4
6456	4	2
6457	6	4
6458	9	4
6459	7	5
6460	5	5
6461	4	2
6462	4	2
6463	2	2
6464	4	2
6465	3	1
6466	6	3
6467	2	2
6468	0	2
6469	1	2
6470	7	3
6471	7	5
6472	5	4
6473	6	1
6474	0	4
6475	3	6
6476	3	10
6477	0	5
6478	1	1
6479	0	8
6480	4	8
6481	2	1
6482	1	3
6483	2	3
6484	3	2
6485	5	2
6486	2	1
6487	2	2
6488	0	2
6489	1	3
6490	3	3
6491	2	9
6492	7	5
6493	1	1
6494	5	2
6495	1	3
6496	5	2
6497	0	6
6498	9	8
6499	5	2
6500	6	6
6501	12	6
6502	2	0
6503	7	4
6504	1	1
6505	3	4
6506	5	5
6507	4	1
6508	4	4
6509	3	11
6510	4	5
6511	2	2
6512	4	4
6513	8	2
6514	9	4
6515	3	3
6516	7	1
6517	7	3
6518	2	5
6519	3	7
6520	11	6
6521	6	4
6522	6	6
6523	6	3
6524	0	1
6525	1	1
6526	2	4
6527	3	3
6528	3	3
6529	2	3
6530	5	6
6531	7	6
6532	2	5
6533	0	7
6534	4	2
6535	1	1
6536	3	2
6537	1	1
6538	6	2
6539	5	4
6540	3	1
6541	5	2
6542	3	2
6543	8	7
6544	3	9
6545	5	2
6546	5	6
6547	8	7
6548	5	2
6549	4	4
6550	8	6
6551	6	3
6552	9	1
6553	2	7
6554	8	4
6555	6	6
6556	3	1
6557	1	2
6558	4	3
6559	7	4
6560	4	4
6561	7	3
6562	14	3
6563	5	4
6564	3	2
6565	4	5
6566	5	5
6567	3	3
6568	7	1
6569	1	1
6570	1	2
6572	6	4
6573	4	2
6574	1	3
6575	4	3
6576	6	4
6577	3	4
6578	4	2
6579	4	4
6580	2	2
6581	6	1
6582	6	0
6583	2	2
6584	5	4
6585	13	3
6586	7	2
6587	0	1
6588	4	2
6589	6	1
6590	3	1
6591	3	6
6592	5	7
6593	7	2
6594	3	3
6595	3	4
6596	6	5
6597	6	7
6598	3	2
6599	3	2
6600	5	2
6601	4	4
6602	3	2
6603	6	2
6604	9	2
6605	4	3
6606	6	5
6607	6	2
6608	5	2
6609	6	4
6610	4	6
6611	2	2
6612	6	3
6613	4	2
6614	2	4
6615	2	2
6616	5	1
6617	6	4
6618	2	3
6619	2	4
6620	1	3
6621	6	2
6622	2	2
6623	4	3
6624	2	1
6625	2	2
6626	5	1
6627	5	6
6628	6	2
6629	4	2
6630	4	4
6631	5	6
6632	8	4
6633	0	2
6634	1	2
6635	2	3
6636	2	0
6637	5	4
6638	5	3
6639	1	1
6640	3	3
6641	1	1
6642	4	3
6643	5	4
6644	3	2
6645	5	5
6646	3	2
6647	5	3
6648	4	3
6649	6	3
6650	5	5
6651	0	3
6652	10	1
6653	1	3
6654	5	3
6655	4	4
6656	3	10
6657	3	4
6658	2	10
6659	0	8
6660	1	8
6661	1	3
6662	6	9
6663	11	4
6664	8	5
6665	6	4
6666	9	5
6667	7	3
6668	1	1
6669	2	2
6670	5	4
6671	5	1
6672	14	6
6673	1	1
6674	0	1
6675	10	5
6676	7	7
6677	2	3
6678	2	5
6679	8	4
6680	4	2
6682	4	6
6683	2	5
6684	6	2
6685	2	3
6686	5	6
6687	8	5
6688	6	3
6689	1	1
6690	2	9
6691	4	2
6692	10	5
6693	5	5
6694	10	2
6695	8	5
6696	2	2
6697	2	4
6698	7	4
6699	5	2
6700	3	6
6701	3	2
6702	2	3
6703	3	5
6704	3	3
6705	6	7
6706	4	3
6707	4	0
6708	5	3
6709	1	3
6710	1	3
6711	4	3
6712	10	3
6713	1	6
6714	3	4
6715	2	1
6716	4	4
6717	9	4
6718	8	7
6719	5	2
6720	9	5
6721	11	4
6722	5	3
6723	1	2
6724	4	2
6725	5	3
6726	7	4
6727	6	1
6728	0	3
6729	0	1
6730	1	2
6731	1	2
6732	2	4
6733	3	6
6734	3	3
6735	3	4
6736	2	2
6737	8	9
6738	2	1
6739	11	5
6740	4	8
6741	1	0
6742	2	2
6743	2	0
6744	3	4
6745	8	3
6746	8	3
6747	5	4
6748	7	1
6749	10	7
6750	6	3
6751	2	3
6752	1	3
6753	2	2
6754	14	3
6755	3	4
6756	6	2
6757	7	6
6758	0	1
6759	0	1
6760	0	4
6761	3	2
6762	4	6
6763	3	1
6764	5	3
6765	3	10
6766	3	1
6767	4	4
6768	7	3
6769	9	7
6770	2	8
6771	5	3
6772	3	3
6773	6	5
6774	11	3
6775	5	4
6776	2	2
6777	9	5
6778	4	2
6779	6	4
6780	2	1
6781	5	4
6782	5	8
6783	5	6
6784	2	2
6785	0	1
6786	1	4
6787	4	0
6788	6	5
6789	2	1
6790	3	3
6791	5	1
6792	14	3
6793	1	4
6794	2	6
6795	3	7
6796	0	8
6797	2	8
6798	6	5
6799	2	4
6800	7	4
6801	9	5
6802	4	5
6803	4	1
6804	2	6
6805	5	5
6806	4	0
6807	6	5
6808	5	2
6809	12	4
6810	2	3
6811	1	3
6812	1	8
6813	0	11
6814	0	8
6815	1	9
6816	0	9
6817	0	7
6818	1	8
6819	0	8
6820	0	9
6821	0	7
6822	0	5
6823	2	2
6824	4	5
6825	6	4
6826	5	0
6827	0	2
6828	5	8
6829	2	1
6830	3	5
6831	3	6
6832	4	1
6833	5	8
6834	1	9
6835	10	5
6836	3	6
6837	5	2
6838	3	5
6839	5	4
6840	1	1
6841	4	2
6842	14	8
6843	8	4
6844	10	3
6845	9	7
6846	2	2
6847	4	3
6848	1	3
6849	4	6
6850	1	8
6851	2	5
6852	9	5
6853	3	6
6854	5	4
6855	9	6
6856	5	3
6857	6	4
6858	3	2
6859	4	6
6860	0	2
6861	4	3
6862	5	4
6863	7	5
6864	3	3
6865	3	5
6866	3	2
6867	10	6
6868	4	4
6869	9	6
6870	2	1
6871	1	3
6872	5	5
6873	7	2
6874	6	4
6875	11	6
6876	4	2
6877	0	2
6879	4	1
6880	4	9
6881	10	3
6882	6	4
6883	8	1
6884	9	5
6885	2	2
6886	4	2
6887	0	2
6888	1	4
6889	6	1
6890	4	1
6891	9	8
6892	1	6
6893	5	2
6894	3	2
6896	7	5
6897	4	1
6898	4	3
6899	1	4
6900	4	0
6901	5	2
6902	2	0
6903	0	3
6904	2	4
6905	7	4
6906	1	5
6907	5	3
6908	2	2
6909	0	3
6910	1	3
6911	1	1
6912	4	6
6913	0	3
6914	2	10
6915	0	8
6916	0	6
6917	2	11
6918	0	9
6919	0	9
6920	0	8
6921	3	3
6922	2	2
6923	3	4
6924	7	5
6925	3	1
6926	2	7
6927	7	3
6928	2	7
6929	1	1
6930	1	2
6931	6	3
6932	9	8
6933	7	4
6934	2	9
6935	8	8
6936	5	3
6938	9	7
6939	5	2
6940	5	7
6941	1	7
6942	3	6
6943	5	7
6944	5	5
6945	12	7
6946	5	3
6947	1	1
6948	9	3
6949	2	3
6950	1	2
6951	1	0
6952	6	0
6953	4	3
6954	2	2
6955	2	1
6956	5	2
6957	7	12
6958	6	3
6959	5	1
6960	6	5
6961	5	3
6962	3	6
6963	12	1
6964	2	1
6965	3	1
6966	1	0
6967	4	6
6968	4	6
6969	7	3
6970	9	4
6971	14	2
6972	7	3
6973	3	3
6974	3	2
6975	4	3
6976	4	5
6977	3	4
6978	3	5
6979	5	3
6980	1	5
6981	5	4
6982	2	0
6983	3	4
6984	1	1
6985	5	4
6986	4	2
6987	7	2
6988	3	1
6989	7	4
6990	4	6
6991	5	2
6992	7	8
6993	7	2
6994	5	3
6995	9	6
6996	2	2
6997	4	11