1	0	4
2	0	12
3	1	5
4	1	9
5	0	7
6	1	1
7	0	3
8	1	5
9	0	5
10	0	3
11	0	4
12	0	4
13	0	5
14	4	8
15	0	6
16	0	4
17	1	2
18	1	4
19	3	4
20	0	6
21	0	3
22	0	6
23	0	8
24	0	5
25	1	2
26	2	5
27	1	5
28	0	9
29	1	3
30	0	5
31	0	3
32	0	9
33	2	6
34	1	2
35	0	3
36	1	7
37	0	3
38	1	4
39	0	7
40	0	7
41	3	6
42	1	6
43	0	6
44	0	8
45	0	6
46	0	7
47	1	6
48	1	8
49	1	3
50	0	5
51	0	5
52	0	5
53	0	2
54	0	7
55	0	4
56	0	4
57	1	6
58	1	10
59	1	1
60	1	3
61	3	6
62	1	5
63	0	7
64	0	3
65	1	4
66	1	3
67	0	4
68	1	4
69	0	5
70	0	4
71	0	5
72	0	5
73	2	6
74	0	6
75	0	3
76	0	7
77	2	4
78	0	7
79	0	5
80	1	5
81	1	2
82	1	5
83	1	5
84	0	8
85	0	14
86	0	13
87	0	8
88	1	7
89	0	8
90	0	11
91	0	2
92	0	3
93	0	6
94	2	4
95	0	4
96	0	5
97	2	7
98	0	1
99	0	2
101	2	10
102	2	5
103	3	5
104	0	7
105	1	0
106	0	6
107	0	5
108	0	7
109	0	7
110	2	8
111	1	7
112	1	4
113	0	4
114	1	3
115	1	3
116	1	4
117	3	7
118	0	5
119	0	5
120	3	9
121	0	5
122	0	7
123	0	6
124	0	8
125	0	4
126	0	5
127	2	6
128	0	6
129	0	4
130	3	2
131	1	6
132	1	7
133	0	3
134	1	3
135	0	5
136	1	8
137	0	7
138	0	4
139	1	9
140	0	4
141	1	5
142	2	8
143	2	5
144	0	3
145	1	4
146	1	5
147	0	2
148	0	5
149	1	4
150	1	5
151	0	9
152	2	5
153	0	5
154	1	6
155	0	8
156	1	3
157	0	5
158	1	5
159	0	2
160	1	5
161	0	4
162	0	5
163	0	4
164	0	6
165	1	5
166	1	6
167	0	7
168	0	6
169	1	3
170	1	10
171	0	6
172	1	6
173	0	6
174	0	6
175	0	5
176	1	1
177	1	6
178	0	2
179	0	3
180	0	4
181	2	10
182	0	4
183	0	2
184	0	4
185	1	6
186	1	4
187	0	7
188	1	2
189	0	3
190	1	4
191	1	1
192	0	2
193	0	7
194	2	6
195	0	3
196	0	4
197	0	10
198	0	5
199	0	4
200	1	9
201	1	5
202	0	4
203	1	3
204	1	4
205	4	7
206	0	4
207	1	7
208	1	3
209	0	6
210	0	8
211	3	4
212	3	7
213	1	7
214	0	9
215	1	3
216	0	10
217	0	5
218	0	7
219	0	3
220	1	6
221	1	2
222	1	8
223	0	4
224	1	3
225	0	6
226	0	2
227	1	3
228	2	7
229	2	2
230	0	3
231	4	5
232	1	3
233	2	8
234	1	4
235	0	12
236	2	4
237	0	8
238	1	5
239	0	11
240	2	3
241	2	5
242	1	8
243	1	6
244	1	2
245	2	3
246	1	7
247	0	2
248	0	6
249	2	5
250	0	2
251	0	6
252	1	7
253	0	6
254	1	5
255	3	8
256	2	2
257	0	6
258	2	7
259	1	7
260	1	12
261	1	5
262	1	8
263	0	3
264	0	7
265	0	5
266	0	3
267	1	5
268	2	1
269	1	9
270	4	9
271	1	9
272	0	3
273	0	5
274	0	9
275	0	4
276	1	5
277	1	7
278	0	5
279	3	7
280	0	6
281	0	5
282	1	6
283	0	8
284	1	3
285	1	2
286	0	1
287	2	5
288	1	1
289	1	9
290	1	6
291	0	2
292	1	5
293	2	8
294	1	2
295	0	1
296	1	7
297	1	7
298	4	3
299	0	3
300	3	8
301	1	4
302	4	2
303	0	6
304	0	6
305	2	5
306	0	4
307	1	7
308	0	6
309	0	13
310	3	4
311	2	2
312	3	4
313	1	4
314	0	5
315	0	5
316	1	3
317	0	4
318	1	4
319	0	8
320	1	11
321	0	6
322	1	3
323	0	1
324	1	5
325	3	5
326	0	9
327	0	9
328	0	4
329	2	6
330	2	2
331	0	3
332	1	4
333	0	6
334	1	5
335	0	7
336	0	8
337	0	2
338	2	5
339	0	8
340	0	5
341	1	9
342	1	8
343	3	3
344	2	7
345	2	4
346	1	4
347	1	8
348	0	12
349	0	6
350	1	3
351	1	4
352	0	6
353	0	4
354	0	4
355	0	8
356	0	3
357	1	2
358	1	10
359	0	4
360	1	2
361	0	3
362	0	2
363	1	8
364	1	5
365	0	6
366	1	3
367	1	8
368	0	5
369	0	12
370	0	4
371	1	2
372	1	3
373	1	7
374	1	9
375	1	8
376	1	4
377	0	2
378	2	6
379	2	3
380	0	6
381	2	9
382	0	4
383	1	6
384	1	2
385	0	10
386	0	4
387	1	4
388	0	4
389	1	5
390	0	11
391	0	6
392	1	6
393	2	8
394	0	5
395	0	2
396	1	6
397	0	4
398	0	9
399	1	3
400	0	4
401	0	4
402	0	8
403	1	8
404	0	2
405	1	4
406	1	4
407	1	1
408	1	6
409	0	5
410	1	2
411	0	5
412	0	2
413	0	7
414	4	6
415	0	3
416	0	5
417	0	6
418	0	3
419	0	9
420	0	5
421	2	9
422	1	10
423	1	4
424	1	4
425	0	6
426	1	5
427	2	5
428	1	7
429	1	5
430	2	5
431	1	5
432	0	1
433	4	6
434	1	7
435	1	3
436	2	4
437	1	6
438	0	7
439	0	4
440	1	5
441	1	7
442	3	1
443	0	3
444	0	6
445	1	7
446	0	6
447	1	3
448	0	5
449	0	3
450	0	5
451	0	1
452	1	5
453	0	4
454	0	3
455	0	10
456	2	6
457	1	2
458	1	12
459	1	11
460	2	8
461	0	13
462	0	5
463	2	6
464	2	6
465	1	7
466	2	5
467	0	3
468	1	9
469	0	7
470	1	6
471	0	7
472	0	2
473	0	10
474	0	4
475	0	2
476	0	5
477	0	4
478	0	6
479	0	7
480	0	4
481	2	10
482	0	4
483	1	9
484	0	6
485	1	7
486	0	8
487	2	3
488	1	3
489	0	2
490	1	6
491	1	10
492	1	1
493	0	5
494	0	5
495	0	6
496	2	3
497	0	7
498	1	5
499	0	5
500	0	4
501	0	5
502	1	4
503	1	5
504	2	6
505	0	5
506	1	6
507	0	7
508	0	5
509	1	7
510	2	5
511	1	6
513	1	7
514	0	6
515	1	4
516	1	4
517	0	6
518	0	5
519	0	6
520	0	5
521	0	5
522	0	6
523	0	3
524	0	6
525	1	5
526	0	6
527	0	8
528	0	8
529	1	9
530	0	7
531	0	5
532	0	5
533	1	4
534	0	5
535	0	10
536	0	4
537	1	6
538	0	10
539	0	2
540	0	8
541	0	9
542	0	3
543	1	8
544	1	5
545	1	5
546	0	5
547	0	2
548	1	5
549	1	3
550	1	7
551	1	10
552	0	6
553	0	6
554	0	5
555	0	3
556	0	5
557	0	8
558	0	8
559	0	7
560	1	2
561	0	4
562	0	5
563	0	5
564	0	5
565	1	1
566	0	7
567	1	10
568	1	4
569	0	5
570	0	5
571	0	5
572	2	7
573	0	4
574	1	3
575	0	6
576	1	9
577	0	4
578	0	6
579	1	6
580	2	6
581	0	6
582	0	2
583	1	7
584	0	10
585	0	7
586	1	9
587	1	4
588	0	4
589	0	9
590	1	7
591	0	4
592	0	5
593	0	7
594	1	5
595	0	8
596	3	5
597	0	8
598	1	7
599	0	4
600	1	8
601	1	6
602	0	4
603	0	7
604	0	7
605	0	5
606	2	4
607	0	7
608	0	3
609	0	2
610	1	1
611	0	5
612	1	8
613	0	2
614	0	8
615	1	2
616	1	8
617	0	3
618	1	1
619	0	5
620	0	4
621	0	4
622	1	6
623	0	8
624	2	5
625	2	8
626	2	3
627	0	6
628	1	4
629	0	6
630	1	9
631	0	2
632	2	3
633	1	5
634	0	8
635	0	6
636	3	3
637	1	7
638	0	6
639	1	10
640	1	4
641	3	5
642	5	5
643	4	7
644	0	5
645	0	5
646	0	5
647	1	4
648	1	6
649	5	11
650	0	5
651	2	4
652	0	5
653	0	9
654	1	5
655	0	7
656	1	4
657	0	4
658	2	5
659	1	5
660	2	11
661	0	2
662	4	5
663	1	6
664	1	4
665	0	6
666	0	9
667	0	5
668	0	2
669	1	6
670	0	3
671	0	8
672	0	7
673	1	0
674	1	5
675	0	9
676	0	8
677	2	4
678	1	1
679	0	4
680	0	3
681	1	6
682	1	3
683	0	3
684	1	3
685	0	5
686	1	4
687	3	1
688	0	3
689	0	4
690	1	8
691	2	5
692	0	4
693	0	3
694	1	10
695	1	4
696	0	3
697	0	7
698	1	3
699	2	6
700	2	4
701	0	7
702	2	6
703	1	5
704	3	5
705	1	3
706	1	3
707	2	7
708	0	7
709	1	3
710	0	5
711	0	3
712	1	5
713	0	4
714	0	4
715	0	3
716	0	6
717	0	6
718	0	8
719	0	2
720	0	8
721	0	3
722	1	4
723	0	4
724	0	6
725	1	7
726	3	4
727	0	4
728	0	3
729	0	4
730	1	6
731	0	6
732	0	5
733	0	3
734	0	8
735	0	5
736	1	5
737	2	5
738	0	5
739	0	4
740	0	4
741	0	10
742	1	3
743	0	7
744	0	6
745	0	4
746	1	2
747	0	1
748	0	4
749	0	4
750	0	11
751	0	6
752	1	5
753	0	5
754	1	10
755	0	5
756	0	8
757	1	4
758	0	5
760	0	3
761	2	4
762	0	10
763	2	11
764	0	10
765	1	3
766	0	8
767	0	3
768	0	6
769	0	7
770	0	8
771	0	6
772	0	3
773	1	8
774	0	2
775	0	6
776	3	5
777	0	5
778	1	5
779	0	5
780	1	3
781	1	3
782	1	2
783	0	1
784	0	4
785	4	2
786	1	8
787	0	2
788	3	6
789	2	6
790	0	7
791	0	4
792	0	3
793	0	4
794	0	8
795	1	7
796	0	6
797	1	6
798	0	9
799	0	8
800	3	5
801	1	6
802	0	2
803	1	6
804	1	14
805	0	8
806	0	6
807	0	7
808	1	5
809	0	4
810	2	2
811	0	8
812	1	5
813	0	4
814	2	4
815	1	4
816	6	5
817	3	4
818	3	3
819	4	4
820	1	2
821	2	7
822	2	9
823	6	7
824	0	4
825	2	4
826	0	10
827	0	3
828	0	7
829	1	7
830	0	4
831	0	11
832	1	7
833	0	9
834	0	8
835	0	8
836	1	3
837	1	5
838	4	5
839	0	7
840	3	4
841	0	6
842	1	6
843	0	2
844	0	2
845	0	6
846	1	5
847	0	8
848	0	5
849	2	6
850	0	5
851	0	4
852	1	10
853	3	2
854	0	8
855	1	7
856	0	1
857	0	6
858	0	5
859	1	7
860	1	4
861	0	10
862	0	7
863	1	6
864	0	6
865	1	5
866	1	7
867	2	1
868	2	6
869	1	5
870	1	3
871	0	7
872	3	10
873	3	5
874	2	8
875	4	7
876	1	4
877	0	5
878	5	6
879	1	4
880	2	3
881	0	10
882	0	3
883	1	7
884	1	3
885	0	8
886	1	11
887	1	8
888	0	6
889	0	4
890	2	10
891	3	5
892	3	6
893	4	2
894	3	12
895	1	9
896	1	4
897	2	6
898	2	7
899	1	6
900	0	9
901	1	8
902	1	6
903	2	7
904	0	3
905	0	7
906	1	6
907	0	5
908	2	5
909	2	6
910	0	8
911	1	2
912	1	8
913	2	9
914	0	7
915	2	5
916	1	2
917	0	4
918	0	9
919	0	6
920	0	4
921	2	6
922	1	10
923	1	8
924	1	2
925	1	4
926	0	6
927	0	4
928	1	4
929	0	10
930	1	3
931	0	7
932	0	7
933	3	7
934	0	7
935	2	5
936	1	2
937	2	6
938	0	4
940	0	6
941	1	4
942	1	10
943	1	6
944	0	5
945	2	2
946	1	5
947	0	7
948	0	8
949	0	8
950	1	3
951	2	3
952	1	4
953	3	7
954	1	4
955	0	4
956	1	6
957	1	4
958	1	4
959	0	4
960	2	7
961	1	5
962	1	8
963	0	5
964	0	6
965	0	1
966	0	5
967	0	7
968	1	3
969	1	9
970	0	6
971	1	4
972	0	2
973	0	5
974	2	4
975	1	7
976	0	1
977	0	8
978	0	5
979	1	7
980	0	6
981	0	8
982	1	7
983	1	5
984	0	5
985	0	3
986	1	7
987	1	7
988	0	5
989	3	3
990	2	2
991	0	3
992	1	5
993	0	8
994	1	6
995	1	9
996	1	5
997	0	8
998	1	4
999	0	5
1000	0	9
1001	2	7
1002	0	3
1003	1	10
1004	0	6
1005	1	3
1006	2	8
1007	1	4
1008	1	5
1009	0	6
1010	3	5
1011	0	6
1012	0	2
1013	1	6
1014	1	3
1015	2	10
1016	0	4
1017	0	2
1018	0	5
1019	1	4
1020	1	4
1021	1	3
1022	0	2
1023	1	5
1024	0	10
1025	0	2
1026	2	3
1027	1	8
1028	0	7
1029	1	5
1030	0	9
1031	1	9
1032	1	3
1033	1	3
1034	0	4
1035	2	2
1036	1	4
1037	0	12
1038	2	3
1039	1	2
1040	0	4
1041	1	7
1042	0	2
1043	2	8
1044	0	4
1045	2	4
1046	1	5
1047	0	3
1048	0	11
1049	1	6
1050	0	8
1051	0	5
1052	1	7
1053	1	7
1054	0	2
1055	1	3
1056	2	3
1057	2	6
1058	1	3
1059	1	10
1060	3	3
1061	0	8
1062	0	3
1063	0	3
1064	1	6
1065	0	5
1066	1	4
1067	1	14
1068	0	7
1069	0	12
1070	0	7
1071	0	8
1072	0	6
1073	1	3
1074	0	3
1075	0	5
1076	0	3
1077	1	5
1078	1	5
1079	0	5
1080	0	5
1081	0	6
1082	0	9
1083	1	3
1084	1	1
1085	0	8
1086	1	8
1087	0	4
1088	0	7
1089	0	7
1090	0	9
1091	1	2
1092	1	6
1093	1	7
1094	2	5
1095	0	4
1096	1	9
1097	1	4
1098	1	5
1099	1	2
1100	2	7
1101	3	8
1102	0	3
1103	0	1
1104	1	4
1105	2	5
1106	1	6
1107	0	2
1108	0	10
1109	1	0
1110	1	6
1111	1	8
1112	1	6
1113	1	7
1114	3	6
1115	1	6
1116	0	6
1117	0	8
1118	3	5
1119	0	4
1120	0	7
1121	0	5
1122	1	9
1123	0	5
1124	0	7
1125	0	3
1126	2	5
1127	0	2
1128	0	5
1129	0	8
1130	1	6
1131	3	7
1132	0	3
1133	0	5
1134	1	5
1135	0	8
1136	4	5
1137	1	9
1138	1	5
1139	1	6
1140	0	6
1141	0	8
1142	0	4
1143	0	2
1144	1	4
1145	0	7
1146	0	7
1147	1	7
1148	0	9
1149	1	1
1150	1	4
1151	0	2
1152	0	4
1153	1	2
1154	0	5
1155	2	4
1156	0	3
1157	0	11
1158	0	3
1159	0	6
1160	1	6
1161	0	9
1162	1	4
1163	0	10
1164	0	5
1165	2	7
1166	0	4
1167	0	5
1168	2	3
1169	1	3
1170	0	3
1171	1	4
1172	2	10
1173	2	4
1174	1	8
1175	0	8
1176	1	7
1177	2	6
1178	1	11
1179	1	10
1180	2	8
1181	0	3
1182	1	7
1183	0	3
1184	1	6
1185	0	8
1186	0	10
1187	0	10
1188	1	4
1189	0	3
1190	1	7
1191	1	4
1192	1	5
1193	1	5
1194	0	3
1195	0	2
1196	1	3
1197	1	10
1198	0	4
1199	3	13
1200	1	9
1201	3	7
1202	0	5
1203	1	3
1204	0	2
1205	2	5
1206	4	2
1207	1	8
1208	1	7
1209	0	5
1210	1	9
1211	0	2
1212	1	6
1213	2	2
1214	2	3
1215	0	6
1216	0	2
1217	2	9
1218	0	6
1219	0	4
1220	1	3
1221	0	7
1222	1	4
1223	0	8
1224	1	5
1225	4	2
1226	0	7
1227	1	3
1228	1	5
1229	0	4
1230	3	6
1231	0	8
1232	1	5
1233	2	9
1234	0	7
1235	0	5
1236	0	3
1237	0	6
1238	1	7
1239	0	4
1240	3	6
1241	1	4
1242	1	7
1243	1	6
1244	3	4
1245	0	2
1246	0	3
1247	0	5
1248	0	2
1249	0	3
1250	1	8
1251	0	7
1252	0	6
1253	1	5
1254	1	6
1255	0	6
1256	2	5
1257	1	5
1258	0	3
1259	2	5
1260	1	4
1261	2	5
1262	1	6
1263	0	6
1264	0	7
1265	0	5
1266	0	3
1267	2	6
1268	2	5
1269	2	6
1270	1	7
1271	2	6
1272	1	3
1273	1	4
1274	0	2
1275	1	3
1276	1	5
1277	0	6
1278	1	8
1279	2	6
1280	2	6
1281	2	4
1282	4	6
1283	1	4
1284	0	1
1285	1	5
1286	0	5
1287	2	2
1288	1	4
1289	0	8
1290	2	11
1291	0	6
1292	0	3
1293	0	7
1294	1	5
1295	2	3
1296	4	4
1297	1	8
1298	0	2
1299	1	4
1300	0	4
1301	0	7
1302	1	3
1303	1	6
1304	0	9
1305	0	9
1306	2	3
1307	0	4
1308	2	6
1309	1	4
1310	0	9
1311	1	6
1312	1	3
1313	1	3
1314	2	2
1315	2	6
1316	0	2
1317	2	6
1318	1	8
1319	0	4
1320	1	5
1321	4	9
1322	0	1
1323	1	4
1324	1	3
1325	1	7
1326	4	1
1327	1	2
1328	0	3
1329	2	8
1330	2	5
1331	1	3
1332	2	5
1333	0	4
1334	1	6
1335	2	10
1336	0	8
1337	0	5
1338	0	8
1339	2	1
1340	2	1
1341	1	5
1342	1	4
1343	0	2
1344	0	4
1345	0	4
1346	0	6
1347	3	7
1348	0	3
1349	2	9
1350	0	1
1351	0	4
1352	0	4
1353	1	8
1354	0	6
1355	3	3
1356	1	6
1357	1	8
1358	3	3
1359	1	5
1360	0	5
1361	1	7
1362	0	8
1363	0	5
1364	0	2
1365	0	4
1366	0	12
1367	1	8
1368	3	10
1369	0	1
1370	1	6
1371	3	2
1372	2	4
1373	1	2
1374	0	5
1375	1	8
1376	1	5
1377	1	7
1378	2	8
1379	1	1
1380	2	5
1381	0	6
1382	1	7
1383	0	8
1384	1	7
1385	0	10
1386	1	4
1387	0	4
1388	2	5
1389	0	8
1390	2	5
1391	1	5
1392	0	6
1393	0	4
1394	0	5
1395	1	5
1396	0	7
1397	0	5
1398	1	6
1399	1	5
1400	0	4
1401	1	4
1402	0	5
1403	0	6
1404	0	9
1405	0	5
1406	0	12
1407	0	7
1408	1	5
1409	1	12
1410	2	7
1411	0	7
1412	1	3
1413	1	9
1414	1	8
1415	0	1
1416	0	6
1417	0	3
1418	0	7
1419	1	3
1420	0	7
1421	1	1
1422	1	3
1423	0	8
1424	0	2
1425	0	11
1426	1	6
1427	1	8
1428	1	9
1429	0	11
1430	1	4
1431	0	8
1432	0	4
1433	2	1
1434	3	8
1435	2	1
1436	0	5
1437	0	5
1438	0	5
1439	0	4
1440	1	8
1441	1	6
1442	0	8
1443	0	7
1444	1	2
1445	2	2
1446	0	3
1447	3	4
1448	3	5
1449	1	4
1450	3	8
1451	2	5
1452	0	5
1453	1	2
1454	2	2
1455	0	7
1456	0	9
1457	1	5
1458	0	3
1459	0	8
1460	0	2
1461	1	2
1462	0	5
1463	0	2
1464	0	4
1465	2	6
1466	2	9
1467	0	11
1468	1	9
1469	1	10
1470	1	11
1471	0	4
1472	1	5
1473	0	7
1474	1	4
1475	1	3
1476	1	4
1477	1	3
1478	0	6
1479	1	7
1480	1	8
1481	0	5
1482	1	3
1483	0	5
1484	0	8
1485	2	4
1486	2	5
1487	1	3
1489	0	6
1490	0	5
1491	1	10
1492	1	5
1493	0	6
1494	1	10
1495	1	5
1496	0	5
1497	2	3
1498	1	5
1499	0	5
1500	0	4
1501	1	2
1502	0	11
1503	0	4
1504	0	3
1505	1	5
1506	0	11
1507	2	7
1508	0	10
1509	1	2
1510	1	5
1511	1	10
1512	0	6
1513	2	4
1514	2	3
1515	0	5
1516	0	5
1517	1	8
1518	1	4
1519	2	4
1520	0	7
1521	3	7
1522	0	5
1523	0	3
1524	0	5
1525	1	3
1526	1	6
1527	0	4
1528	1	4
1529	1	2
1530	2	3
1531	0	3
1532	0	4
1533	0	8
1534	2	2
1535	0	5
1536	0	7
1537	1	10
1538	0	4
1539	1	4
1540	1	4
1541	0	10
1542	0	5
1543	0	7
1544	0	5
1545	1	3
1546	2	4
1547	0	7
1548	1	3
1549	1	6
1550	0	3
1551	0	8
1552	1	5
1553	1	3
1554	0	3
1555	0	5
1556	2	8
1557	1	3
1558	1	11
1559	0	8
1560	1	4
1561	0	9
1562	0	2
1563	0	4
1564	0	4
1565	0	9
1566	2	6
1567	2	2
1568	1	4
1569	1	7
1570	1	5
1571	2	9
1572	1	6
1573	4	1
1574	0	8
1575	0	7
1576	2	4
1577	0	4
1578	0	5
1579	0	5
1580	2	4
1581	1	2
1582	2	3
1583	2	7
1584	0	7
1585	1	4
1586	0	5
1587	1	9
1588	1	2
1589	0	2
1590	1	6
1591	2	8
1592	0	7
1593	1	8
1594	0	3
1595	1	10
1596	0	9
1597	0	7
1598	1	9
1599	0	5
1600	0	6
1601	0	4
1602	0	7
1603	1	5
1604	2	10
1605	0	5
1606	1	8
1607	0	4
1608	0	9
1609	0	5
1610	1	1
1611	0	4
1612	0	5
1613	2	5
1614	1	12
1615	0	4
1616	0	1
1617	1	5
1618	1	5
1619	3	11
1620	1	3
1621	0	4
1622	1	4
1623	1	5
1624	0	5
1625	0	7
1626	1	8
1627	1	9
1628	1	4
1629	1	6
1630	1	6
1631	0	3
1632	0	7
1633	1	6
1634	0	6
1635	0	1
1636	0	5
1637	1	3
1638	0	9
1639	0	8
1640	1	7
1641	0	7
1642	0	6
1643	1	1
1644	0	6
1645	0	2
1646	0	7
1647	0	4
1648	3	5
1649	0	7
1650	1	9
1651	0	2
1652	1	3
1653	1	5
1654	0	4
1655	1	6
1656	0	6
1657	0	8
1658	3	4
1659	0	5
1660	2	2
1661	0	7
1662	0	4
1663	0	7
1664	0	5
1665	1	9
1666	0	6
1667	1	6
1668	1	5
1669	2	8
1670	1	3
1671	1	4
1672	2	5
1673	0	2
1674	0	6
1675	1	7
1676	1	9
1677	0	4
1678	0	8
1679	1	3
1680	1	2
1681	3	5
1682	0	3
1683	1	5
1684	1	5
1685	0	5
1686	0	8
1687	2	4
1688	1	5
1689	0	4
1690	1	5
1691	0	4
1692	0	12
1693	0	7
1694	2	5
1695	1	3
1696	0	4
1697	1	5
1698	0	2
1699	0	5
1700	0	6
1701	1	3
1702	1	5
1703	2	5
1704	1	9
1705	0	8
1706	1	2
1707	0	2
1708	0	3
1709	0	7
1710	0	6
1711	1	5
1712	1	1
1713	1	3
1714	1	6
1715	0	6
1716	1	2
1717	0	4
1718	1	9
1719	0	7
1720	3	3
1721	1	2
1722	1	4
1723	0	4
1724	1	8
1725	0	8
1726	0	6
1727	0	3
1728	1	7
1729	0	7
1730	0	5
1731	0	2
1732	0	6
1733	0	6
1734	1	10
1735	0	2
1736	0	8
1737	0	3
1738	0	8
1739	0	7
1740	0	2
1741	1	8
1742	0	3
1743	0	7
1744	0	4
1745	0	4
1746	1	11
1747	0	5
1748	1	6
1749	0	4
1750	1	8
1751	1	5
1752	0	5
1753	0	4
1754	0	6
1755	1	8
1756	0	4
1757	1	7
1758	1	4
1759	0	4
1760	0	3
1761	0	5
1762	0	6
1763	1	3
1764	1	9
1765	0	2
1766	0	3
1767	0	8
1768	3	3
1769	0	4
1770	0	4
1771	0	1
1772	1	1
1773	0	8
1774	0	4
1775	0	7
1776	2	4
1777	2	7
1778	1	5
1779	1	5
1780	1	8
1781	0	8
1782	4	6
1783	0	4
1784	1	5
1785	3	7
1786	0	5
1787	1	6
1788	1	4
1789	1	2
1790	1	3
1791	0	4
1792	0	5
1793	1	6
1794	1	9
1795	0	8
1796	0	6
1797	0	4
1798	0	2
1799	0	6
1800	1	3
1801	0	5
1802	0	7
1803	0	10
1804	2	6
1805	0	5
1806	1	6
1807	3	4
1808	1	5
1809	1	2
1810	1	7
1811	1	1
1812	0	7
1813	1	3
1814	0	5
1815	0	3
1816	0	3
1817	0	4
1818	0	7
1819	0	7
1820	1	3
1821	0	8
1822	0	3
1823	0	8
1824	0	4
1825	2	5
1826	0	8
1827	0	8
1828	0	2
1829	2	5
1830	1	4
1831	0	11
1832	0	4
1833	1	4
1834	1	4
1835	1	7
1836	0	2
1837	2	5
1838	0	5
1839	0	10
1840	1	2
1841	0	7
1842	0	6
1843	0	7
1844	1	6
1845	0	7
1846	0	7
1847	0	8
1848	1	6
1849	0	4
1850	0	10
1851	0	4
1852	1	3
1853	0	2
1854	0	4
1855	2	5
1856	1	6
1857	0	1
1858	1	3
1859	1	6
1860	1	5
1861	0	5
1862	2	3
1863	1	7
1864	0	9
1865	0	6
1866	0	9
1867	0	2
1868	0	1
1869	0	5
1871	0	2
1872	0	9
1873	2	7
1874	0	4
1875	0	6
1876	1	5
1877	1	3
1878	0	8
1879	0	6
1880	0	6
1881	0	5
1882	1	5
1883	1	8
1884	2	5
1885	2	3
1886	1	10
1887	0	6
1888	3	3
1889	0	3
1890	3	5
1891	0	9
1892	0	4
1893	2	9
1894	0	1
1895	2	4
1896	2	5
1897	1	4
1898	0	4
1899	3	6
1900	1	4
1901	0	8
1902	1	8
1903	0	5
1904	0	4
1905	2	2
1906	1	1
1907	0	7
1908	1	6
1909	2	4
1910	2	8
1911	0	3
1912	0	3
1913	1	5
1914	0	6
1915	0	2
1916	2	1
1917	0	5
1918	3	5
1919	1	5
1920	1	6
1921	0	5
1922	2	6
1923	1	5
1924	1	4
1925	0	2
1926	0	7
1927	0	2
1928	0	4
1929	1	2
1930	1	9
1931	1	4
1932	0	6
1933	0	4
1934	0	8
1935	0	4
1936	0	4
1937	0	3
1938	3	8
1939	3	5
1940	1	2
1941	0	4
1942	0	9
1943	0	3
1944	0	5
1945	1	6
1946	0	5
1947	1	7
1948	0	3
1949	1	3
1950	1	2
1951	0	3
1952	0	6
1953	1	1
1954	1	7
1955	1	7
1956	0	7
1957	0	2
1958	0	6
1959	0	4
1960	0	6
1961	1	1
1962	1	6
1963	2	7
1964	0	5
1965	2	1
1966	0	5
1967	0	8
1968	0	6
1969	1	6
1970	2	9
1971	0	5
1972	1	6
1973	0	12
1974	0	5
1975	1	5
1976	2	5
1977	2	4
1978	2	1
1979	2	6
1980	2	3
1981	3	7
1982	4	5
1983	0	1
1984	2	6
1985	0	4
1986	1	7
1987	1	1
1988	2	2
1989	1	7
1990	2	8
1991	0	9
1992	3	4
1993	3	3
1994	0	7
1995	0	7
1996	0	3
1997	0	5
1998	0	3
1999	0	7
2000	0	5
2001	0	6
2002	1	3
2003	0	8
2004	1	5
2005	1	5
2006	1	5
2007	1	7
2008	0	9
2009	0	9
2010	3	4
2011	1	11
2012	0	7
2013	0	5
2014	0	2
2015	0	8
2016	0	2
2017	2	4
2018	0	9
2019	0	9
2020	1	4
2021	1	3
2022	2	8
2023	0	9
2024	0	4
2025	0	5
2026	1	7
2027	1	6
2028	1	10
2029	0	5
2030	1	4
2031	0	3
2032	1	4
2033	1	3
2034	0	4
2035	1	6
2036	1	6
2037	0	9
2038	1	4
2039	2	4
2040	1	3
2041	3	2
2042	0	8
2043	0	5
2044	2	5
2045	1	5
2046	2	2
2047	2	1
2048	1	3
2049	0	2
2050	0	11
2051	0	2
2052	1	8
2053	1	7
2054	0	8
2055	1	1
2056	1	9
2057	0	6
2058	0	5
2059	0	6
2060	3	5
2061	0	5
2062	4	5
2063	1	11
2064	0	7
2065	1	10
2066	0	4
2067	0	1
2068	1	7
2069	2	5
2070	0	3
2071	0	7
2072	1	5
2073	1	1
2074	1	6
2075	1	4
2076	0	9
2077	1	7
2078	1	8
2079	0	3
2080	0	7
2081	0	5
2082	2	7
2083	0	3
2084	0	5
2085	0	4
2086	2	1
2087	1	7
2088	0	1
2089	0	6
2090	1	2
2091	0	5
2092	3	5
2093	0	5
2094	2	4
2095	0	5
2096	0	6
2097	0	10
2098	0	2
2099	0	5
2100	0	4
2101	0	6
2102	1	5
2103	0	4
2104	1	10
2105	0	7
2106	0	2
2107	1	9
2108	1	2
2109	0	10
2110	2	3
2111	0	7
2112	3	5
2113	0	5
2114	2	8
2115	2	6
2116	0	8
2117	1	8
2118	0	9
2119	1	4
2120	0	5
2121	0	3
2122	0	1
2123	1	3
2124	0	5
2125	0	3
2126	1	7
2127	1	3
2128	1	6
2129	0	3
2130	0	4
2131	1	3
2132	0	5
2133	3	7
2134	1	4
2135	2	12
2136	2	3
2137	2	6
2138	0	11
2139	1	7
2140	2	6
2141	2	4
2142	0	9
2143	1	8
2144	2	5
2145	0	8
2146	0	5
2147	0	7
2148	2	0
2149	0	3
2150	0	2
2151	1	1
2152	0	6
2153	0	3
2154	1	2
2155	1	5
2156	1	5
2157	0	6
2158	0	5
2159	0	7
2160	1	3
2161	0	4
2162	0	5
2163	1	6
2164	0	10
2165	0	8
2166	1	3
2167	1	4
2168	1	7
2169	1	4
2170	1	6
2171	0	4
2172	0	6
2173	0	3
2174	0	5
2175	0	5
2176	0	9
2177	0	4
2178	0	4
2179	1	6
2180	1	3
2181	2	5
2182	0	5
2183	1	8
2184	1	5
2185	2	4
2186	0	7
2187	0	1
2188	0	3
2189	2	6
2190	0	4
2191	1	6
2192	1	6
2193	1	6
2194	0	3
2195	0	9
2196	1	4
2197	1	1
2198	0	6
2199	1	2
2200	0	5
2201	2	4
2202	0	8
2203	1	5
2204	1	3
2205	2	1
2206	1	9
2207	0	4
2208	0	6
2209	1	11
2210	0	2
2211	3	5
2212	0	4
2213	2	4
2214	1	7
2215	0	5
2216	1	10
2217	0	4
2218	3	5
2219	1	4
2220	0	6
2221	1	3
2222	0	4
2223	1	5
2224	0	9
2225	1	6
2226	1	6
2228	0	9
2229	1	6
2230	0	9
2231	1	3
2232	1	5
2233	0	4
2234	0	3
2235	0	8
2236	1	3
2237	1	6
2238	0	5
2239	0	4
2240	0	2
2241	0	5
2242	0	3
2243	1	4
2244	0	6
2245	0	6
2246	0	2
2247	0	10
2248	2	5
2249	1	3
2250	2	3
2251	0	4
2252	0	3
2253	1	5
2254	1	4
2255	1	4
2256	1	4
2257	1	5
2258	0	6
2259	0	6
2260	0	2
2261	2	5
2262	0	7
2263	1	4
2264	0	4
2265	0	7
2266	0	3
2267	1	10
2268	0	6
2270	0	6
2271	1	8
2272	0	11
2273	3	9
2274	0	6
2275	3	7
2276	1	11
2277	0	2
2278	2	7
2279	4	4
2280	1	3
2281	3	7
2282	2	10
2283	3	7
2284	3	5
2285	2	11
2286	2	5
2287	2	4
2288	3	5
2289	4	5
2290	1	6
2291	0	2
2292	4	3
2293	1	4
2294	1	6
2295	0	5
2296	1	4
2297	2	8
2298	1	2
2299	1	2
2300	4	9
2301	6	7
2302	2	5
2303	0	4
2304	2	7
2305	1	6
2306	1	9
2307	3	4
2308	0	7
2309	2	4
2310	2	8
2311	3	7
2312	0	9
2313	1	5
2314	0	1
2315	4	5
2316	0	7
2317	3	4
2318	1	7
2319	0	4
2320	3	4
2321	2	3
2322	3	7
2323	0	6
2324	0	2
2325	0	9
2326	1	4
2327	0	5
2328	1	7
2329	0	3
2330	0	6
2331	1	9
2332	1	9
2333	2	3
2334	1	7
2335	0	5
2336	0	4
2337	1	5
2338	1	7
2339	0	5
2340	0	7
2341	0	9
2342	2	7
2343	1	5
2344	0	6
2345	0	11
2346	1	7
2347	0	3
2348	0	2
2349	1	6
2350	0	10
2351	0	6
2352	1	4
2353	0	7
2354	1	1
2355	0	4
2356	1	3
2357	2	5
2358	1	10
2359	0	2
2360	1	8
2361	0	3
2362	1	5
2363	1	7
2364	1	8
2365	2	7
2366	0	7
2367	0	3
2368	0	5
2369	0	3
2370	0	5
2371	0	6
2372	0	4
2373	0	6
2374	2	3
2375	0	6
2376	0	6
2377	0	4
2378	1	7
2379	2	5
2380	1	10
2381	1	9
2382	0	10
2383	0	8
2384	1	10
2385	0	5
2386	5	6
2387	2	3
2388	0	3
2389	0	7
2390	0	4
2391	0	3
2392	1	3
2393	0	7
2394	0	2
2395	0	3
2396	2	2
2397	1	2
2398	2	3
2399	1	5
2400	2	6
2401	1	9
2402	0	4
2403	1	1
2404	2	9
2405	1	5
2406	1	6
2407	1	8
2408	0	3
2409	0	5
2410	2	2
2411	2	9
2412	0	5
2413	0	3
2414	1	7
2415	0	7
2416	1	5
2417	1	3
2418	0	5
2419	1	6
2420	0	7
2421	0	10
2422	1	4
2423	0	3
2424	1	6
2425	0	6
2426	0	6
2427	0	2
2428	0	5
2429	0	4
2430	1	4
2431	0	6
2432	1	7
2433	6	6
2434	2	9
2435	1	6
2436	2	8
2437	1	6
2438	2	5
2439	0	2
2440	0	5
2441	0	3
2442	0	5
2443	1	12
2444	0	4
2445	3	0
2446	1	4
2447	1	7
2448	2	4
2449	0	8
2450	0	3
2451	0	4
2452	2	8
2453	2	4
2454	1	4
2455	2	1
2456	1	7
2457	1	4
2458	0	4
2459	0	6
2460	2	5
2461	4	4
2462	2	4
2463	1	7
2464	0	4
2465	5	5
2466	1	5
2467	1	4
2468	1	3
2469	0	7
2470	1	2
2471	0	5
2472	1	5
2473	3	6
2474	0	7
2475	1	5
2476	0	3
2477	1	4
2478	4	3
2479	2	3
2480	0	5
2481	1	8
2482	0	9
2483	1	7
2484	2	5
2485	0	8
2486	1	4
2487	1	2
2488	1	4
2489	1	9
2490	1	5
2491	3	7
2492	3	5
2493	2	5
2494	1	5
2495	0	6
2496	1	5
2497	0	3
2498	0	3
2499	0	6
2500	0	10
2501	4	2
2502	0	8
2503	1	3
2504	0	7
2505	2	7
2506	4	4
2507	0	6
2508	2	0
2509	1	4
2510	1	6
2511	1	4
2512	2	5
2513	4	5
2514	1	1
2515	1	11
2516	0	5
2517	1	6
2518	1	9
2519	1	6
2520	0	7
2521	1	6
2522	1	8
2523	0	4
2524	1	6
2525	0	6
2526	0	7
2527	0	11
2528	0	5
2529	2	2
2530	2	3
2531	0	4
2532	1	5
2533	0	6
2534	2	9
2535	1	3
2536	0	8
2537	1	3
2538	2	5
2539	0	5
2540	1	5
2541	1	6
2542	1	3
2543	0	4
2544	0	6
2545	0	1
2546	1	2
2547	4	2
2548	1	5
2549	1	6
2550	1	4
2551	2	12
2552	3	4
2553	2	3
2554	5	5
2555	3	4
2556	4	12
2557	2	5
2558	1	7
2559	2	7
2560	2	5
2561	1	4
2562	1	2
2563	1	5
2564	1	6
2565	0	3
2566	2	7
2567	1	3
2568	1	4
2569	0	9
2570	1	10
2571	2	3
2572	1	4
2573	0	6
2574	3	6
2575	1	3
2576	0	4
2577	1	3
2578	0	7
2579	2	6
2580	1	2
2581	1	3
2582	3	4
2583	0	6
2584	2	4
2585	2	6
2586	2	3
2587	1	6
2588	1	10
2589	3	0
2590	1	5
2591	2	5
2592	4	7
2593	0	5
2594	0	5
2595	0	5
2596	0	7
2597	2	9
2598	1	3
2599	3	4
2600	1	5
2601	0	7
2602	1	4
2603	2	5
2604	0	6
2605	1	2
2606	0	8
2607	1	1
2608	2	9
2609	0	7
2610	3	8
2611	0	2
2612	0	7
2613	2	9
2614	1	9
2615	0	5
2616	2	10
2617	1	2
2618	0	10
2619	1	5
2620	0	2
2621	2	3
2622	2	9
2623	0	2
2624	1	8
2625	1	3
2626	0	4
2627	1	14
2628	0	6
2629	2	5
2630	0	8
2631	0	6
2632	4	2
2633	0	6
2634	1	9
2635	0	4
2636	1	10
2637	0	5
2638	1	6
2639	1	7
2640	1	2
2641	0	8
2642	1	4
2643	1	0
2644	0	7
2645	0	6
2646	2	4
2647	0	5
2648	3	3
2649	0	5
2650	1	0
2651	0	3
2652	0	3
2653	0	4
2654	2	3
2655	1	5
2656	0	6
2657	1	6
2658	0	5
2659	1	6
2660	1	5
2661	3	7
2662	2	4
2663	0	9
2664	1	3
2665	0	12
2666	0	6
2667	0	5
2668	1	7
2669	1	2
2670	0	5
2671	1	9
2672	1	7
2673	0	5
2674	0	4
2675	2	7
2676	1	5
2677	1	3
2678	0	6
2679	0	6
2680	0	6
2681	0	4
2682	1	5
2683	0	2
2684	0	4
2685	2	3
2686	6	0
2687	1	10
2688	0	6
2689	1	6
2690	2	6
2691	1	6
2692	0	5
2693	0	1
2694	0	2
2695	0	4
2696	2	4
2697	0	5
2698	1	9
2699	0	6
2700	0	2
2701	0	8
2702	1	6
2703	0	3
2704	0	8
2705	0	3
2706	0	3
2707	2	6
2708	0	7
2709	1	9
2710	0	10
2711	0	3
2712	0	6
2713	0	4
2714	0	8
2715	1	3
2716	0	5
2717	1	4
2718	0	4
2719	0	9
2720	0	5
2721	1	3
2722	0	3
2723	2	8
2724	0	10
2725	1	3
2726	0	7
2727	0	6
2728	0	1
2729	0	5
2730	0	8
2731	0	7
2732	1	7
2733	2	4
2734	0	3
2735	1	4
2736	0	2
2737	0	7
2738	0	6
2739	0	2
2740	0	5
2741	0	7
2742	1	3
2743	0	4
2744	0	6
2745	0	6
2746	1	8
2747	2	7
2748	0	8
2749	0	2
2750	1	6
2751	0	2
2752	1	0
2753	0	4
2754	0	6
2755	1	6
2756	1	8
2757	0	5
2758	1	5
2759	1	1
2760	0	6
2761	0	7
2762	1	6
2763	0	5
2764	0	7
2765	2	4
2766	0	5
2767	3	4
2768	0	4
2769	0	5
2770	2	5
2771	1	6
2772	1	6
2773	1	4
2774	1	1
2775	0	3
2776	3	7
2777	2	4
2778	2	5
2779	1	7
2780	1	7
2781	0	3
2782	0	5
2783	1	5
2784	2	7
2785	2	7
2786	2	4
2787	0	5
2788	0	8
2789	0	7
2790	0	4
2791	0	7
2792	2	6
2793	1	8
2794	1	7
2795	1	4
2796	0	4
2797	1	1
2798	2	8
2799	1	3
2800	1	4
2801	0	5
2802	1	10
2803	3	5
2804	1	4
2805	1	7
2806	2	2
2807	0	1
2808	0	8
2809	0	7
2810	1	9
2811	0	6
2812	1	2
2813	0	4
2814	1	2
2815	1	5
2816	0	8
2817	0	3
2818	1	3
2819	0	5
2820	0	4
2821	2	5
2822	2	5
2823	0	3
2824	0	3
2825	0	2
2826	2	7
2827	0	6
2828	0	4
2829	0	9
2830	0	6
2831	0	7
2832	0	4
2833	0	11
2834	0	2
2835	1	5
2836	0	7
2837	0	6
2838	0	7
2839	0	6
2840	2	6
2841	0	9
2842	1	6
2843	0	4
2844	1	7
2845	1	9
2846	1	5
2847	0	5
2848	1	7
2849	1	5
2850	0	6
2851	3	5
2852	2	11
2853	0	5
2854	0	4
2855	0	5
2856	0	2
2857	1	4
2858	1	8
2859	1	6
2860	0	9
2861	0	5
2862	0	4
2863	1	4
2864	0	4
2865	0	4
2866	0	2
2867	0	4
2868	0	5
2869	3	9
2870	0	4
2871	0	7
2872	0	6
2873	0	4
2874	0	3
2875	0	9
2876	1	6
2877	0	3
2878	0	7
2879	1	10
2880	1	3
2881	1	5
2882	1	2
2883	1	6
2884	1	1
2885	0	6
2886	1	2
2887	2	9
2888	2	8
2889	0	9
2890	0	5
2891	2	6
2892	0	7
2893	0	6
2894	1	2
2895	0	3
2896	1	7
2897	0	3
2898	0	6
2899	0	5
2900	0	8
2901	1	8
2902	0	3
2903	0	8
2904	0	5
2905	0	4
2906	2	8
2907	0	3
2908	0	7
2909	1	7
2910	1	4
2911	0	3
2912	0	3
2913	0	8
2914	0	3
2915	2	10
2916	0	7
2917	1	10
2918	0	5
2919	1	7
2920	0	9
2921	0	8
2922	1	6
2923	0	2
2924	0	8
2925	2	4
2926	0	10
2927	1	5
2928	1	8
2929	1	4
2930	5	7
2931	1	1
2932	0	8
2933	1	3
2934	3	5
2935	1	3
2936	3	7
2937	1	5
2938	0	4
2939	1	9
2940	1	13
2941	0	8
2942	0	8
2943	1	4
2944	1	3
2945	1	6
2946	0	9
2947	0	3
2948	2	5
2949	0	8
2950	0	3
2951	0	5
2952	0	5
2953	0	6
2954	0	4
2955	1	5
2956	0	8
2957	0	6
2958	1	5
2959	0	6
2960	0	7
2961	1	3
2962	0	5
2963	1	4
2964	1	5
2965	1	3
2966	1	8
2967	0	2
2968	0	3
2969	3	7
2970	0	6
2971	1	9
2972	0	6
2973	1	3
2974	1	8
2975	0	4
2976	0	4
2977	1	7
2978	1	4
2979	0	8
2980	1	7
2981	1	3
2982	0	1
2983	1	6
2984	2	10
2985	0	4
2986	1	4
2987	2	5
2988	0	6
2989	2	7
2990	0	5
2991	0	6
2992	0	5
2993	1	5
2994	0	6
2995	0	2
2996	1	6
2997	0	6
2998	0	5
2999	0	6
3000	0	8
3001	0	5
3002	0	13
3003	1	6
3004	0	4
3005	0	8
3006	1	8
3007	0	7
3008	0	3
3009	1	3
3010	0	7
3011	2	6
3012	0	6
3013	0	3
3014	0	5
3015	1	6
3016	1	4
3017	0	4
3018	0	4
3019	0	5
3020	0	2
3021	0	10
3022	1	6
3023	1	7
3024	0	4
3025	2	1
3026	0	7
3027	0	3
3028	1	5
3029	0	4
3030	1	5
3031	0	6
3032	1	6
3033	2	8
3034	1	6
3035	0	2
3036	0	10
3037	0	4
3038	0	8
3039	2	5
3040	0	3
3041	2	3
3042	0	7
3043	0	7
3044	1	7
3045	1	5
3046	3	6
3047	0	9
3048	0	5
3049	1	4
3050	1	7
3051	0	5
3052	1	5
3053	0	5
3054	0	5
3055	0	11
3056	0	7
3057	0	10
3058	0	12
3059	0	8
3060	1	4
3061	1	3
3062	2	6
3063	1	5
3064	0	9
3065	0	2
3066	2	4
3067	0	6
3068	0	2
3069	1	7
3070	1	8
3071	0	8
3072	0	3
3073	0	4
3074	2	10
3075	1	3
3076	0	5
3077	0	6
3078	2	5
3079	0	8
3080	1	2
3081	0	4
3082	2	4
3083	1	5
3084	1	3
3085	0	5
3086	0	1
3087	0	1
3088	0	7
3089	0	6
3090	0	6
3091	2	7
3092	0	6
3093	1	3
3094	1	5
3095	0	6
3096	0	9
3097	1	5
3098	0	4
3099	0	6
3100	0	4
3101	0	9
3102	1	4
3103	0	1
3104	1	5
3105	1	6
3106	1	9
3107	0	4
3108	0	4
3109	0	7
3110	0	3
3111	1	2
3112	0	3
3113	2	5
3114	0	3
3115	1	10
3116	2	6
3117	0	5
3118	1	4
3119	0	8
3120	0	2
3121	2	3
3122	0	4
3123	2	5
3124	1	6
3125	0	8
3126	0	4
3127	0	3
3128	1	8
3129	2	3
3130	0	11
3131	0	4
3132	1	7
3133	1	3
3134	0	6
3135	0	5
3136	3	4
3137	2	4
3138	2	5
3139	0	6
3140	0	7
3141	0	3
3142	3	4
3143	0	3
3144	0	6
3145	0	8
3146	0	8
3147	0	5
3148	0	6
3149	0	5
3150	1	6
3151	2	10
3152	1	5
3153	0	5
3154	0	3
3155	2	12
3156	1	4
3157	1	3
3158	1	7
3159	1	4
3160	0	9
3161	0	7
3162	1	5
3163	1	7
3164	1	3
3165	1	4
3166	1	4
3167	1	8
3168	0	4
3169	0	1
3170	0	3
3171	0	5
3172	1	4
3173	2	6
3174	1	4
3175	1	3
3176	0	8
3177	1	3
3178	0	3
3179	1	6
3180	2	3
3181	1	4
3182	0	11
3183	0	5
3184	0	6
3185	0	2
3186	2	6
3187	0	5
3188	1	6
3189	0	5
3190	0	8
3191	1	3
3192	1	4
3193	1	5
3194	1	4
3195	2	7
3196	0	6
3197	0	3
3198	0	6
3199	0	8
3200	2	6
3201	0	7
3202	0	4
3203	1	5
3204	1	1
3205	1	4
3206	1	9
3207	2	5
3208	0	5
3209	0	8
3210	0	3
3211	1	1
3212	0	4
3213	0	7
3214	1	8
3215	1	5
3216	1	6
3217	1	4
3218	1	8
3219	0	6
3220	0	8
3221	0	8
3222	0	5
3223	2	4
3224	1	4
3225	0	4
3226	1	8
3227	0	2
3228	2	6
3229	1	4
3230	0	10
3231	0	7
3232	1	4
3233	0	6
3234	0	3
3235	1	3
3236	0	5
3237	0	6
3238	0	7
3239	0	8
3240	0	6
3241	1	4
3242	0	9
3243	0	3
3244	0	2
3245	1	1
3246	1	4
3247	0	6
3248	1	5
3249	0	6
3250	2	8
3251	1	5
3252	0	7
3253	0	5
3254	0	3
3255	0	5
3256	0	6
3257	0	4
3258	1	5
3259	0	5
3260	0	4
3261	1	5
3262	0	2
3263	0	4
3264	0	7
3265	0	7
3266	2	3
3267	1	0
3268	0	11
3269	2	3
3270	0	6
3271	2	2
3272	0	7
3273	0	4
3274	1	7
3275	1	5
3276	0	3
3277	0	5
3278	0	4
3279	0	5
3280	0	8
3281	0	6
3282	3	2
3283	1	6
3284	1	6
3285	1	5
3286	0	2
3287	1	5
3288	2	8
3289	0	10
3290	1	6
3291	0	2
3292	0	7
3293	0	4
3294	2	5
3295	0	8
3296	0	4
3297	0	4
3298	0	6
3299	1	11
3300	0	3
3301	0	8
3302	1	9
3303	1	8
3304	1	3
3305	3	6
3306	0	4
3307	0	7
3308	0	6
3309	0	5
3310	2	11
3311	1	4
3312	1	2
3313	0	3
3314	0	8
3315	0	5
3316	0	3
3317	0	7
3318	2	5
3319	0	5
3320	0	7
3321	0	3
3322	2	7
3323	0	7
3324	0	5
3325	0	1
3326	3	1
3327	0	2
3328	0	7
3329	0	4
3330	0	8
3332	2	8
3333	0	5
3334	1	5
3335	0	5
3336	0	9
3337	0	3
3338	1	2
3339	1	3
3340	0	7
3341	0	1
3342	2	3
3343	2	3
3344	0	9
3345	1	9
3346	0	6
3347	0	6
3348	0	8
3349	0	7
3350	0	8
3351	3	3
3352	1	2
3353	0	6
3354	0	4
3355	0	6
3356	0	3
3357	1	6
3358	1	6
3359	1	1
3360	0	11
3361	0	8
3362	0	3
3363	0	4
3364	0	8
3365	1	7
3366	1	5
3367	1	6
3368	0	2
3369	0	6
3370	0	6
3371	0	5
3372	0	6
3373	0	5
3374	0	3
3375	2	6
3376	0	4
3377	1	5
3378	1	6
3379	0	5
3380	2	4
3381	1	7
3382	2	2
3383	1	4
3384	2	3
3385	2	12
3386	0	4
3387	0	2
3388	0	7
3389	1	2
3390	0	8
3391	1	4
3392	0	5
3393	0	7
3394	1	5
3395	1	6
3396	0	7
3397	0	5
3398	1	9
3399	2	5
3401	0	4
3402	3	2
3403	1	6
3404	0	7
3405	1	7
3406	1	4
3407	0	5
3408	2	5
3409	1	5
3410	0	7
3411	0	7
3412	0	2
3413	0	5
3414	0	12
3415	0	1
3416	1	4
3417	1	8
3418	0	7
3419	1	7
3420	0	2
3421	2	8
3422	0	8
3423	2	6
3424	0	5
3425	2	3
3426	1	5
3427	2	7
3428	0	1
3429	1	5
3430	1	8
3431	1	6
3432	0	1
3433	1	7
3434	1	6
3435	1	8
3436	1	2
3437	1	9
3438	0	4
3439	0	7
3440	2	7
3441	1	5
3442	0	6
3443	0	12
3444	1	6
3445	1	2
3446	2	5
3447	0	5
3448	1	6
3449	1	7
3450	2	7
3451	0	7
3452	0	3
3453	3	5
3454	0	7
3455	0	4
3456	1	4
3457	0	5
3458	0	4
3459	2	7
3460	1	6
3461	1	3
3462	1	3
3463	0	10
3464	0	1
3465	1	8
3466	0	4
3467	0	6
3468	0	9
3469	0	2
3470	0	1
3471	1	7
3472	0	8
3473	3	6
3474	0	3
3475	0	7
3476	0	2
3477	1	8
3478	1	5
3479	0	5
3480	2	10
3481	0	3
3482	0	8
3483	1	6
3484	0	6
3485	0	7
3486	2	5
3487	0	1
3488	1	4
3489	1	4
3490	1	6
3491	0	4
3492	4	5
3493	0	3
3494	0	3
3495	1	2
3496	0	6
3497	0	5
3498	0	2
3499	0	4
3500	0	3
3501	0	7
3502	1	4
3503	0	6
3504	1	11
3505	0	4
3506	0	8
3507	2	5
3508	0	9
3509	0	4
3510	1	8
3511	1	3
3512	2	5
3513	0	4
3514	0	5
3515	0	7
3516	1	11
3517	1	2
3518	0	5
3519	0	6
3520	5	8
3521	0	10
3522	2	2
3523	0	5
3524	1	6
3525	1	7
3526	2	6
3527	0	9
3528	3	3
3529	0	5
3530	0	7
3531	1	3
3532	2	6
3533	0	6
3534	1	3
3535	1	11
3536	2	4
3537	3	6
3538	2	11
3539	2	3
3540	0	8
3541	1	7
3542	0	7
3543	1	6
3544	1	7
3545	0	7
3546	1	11
3547	3	2
3548	0	4
3549	0	5
3550	0	4
3551	1	3
3552	0	7
3553	1	8
3554	1	3
3555	2	5
3556	1	4
3557	1	7
3558	3	5
3559	0	6
3560	0	6
3561	1	4
3562	1	4
3563	1	7
3564	1	6
3565	2	8
3566	2	5
3567	0	5
3568	0	2
3569	1	7
3570	0	7
3571	0	7
3572	0	6
3573	0	5
3574	5	3
3575	0	5
3576	0	5
3577	1	7
3578	0	1
3579	0	7
3580	0	4
3581	2	2
3582	1	5
3583	1	4
3584	0	4
3585	1	2
3586	1	4
3587	0	2
3588	1	3
3589	1	6
3590	1	7
3591	1	10
3592	1	3
3593	1	3
3594	0	10
3595	0	7
3596	0	9
3597	0	9
3598	0	9
3599	0	6
3600	1	4
3601	0	13
3602	0	8
3603	1	10
3604	1	3
3605	1	4
3606	0	7
3607	0	5
3608	0	4
3609	0	3
3610	1	9
3611	0	7
3612	0	6
3613	0	11
3614	0	1
3615	1	5
3616	1	3
3617	2	3
3618	0	7
3619	1	3
3620	1	8
3621	0	6
3622	1	2
3623	1	3
3624	0	1
3625	2	5
3626	2	10
3627	1	10
3628	0	2
3629	2	8
3630	0	5
3631	1	1
3632	0	7
3633	0	3
3634	2	9
3635	0	5
3636	2	11
3637	0	7
3638	0	5
3639	0	13
3640	0	1
3641	0	4
3642	2	3
3643	0	8
3644	0	4
3645	0	6
3646	1	6
3647	2	7
3648	1	2
3649	0	2
3650	1	4
3651	0	1
3652	0	7
3653	0	5
3654	0	9
3655	0	3
3656	1	4
3657	0	7
3658	1	11
3659	0	3
3660	0	3
3661	1	4
3662	2	8
3663	0	3
3664	2	1
3665	0	5
3666	0	5
3667	0	4
3668	0	10
3669	1	12
3670	0	7
3671	0	4
3672	2	8
3673	3	2
3674	2	9
3675	1	2
3676	0	5
3677	2	5
3678	1	8
3679	1	5
3680	0	2
3681	1	4
3682	1	4
3683	0	5
3684	0	2
3685	2	3
3686	1	6
3687	0	4
3688	2	6
3689	0	5
3690	1	8
3691	0	4
3692	1	6
3693	0	6
3694	0	6
3695	1	2
3696	1	2
3697	0	3
3698	3	4
3699	2	8
3700	2	5
3701	1	3
3702	1	11
3703	0	6
3704	1	6
3705	0	2
3706	1	8
3707	1	4
3708	0	5
3709	0	3
3710	2	3
3711	2	6
3712	2	4
3713	1	8
3714	2	7
3715	2	4
3716	0	6
3717	1	5
3718	1	11
3719	1	5
3720	1	4
3721	0	7
3722	0	4
3723	2	1
3724	0	8
3725	0	4
3726	0	11
3727	0	5
3728	0	6
3729	0	5
3730	0	3
3731	0	9
3732	0	4
3733	1	4
3734	0	9
3735	0	4
3736	2	6
3737	1	7
3738	0	1
3739	1	2
3740	0	6
3741	1	2
3742	1	7
3743	0	12
3744	1	10
3745	0	6
3746	0	4
3747	1	6
3748	1	4
3749	0	7
3750	1	7
3751	1	7
3752	1	2
3753	0	6
3754	1	7
3755	0	4
3756	2	8
3757	1	5
3758	0	10
3759	0	7
3760	1	8
3761	0	8
3762	0	2
3763	3	6
3764	0	5
3765	0	5
3766	1	11
3767	0	6
3768	0	2
3769	0	7
3770	0	5
3772	1	4
3773	0	3
3774	0	5
3775	2	3
3776	1	5
3777	0	3
3778	0	5
3779	1	8
3780	2	7
3781	0	4
3782	1	5
3783	1	5
3784	1	5
3785	0	9
3786	0	7
3787	1	7
3788	1	1
3789	2	5
3790	1	7
3791	0	5
3792	0	7
3793	0	7
3794	2	5
3795	0	7
3796	0	4
3797	1	7
3798	0	3
3799	1	1
3800	0	7
3801	0	6
3802	1	3
3803	0	7
3804	0	4
3805	1	3
3806	0	4
3807	0	4
3808	1	5
3809	0	8
3810	1	5
3811	2	4
3812	1	4
3813	2	4
3814	2	7
3815	0	7
3816	0	1
3817	0	4
3818	1	6
3819	2	4
3820	0	5
3821	0	7
3822	1	8
3823	1	2
3824	0	7
3825	0	2
3826	0	5
3827	0	9
3828	1	1
3829	0	9
3830	1	8
3831	1	4
3832	0	3
3833	0	3
3834	0	4
3835	0	6
3836	1	5
3837	0	4
3838	3	4
3839	1	4
3840	2	7
3841	1	7
3842	2	6
3843	0	7
3844	0	2
3845	0	6
3846	0	4
3847	0	2
3848	3	6
3849	0	7
3850	0	6
3851	1	4
3852	2	3
3853	1	5
3854	1	4
3855	0	7
3856	0	4
3857	1	8
3858	0	4
3859	1	6
3860	0	4
3861	0	6
3862	0	10
3863	0	4
3864	1	6
3865	0	4
3866	0	3
3867	0	3
3868	2	12
3869	2	2
3870	1	4
3871	0	4
3872	1	7
3873	0	7
3874	0	6
3875	0	8
3876	0	3
3877	0	4
3878	0	4
3879	0	3
3880	2	10
3881	2	1
3882	1	7
3883	0	8
3884	1	4
3885	0	7
3886	0	5
3887	1	1
3888	0	9
3889	0	5
3890	0	5
3891	0	5
3892	0	1
3893	0	2
3894	1	4
3895	0	6
3896	0	3
3897	0	1
3898	1	11
3899	0	6
3900	0	4
3901	0	5
3902	0	5
3903	2	3
3904	0	7
3905	1	4
3906	1	3
3907	0	8
3908	0	2
3909	2	6
3910	1	7
3911	1	1
3912	0	8
3913	0	7
3914	1	7
3915	0	4
3916	0	3
3917	2	9
3918	1	6
3919	0	6
3920	0	9
3921	1	6
3922	1	9
3923	2	4
3924	0	5
3925	0	2
3926	1	7
3927	0	3
3928	0	2
3929	2	4
3930	0	7
3931	1	5
3932	1	7
3933	0	8
3934	0	3
3935	0	9
3936	1	12
3937	0	8
3938	1	3
3939	0	4
3940	0	2
3941	1	6
3942	0	8
3943	1	8
3944	0	6
3945	0	11
3946	0	1
3947	2	1
3948	4	3
3949	1	7
3950	0	5
3951	0	1
3952	1	4
3953	0	4
3954	1	2
3955	1	4
3956	1	5
3957	1	5
3958	1	6
3959	0	6
3960	0	4
3961	0	8
3962	1	3
3963	0	9
3964	1	7
3965	0	6
3966	0	6
3967	1	7
3968	0	5
3969	0	5
3970	0	7
3971	0	8
3972	0	3
3973	0	4
3974	0	5
3975	0	5
3976	2	5
3977	0	2
3978	1	7
3979	0	5
3980	0	9
3981	1	6
3982	0	6
3983	0	3
3984	0	5
3985	1	2
3986	1	7
3987	0	5
3988	1	2
3989	1	4
3990	0	6
3991	0	3
3992	0	6
3993	0	4
3994	0	6
3995	2	4
3996	1	9
3997	1	4
3998	1	5
3999	0	7
4000	0	4
4001	0	6
4002	1	4
4003	0	9
4004	1	8
4005	1	10
4006	2	8
4007	0	6
4008	2	14
4009	1	2
4010	0	3
4011	0	4
4012	0	13
4013	1	6
4014	0	3
4015	0	7
4016	0	5
4017	1	9
4018	0	6
4019	0	3
4020	2	4
4021	2	3
4022	0	6
4023	1	7
4024	1	5
4025	0	7
4026	1	4
4027	1	7
4028	1	2
4029	0	2
4030	1	7
4031	0	3
4032	1	8
4033	0	4
4034	1	8
4035	2	2
4036	1	5
4037	1	6
4038	2	4
4039	0	4
4040	2	3
4041	1	6
4042	0	5
4043	1	3
4044	0	3
4045	2	8
4046	1	5
4047	0	7
4048	0	5
4049	3	5
4050	1	13
4051	1	7
4052	1	7
4053	1	6
4054	0	3
4055	2	3
4056	0	8
4057	0	11
4058	0	3
4059	0	7
4060	1	3
4061	0	7
4062	1	6
4063	0	5
4064	0	4
4065	1	7
4066	1	4
4067	0	7
4068	0	7
4069	0	6
4070	0	2
4071	0	2
4072	1	6
4073	1	2
4074	1	4
4075	0	8
4076	0	4
4077	2	4
4078	0	10
4079	1	4
4080	0	1
4081	0	6
4082	1	10
4083	2	7
4084	1	6
4085	0	5
4086	2	5
4087	0	2
4088	1	2
4089	6	5
4090	0	5
4091	0	8
4092	0	5
4093	0	8
4094	1	2
4095	0	5
4096	1	8
4097	0	6
4098	0	5
4099	0	3
4100	2	10
4101	1	4
4102	1	4
4103	0	5
4104	1	6
4105	0	7
4106	0	3
4107	0	9
4108	0	5
4109	0	10
4110	0	9
4111	0	2
4112	0	5
4113	0	5
4114	0	6
4115	0	6
4116	1	4
4117	0	6
4118	0	3
4119	1	7
4120	0	7
4121	0	2
4122	0	11
4123	0	1
4124	0	7
4125	1	4
4126	0	5
4127	1	7
4128	0	7
4129	0	3
4130	0	8
4131	0	3
4132	0	4
4133	0	6
4134	0	6
4135	0	7
4136	2	2
4137	1	4
4138	0	6
4139	0	9
4140	0	2
4141	0	7
4142	0	6
4143	3	2
4144	0	4
4145	0	4
4146	1	7
4147	0	5
4148	0	5
4149	1	2
4150	0	5
4151	0	3
4152	0	4
4153	3	8
4154	1	9
4155	3	7
4156	1	4
4157	1	4
4158	0	2
4159	0	5
4160	0	5
4161	1	7
4162	2	3
4163	2	5
4164	0	7
4165	1	3
4166	0	7
4167	1	7
4168	0	7
4169	2	3
4170	1	2
4171	2	4
4172	1	3
4173	2	3
4174	0	4
4175	0	4
4176	0	7
4177	0	2
4178	1	5
4179	0	5
4180	0	7
4181	1	3
4182	0	9
4183	1	7
4184	2	4
4185	0	10
4186	2	5
4187	0	4
4188	0	6
4189	0	2
4190	1	6
4191	0	3
4192	0	6
4193	0	5
4194	1	1
4195	0	4
4196	0	5
4197	0	2
4198	0	3
4199	0	8
4200	0	7
4201	0	4
4202	0	10
4203	0	8
4204	0	4
4205	0	6
4206	1	8
4207	1	5
4208	0	11
4209	1	6
4210	0	1
4211	1	3
4212	0	6
4213	0	7
4214	0	12
4215	0	4
4216	0	5
4217	0	4
4218	1	3
4219	0	4
4220	0	6
4221	0	3
4222	0	6
4223	1	2
4224	0	2
4225	2	4
4226	0	6
4227	0	8
4228	3	9
4229	0	2
4230	1	4
4231	1	8
4232	1	4
4233	1	5
4234	1	6
4235	0	8
4236	0	9
4237	1	8
4238	0	5
4239	4	9
4240	1	12
4241	0	8
4242	0	1
4243	0	7
4244	0	6
4245	0	5
4246	1	6
4247	0	5
4248	0	5
4249	3	6
4250	2	1
4251	0	7
4252	0	8
4253	0	6
4254	0	3
4255	1	7
4256	0	8
4257	0	4
4258	0	4
4259	0	7
4260	0	3
4261	2	9
4262	2	4
4263	1	10
4264	1	7
4265	1	3
4266	3	3
4267	1	6
4268	2	9
4269	2	5
4270	2	5
4271	0	5
4272	1	3
4273	2	7
4274	1	3
4275	1	5
4276	0	5
4277	3	6
4278	2	5
4279	0	8
4280	0	8
4281	0	9
4282	0	5
4283	0	10
4284	1	13
4285	0	1
4286	1	4
4287	1	2
4288	1	4
4289	1	4
4290	0	5
4291	1	5
4292	0	3
4293	0	6
4294	1	2
4295	0	7
4296	0	5
4297	0	3
4298	3	6
4299	1	4
4300	0	6
4301	2	2
4302	0	3
4303	0	4
4304	1	11
4305	1	9
4306	0	5
4307	1	3
4308	0	7
4309	0	6
4310	0	3
4311	0	5
4312	4	10
4313	1	11
4314	0	6
4315	1	4
4316	1	4
4317	2	2
4318	0	4
4319	2	3
4320	1	5
4321	1	5
4322	2	8
4323	0	6
4324	0	7
4325	1	3
4326	1	5
4327	0	3
4328	0	7
4329	1	8
4330	3	5
4331	0	4
4332	1	4
4333	1	10
4334	0	6
4335	0	9
4336	1	3
4337	1	8
4338	0	3
4339	3	6
4340	0	5
4341	0	7
4342	1	5
4343	1	3
4344	0	4
4345	0	4
4347	1	1
4348	2	1
4349	0	1
4352	1	4
4353	2	7
4354	3	3
4355	3	6
4356	3	8
4357	0	4
4358	1	3
4359	2	4
4360	1	6
4361	0	5
4362	0	3
4363	1	4
4364	1	7
4365	0	3
4366	0	2
4367	1	7
4368	0	9
4369	0	8
4370	0	6
4371	1	3
4372	1	4
4373	0	3
4374	0	3
4375	0	5
4376	2	6
4377	0	5
4378	0	7
4379	0	6
4380	1	6
4381	0	3
4382	2	6
4383	0	7
4384	0	3
4386	0	6
4387	2	12
4388	1	8
4389	0	10
4390	0	3
4391	0	7
4392	0	9
4393	1	7
4394	0	6
4395	1	2
4396	0	4
4397	0	1
4398	1	4
4399	0	5
4400	1	8
4401	0	4
4402	0	5
4403	3	10
4404	2	5
4405	0	7
4406	1	4
4407	1	2
4408	0	2
4409	0	9
4410	0	8
4411	1	1
4412	1	10
4413	0	10
4414	1	4
4415	0	4
4416	0	9
4417	0	2
4418	1	5
4419	0	2
4420	1	6
4421	1	7
4422	1	4
4423	0	5
4424	3	10
4425	1	13
4426	2	5
4427	0	6
4428	2	5
4429	0	2
4430	0	4
4431	0	4
4432	2	5
4433	1	0
4434	0	5
4435	1	6
4436	0	3
4437	1	4
4438	0	5
4439	0	4
4440	1	2
4441	2	6
4442	0	4
4443	0	7
4444	0	3
4445	1	4
4447	0	3
4448	1	3
4449	0	3
4450	1	6
4451	0	2
4452	0	4
4453	2	6
4454	1	5
4455	0	4
4456	2	3
4457	0	10
4458	1	8
4459	0	6
4460	0	7
4461	0	7
4462	2	5
4463	0	5
4464	1	4
4465	2	3
4466	1	10
4467	0	7
4468	2	8
4469	0	7
4470	0	6
4472	1	2
4473	1	4
4474	0	3
4475	1	5
4476	0	10
4477	1	7
4478	1	4
4479	0	6
4480	1	2
4481	2	11
4482	0	6
4483	1	5
4484	1	5
4485	0	6
4486	1	5
4487	0	4
4488	0	3
4489	1	7
4490	1	2
4491	1	4
4492	0	10
4493	0	4
4494	1	5
4495	0	3
4496	0	8
4497	1	4
4498	1	2
4499	0	9
4500	1	2
4501	1	3
4502	0	2
4503	1	5
4504	2	5
4505	0	5
4506	2	9
4507	0	4
4508	0	7
4509	1	5
4510	1	2
4511	0	5
4512	0	7
4513	0	11
4514	1	6
4515	0	8
4516	1	6
4517	2	4
4518	1	6
4519	2	8
4520	0	7
4521	0	2
4522	1	3
4523	0	6
4524	0	7
4525	0	4
4526	0	11
4527	1	2
4528	1	4
4529	0	10
4530	0	3
4531	0	4
4532	0	10
4533	3	3
4534	0	7
4535	0	3
4536	3	8
4537	1	7
4538	1	8
4539	0	4
4540	0	9
4541	0	5
4542	1	7
4543	0	7
4544	1	5
4545	1	5
4546	0	4
4547	0	4
4548	0	6
4549	1	3
4550	0	8
4551	0	3
4552	1	5
4553	1	7
4554	2	5
4555	1	5
4556	0	4
4557	1	6
4558	1	1
4559	0	2
4560	0	4
4561	0	6
4562	3	5
4563	1	4
4564	1	5
4565	1	5
4566	1	1
4567	0	6
4568	0	2
4569	0	7
4570	0	7
4571	0	7
4572	0	6
4573	0	5
4574	0	7
4575	1	6
4576	1	6
4577	2	2
4578	1	4
4579	1	5
4580	0	5
4581	0	5
4582	1	8
4583	0	4
4584	0	7
4585	0	5
4586	0	1
4587	0	8
4588	0	6
4589	0	4
4590	2	2
4591	0	7
4592	0	5
4593	0	2
4594	0	7
4596	1	13
4597	2	5
4598	2	3
4599	0	8
4600	1	13
4601	2	6
4602	1	9
4603	1	8
4604	1	7
4605	0	5
4606	1	4
4607	0	4
4608	1	3
4609	0	6
4610	1	2
4611	0	3
4612	0	1
4613	2	3
4614	1	5
4615	0	13
4616	0	5
4617	0	7
4618	1	9
4619	0	4
4620	1	9
4621	0	5
4622	2	5
4623	0	5
4624	1	5
4625	1	6
4626	0	5
4627	0	9
4628	0	6
4629	1	4
4630	1	5
4631	2	4
4632	2	2
4633	1	5
4634	0	10
4635	1	1
4636	1	1
4637	0	2
4638	1	9
4639	1	4
4640	0	2
4641	0	8
4642	3	4
4643	0	5
4644	0	7
4645	0	2
4646	0	1
4647	1	9
4648	1	8
4649	3	3
4650	1	6
4651	1	5
4652	1	10
4654	0	3
4655	1	3
4656	0	7
4657	0	5
4658	2	5
4659	1	3
4660	0	6
4661	0	3
4662	1	6
4663	0	12
4664	1	8
4665	0	5
4666	1	8
4667	1	2
4668	0	10
4669	0	2
4670	0	6
4671	0	3
4672	0	8
4673	1	8
4674	0	4
4675	0	5
4676	0	3
4677	0	5
4678	0	4
4679	2	3
4680	1	4
4681	1	1
4682	0	11
4683	1	4
4684	0	3
4685	2	9
4686	1	5
4687	2	5
4688	0	1
4689	0	1
4690	3	6
4691	1	7
4692	1	3
4693	0	10
4694	1	4
4695	0	3
4696	1	6
4697	1	5
4698	0	2
4699	0	6
4700	0	3
4701	0	2
4702	0	3
4703	0	12
4704	0	3
4705	0	4
4706	0	6
4707	1	5
4708	0	9
4709	0	4
4710	1	4
4711	0	2
4712	0	3
4713	0	5
4714	0	5
4715	2	7
4716	1	1
4718	0	5
4719	0	6
4720	0	3
4721	0	13
4722	0	3
4723	1	5
4724	0	11
4725	0	8
4726	0	4
4727	0	4
4728	0	6
4729	0	5
4730	2	4
4731	0	5
4732	0	2
4733	1	5
4734	1	2
4735	1	7
4736	0	10
4737	2	9
4738	0	3
4739	2	5
4740	0	8
4741	1	5
4742	1	3
4743	1	7
4744	1	4
4745	0	3
4746	1	9
4747	1	5
4748	2	7
4749	3	3
4750	0	7
4751	1	5
4752	0	8
4753	0	4
4754	2	5
4755	0	7
4756	2	11
4757	0	9
4758	1	4
4759	1	6
4760	3	6
4761	2	4
4762	0	12
4763	1	6
4764	1	3
4765	2	3
4766	0	5
4767	1	3
4768	0	4
4769	0	5
4770	4	0
4771	1	4
4772	1	6
4773	0	7
4774	1	4
4775	0	1
4776	1	7
4777	0	5
4778	0	6
4779	0	9
4780	0	2
4781	1	7
4782	1	3
4783	0	4
4784	1	4
4785	0	4
4786	1	4
4787	0	3
4788	0	3
4789	0	6
4790	0	4
4791	1	3
4792	0	3
4793	1	6
4794	0	9
4795	0	6
4796	1	3
4797	0	2
4798	0	6
4799	1	6
4800	0	4
4801	1	6
4802	0	7
4803	0	6
4804	0	3
4805	1	4
4806	0	5
4807	1	6
4808	0	5
4809	0	6
4810	2	3
4811	1	11
4812	0	5
4813	0	5
4814	1	5
4815	1	6
4816	1	4
4817	0	6
4818	0	3
4819	0	6
4820	0	6
4821	0	6
4822	1	3
4823	2	9
4824	0	7
4825	0	7
4826	1	6
4827	1	4
4828	0	7
4829	0	5
4830	0	2
4831	1	6
4832	0	5
4833	0	4
4834	2	5
4835	2	7
4836	1	4
4837	0	3
4838	1	5
4839	1	5
4840	0	6
4841	0	9
4842	1	9
4843	0	5
4844	0	6
4845	1	6
4846	0	2
4847	2	1
4848	0	8
4849	0	7
4850	0	4
4851	0	3
4852	0	7
4853	0	4
4854	0	3
4855	1	5
4856	1	5
4857	0	7
4858	1	1
4859	3	3
4860	1	1
4861	0	6
4862	0	7
4863	0	1
4864	0	4
4865	0	8
4866	0	4
4867	1	6
4868	0	3
4869	1	3
4870	1	7
4871	1	7
4872	0	6
4873	0	1
4874	1	8
4875	3	4
4876	1	6
4877	0	8
4878	1	6
4879	0	6
4880	0	9
4881	0	4
4882	0	8
4883	1	9
4884	1	5
4885	1	5
4886	0	3
4887	0	3
4888	2	5
4889	1	12
4890	0	4
4891	0	4
4892	0	10
4893	0	6
4894	0	4
4895	1	7
4896	0	2
4897	0	5
4898	2	6
4899	0	8
4900	0	3
4901	1	8
4902	0	7
4903	0	7
4904	0	6
4905	0	7
4906	1	7
4907	0	3
4908	2	5
4909	1	4
4910	0	6
4911	2	7
4912	0	6
4913	0	4
4914	2	3
4915	0	6
4916	1	8
4917	0	1
4918	0	5
4919	0	6
4920	2	5
4921	0	8
4922	1	4
4923	1	6
4924	0	4
4925	1	12
4926	1	4
4927	1	1
4928	1	7
4929	2	3
4930	1	5
4931	0	4
4932	1	7
4933	1	5
4934	2	6
4935	2	7
4936	1	9
4937	0	3
4938	0	5
4939	0	4
4940	1	5
4941	0	6
4942	0	6
4943	0	8
4944	1	5
4945	1	2
4946	1	4
4947	1	4
4948	0	3
4949	1	9
4950	0	7
4951	1	6
4952	1	5
4953	0	10
4954	0	4
4955	0	7
4956	0	2
4957	0	7
4958	0	4
4959	2	5
4960	1	4
4961	1	4
4962	1	2
4963	0	11
4964	0	8
4965	0	5
4966	0	7
4967	0	4
4968	1	8
4969	0	8
4970	2	8
4971	0	4
4972	0	5
4973	3	5
4974	0	9
4975	0	3
4976	1	3
4977	0	3
4978	1	5
4979	2	7
4980	1	8
4981	0	4
4982	1	4
4983	0	12
4984	0	8
4985	0	9
4986	3	3
4987	0	7
4988	0	4
4989	2	3
4990	0	4
4991	0	8
4992	3	7
4993	0	4
4994	0	5
4995	1	2
4996	1	8
4997	0	4
4998	2	8
4999	2	5
5000	1	1
5001	1	8
5002	1	6
5003	1	11
5004	5	3
5005	0	3
5006	1	6
5007	1	6
5008	0	7
5009	4	3
5010	0	7
5011	0	3
5012	0	4
5013	4	6
5014	0	3
5015	0	5
5016	1	2
5017	1	3
5018	1	5
5019	0	10
5020	2	5
5021	0	4
5022	1	5
5023	0	4
5024	1	2
5025	0	5
5026	0	6
5027	2	6
5028	1	3
5029	2	5
5030	0	5
5031	0	5
5032	0	7
5033	1	5
5034	2	6
5035	0	3
5036	1	3
5037	0	5
5038	2	3
5039	0	6
5040	3	1
5041	0	3
5042	1	7
5043	0	7
5044	1	5
5045	0	2
5046	0	5
5047	0	9
5048	2	8
5049	0	3
5050	1	4
5051	0	4
5052	2	5
5053	0	9
5054	0	4
5055	0	4
5056	2	5
5057	2	3
5058	1	6
5059	0	7
5060	1	5
5061	1	6
5062	0	3
5063	1	6
5064	3	3
5065	2	10
5066	1	6
5067	0	5
5068	0	8
5069	0	6
5070	0	4
5071	1	7
5072	0	5
5073	0	2
5074	2	1
5075	0	3
5076	0	11
5077	0	5
5078	1	6
5079	0	3
5080	0	3
5081	1	8
5082	0	8
5083	0	5
5084	1	3
5085	2	5
5086	1	4
5087	1	12
5088	0	6
5089	0	3
5090	2	9
5091	1	6
5092	2	9
5093	4	7
5094	0	5
5095	0	5
5096	1	4
5097	0	5
5098	0	8
5099	3	4
5100	1	8
5101	0	3
5102	0	8
5103	0	3
5104	0	2
5105	0	2
5106	1	7
5107	1	6
5108	1	2
5109	1	5
5110	2	7
5111	0	3
5112	1	7
5113	0	4
5114	1	4
5115	0	6
5116	0	5
5117	0	5
5118	0	8
5119	1	6
5120	1	2
5121	0	6
5122	0	7
5123	0	7
5124	1	7
5125	1	9
5126	0	4
5127	0	5
5128	5	4
5129	1	3
5130	1	9
5131	2	4
5132	1	10
5133	0	6
5134	0	7
5135	0	6
5136	0	2
5137	0	8
5138	1	3
5139	0	6
5140	1	1
5141	0	7
5142	0	6
5143	1	3
5144	0	10
5145	0	3
5146	2	7
5147	6	8
5148	1	4
5149	3	3
5150	1	9
5151	3	9
5152	0	8
5153	0	7
5154	0	5
5155	1	3
5156	0	8
5157	2	7
5158	1	2
5159	2	1
5160	1	2
5161	0	10
5162	2	4
5163	2	8
5164	2	7
5165	0	4
5166	0	9
5167	3	7
5168	3	5
5169	2	7
5170	0	7
5171	0	8
5172	0	3
5173	0	8
5174	1	4
5175	1	2
5176	0	3
5177	0	3
5178	1	5
5179	0	2
5180	0	6
5181	0	5
5182	0	10
5183	1	5
5184	0	5
5185	0	4
5186	1	1
5187	0	8
5188	3	3
5189	1	5
5190	1	5
5191	0	2
5192	0	6
5193	1	9
5194	1	4
5195	0	5
5196	0	8
5197	1	5
5198	2	8
5199	0	9
5200	0	4
5201	1	5
5202	0	4
5203	0	5
5204	2	5
5205	1	7
5206	2	8
5207	0	7
5208	0	4
5209	1	4
5210	0	4
5211	0	3
5212	3	7
5213	1	5
5214	0	6
5215	3	4
5216	1	4
5217	1	11
5218	0	4
5219	0	5
5220	1	3
5221	0	2
5222	2	11
5223	0	2
5224	0	5
5225	0	5
5226	0	5
5227	0	8
5228	1	4
5229	3	11
5230	0	8
5231	1	5
5232	0	5
5233	1	8
5234	0	2
5235	1	5
5236	2	4
5237	0	5
5238	0	4
5239	0	10
5240	1	4
5241	0	5
5242	1	4
5243	2	4
5244	0	3
5245	1	3
5246	2	7
5247	1	9
5248	1	7
5249	1	5
5250	0	6
5251	1	4
5252	1	3
5253	0	5
5254	1	3
5255	1	6
5256	0	6
5257	1	6
5258	1	9
5259	0	3
5260	0	7
5261	0	7
5262	0	11
5263	0	3
5264	3	3
5265	1	8
5266	2	2
5267	0	6
5268	0	5
5269	0	4
5270	0	7
5271	0	2
5272	0	4
5273	0	9
5274	0	6
5275	0	6
5276	0	5
5277	2	4
5278	0	5
5279	0	8
5280	0	5
5281	0	8
5283	0	4
5284	0	7
5285	0	4
5286	1	4
5287	0	5
5288	0	6
5289	1	4
5290	0	3
5291	0	6
5292	0	6
5293	0	6
5294	2	3
5295	1	6
5296	0	3
5297	0	1
5298	0	4
5299	0	9
5300	0	8
5301	1	8
5302	0	2
5303	0	4
5304	0	4
5305	0	1
5306	1	1
5307	0	5
5308	0	6
5309	2	1
5310	1	7
5311	1	4
5312	1	3
5313	0	3
5314	0	6
5315	0	3
5316	1	2
5317	1	7
5318	1	7
5319	0	7
5320	0	5
5321	1	4
5322	0	5
5323	0	9
5324	0	8
5325	0	8
5326	0	5
5327	0	5
5328	0	5
5329	0	3
5330	1	6
5331	2	10
5332	0	5
5333	3	1
5334	0	8
5335	2	4
5336	0	5
5337	0	7
5338	0	8
5339	1	7
5340	1	6
5341	0	6
5342	2	8
5343	0	5
5344	0	4
5345	0	6
5346	1	3
5347	0	7
5348	0	6
5349	0	15
5350	1	7
5351	0	5
5352	1	9
5353	2	6
5354	1	6
5355	0	6
5356	0	4
5357	0	5
5358	1	6
5359	1	3
5360	0	6
5361	0	10
5362	0	6
5363	0	2
5364	1	7
5365	1	3
5366	0	5
5367	0	7
5368	0	3
5369	3	7
5370	0	8
5371	0	9
5372	0	6
5373	0	6
5374	0	5
5375	0	7
5376	0	7
5377	0	7
5378	2	9
5379	0	5
5380	1	2
5381	0	2
5382	0	6
5383	0	5
5384	0	5
5385	0	4
5386	1	0
5387	0	5
5388	0	6
5389	0	11
5390	0	9
5391	1	7
5392	0	10
5393	2	6
5394	1	5
5395	0	3
5396	1	6
5397	1	8
5398	0	2
5399	2	9
5400	1	5
5401	1	4
5402	1	5
5403	1	10
5404	0	4
5405	0	4
5406	0	9
5407	1	5
5408	0	8
5409	1	4
5410	2	7
5411	1	4
5412	0	3
5413	0	3
5414	0	5
5415	1	4
5416	0	4
5417	0	9
5418	2	4
5419	1	6
5420	1	2
5421	0	8
5422	1	8
5423	1	4
5424	0	4
5425	0	9
5426	0	9
5427	1	3
5428	1	4
5429	0	3
5430	0	1
5431	1	4
5432	1	3
5433	0	2
5434	0	4
5435	1	10
5436	0	4
5437	1	3
5438	1	4
5439	0	3
5440	1	7
5441	0	4
5442	0	4
5443	0	6
5444	0	3
5445	0	3
5446	0	2
5447	0	7
5448	1	1
5449	1	5
5450	0	7
5451	0	6
5452	1	7
5453	2	6
5454	0	9
5455	0	9
5456	1	9
5457	0	4
5458	2	6
5459	0	8
5460	1	3
5461	0	6
5462	1	7
5463	0	12
5464	1	6
5465	1	6
5466	1	6
5467	0	3
5468	0	6
5469	0	4
5470	0	4
5471	1	5
5472	2	4
5473	2	3
5474	2	6
5475	0	7
5476	1	1
5477	2	10
5478	0	4
5479	0	5
5480	0	6
5481	0	6
5482	0	6
5483	2	7
5484	1	8
5485	0	3
5486	0	4
5487	0	3
5488	0	6
5489	0	4
5490	1	6
5491	1	4
5492	0	9
5493	0	7
5494	0	5
5495	0	3
5496	0	7
5497	1	6
5498	2	5
5499	0	7
5500	0	9
5501	1	5
5502	1	2
5503	0	6
5504	0	8
5505	2	4
5506	0	9
5507	0	8
5508	1	5
5509	2	8
5510	1	10
5511	0	8
5512	0	6
5513	2	7
5514	0	4
5515	1	8
5516	1	5
5517	1	8
5518	1	5
5519	0	4
5520	0	7
5521	0	6
5522	0	3
5523	0	8
5524	1	6
5525	1	5
5526	0	5
5527	2	5
5528	2	7
5529	2	3
5530	0	6
5531	1	5
5532	4	3
5533	1	8
5534	2	3
5535	1	4
5536	1	6
5537	0	6
5538	0	6
5539	0	6
5540	0	5
5541	0	7
5542	0	1
5543	0	3
5544	2	4
5545	0	12
5546	0	5
5547	0	7
5548	2	5
5549	0	8
5550	0	2
5551	0	7
5552	1	6
5553	0	5
5554	1	5
5555	0	6
5556	0	2
5557	2	10
5558	1	4
5559	0	4
5560	3	4
5561	0	1
5562	0	3
5563	0	2
5564	1	6
5565	0	7
5566	1	6
5567	1	4
5568	0	3
5569	0	6
5570	0	3
5571	0	8
5572	1	3
5573	0	6
5574	1	13
5575	1	4
5576	0	5
5577	2	4
5578	5	7
5579	0	4
5580	0	8
5581	0	2
5582	1	0
5583	0	8
5584	0	7
5585	0	2
5586	0	9
5587	0	3
5588	0	5
5589	0	4
5590	0	7
5591	0	3
5592	1	3
5593	3	3
5594	0	7
5595	0	4
5596	1	5
5597	1	2
5598	1	8
5599	0	8
5600	1	5
5601	0	8
5602	2	2
5603	1	2
5604	0	8
5605	1	8
5606	0	2
5607	0	2
5608	1	4
5609	1	4
5610	0	5
5611	1	6
5612	0	1
5613	0	4
5614	1	3
5615	1	8
5616	0	6
5617	1	5
5618	1	7
5619	0	5
5620	0	6
5621	0	6
5622	0	2
5623	0	4
5624	0	1
5625	3	2
5626	2	6
5627	0	7
5628	0	4
5629	0	8
5630	0	10
5631	1	4
5632	2	2
5633	0	6
5634	0	3
5635	1	7
5636	0	10
5637	2	6
5638	2	4
5639	1	8
5640	0	5
5641	0	6
5642	1	3
5643	0	1
5644	0	6
5645	2	5
5646	0	6
5647	0	5
5648	0	7
5649	1	8
5650	0	3
5651	1	10
5652	0	8
5653	1	5
5654	3	6
5655	1	6
5656	0	2
5657	1	7
5658	1	8
5659	0	5
5660	4	7
5661	1	2
5662	2	5
5663	2	1
5664	1	5
5665	0	7
5666	1	5
5667	4	11
5668	2	7
5669	2	15
5670	0	6
5671	2	6
5672	2	2
5673	2	11
5674	3	6
5675	1	7
5676	5	9
5677	1	7
5678	0	5
5679	0	8
5680	1	1
5681	0	6
5682	0	8
5683	0	3
5684	0	11
5685	0	7
5686	1	3
5687	0	2
5688	1	4
5689	0	8
5690	2	5
5691	0	4
5692	0	4
5693	0	5
5694	1	1
5695	0	5
5696	0	5
5697	0	7
5698	1	6
5699	2	3
5700	0	2
5701	1	5
5702	1	8
5703	1	5
5704	1	6
5705	1	4
5706	1	3
5707	2	6
5708	0	10
5709	1	6
5710	0	9
5711	1	3
5712	0	9
5713	1	3
5714	3	7
5715	0	8
5716	1	5
5717	0	5
5718	1	7
5719	0	2
5720	1	4
5721	0	4
5722	0	3
5723	0	6
5724	0	4
5725	1	4
5726	3	4
5727	1	6
5728	1	7
5729	0	7
5730	3	6
5731	1	3
5732	3	1
5733	3	5
5734	0	8
5735	1	5
5736	1	5
5737	1	6
5738	1	3
5739	1	4
5740	1	9
5741	1	7
5742	3	5
5743	1	2
5744	0	5
5745	1	7
5746	0	7
5747	0	2
5748	0	2
5749	2	8
5750	0	4
5751	1	7
5752	0	6
5753	2	6
5754	0	3
5755	0	3
5756	2	3
5757	1	8
5758	2	5
5759	0	6
5760	0	2
5761	0	4
5762	0	3
5763	0	5
5764	0	5
5765	1	6
5766	0	2
5767	1	6
5768	0	4
5769	0	7
5770	0	1
5771	0	6
5772	0	7
5773	1	3
5774	0	5
5775	1	4
5776	1	7
5777	0	8
5778	0	7
5779	2	5
5780	0	5
5781	1	5
5782	2	3
5783	0	4
5784	0	2
5785	0	3
5786	0	6
5787	0	11
5788	0	7
5789	0	3
5790	0	6
5791	1	4
5792	0	4
5793	0	7
5794	1	7
5795	0	4
5796	1	2
5797	0	7
5798	0	5
5799	1	5
5800	1	9
5801	0	6
5802	1	5
5803	1	4
5804	2	4
5805	4	5
5806	0	4
5807	3	7
5808	0	4
5809	2	7
5810	0	6
5811	0	7
5812	1	1
5813	0	4
5814	1	3
5815	2	3
5816	2	7
5817	1	5
5818	0	7
5819	2	3
5820	2	9
5821	2	7
5822	0	4
5823	0	6
5824	0	3
5825	2	7
5826	1	4
5827	1	7
5828	1	4
5829	2	5
5830	2	7
5831	0	11
5832	1	8
5833	0	1
5834	1	5
5835	0	5
5836	0	8
5837	1	6
5838	1	7
5839	0	3
5840	1	6
5841	1	7
5842	1	1
5843	1	4
5844	0	9
5845	2	4
5846	1	4
5847	2	2
5848	3	9
5849	1	5
5850	2	7
5851	1	6
5852	1	4
5853	0	6
5854	0	2
5855	2	3
5856	0	9
5857	1	7
5858	0	6
5859	0	8
5860	0	6
5861	0	4
5862	1	5
5863	0	7
5864	0	1
5865	1	10
5866	0	8
5867	1	5
5868	1	2
5869	0	9
5870	0	6
5871	2	3
5872	0	3
5873	0	7
5874	0	6
5875	0	2
5876	3	5
5877	1	4
5878	1	4
5879	0	4
5880	2	6
5881	1	8
5882	0	9
5883	0	10
5884	0	5
5885	1	4
5886	2	7
5887	1	2
5888	1	6
5889	1	10
5890	0	3
5891	1	8
5892	0	2
5893	0	13
5894	0	6
5895	0	2
5896	1	4
5897	0	4
5898	0	10
5899	0	2
5900	0	7
5901	1	9
5902	0	5
5903	1	4
5904	1	7
5905	1	5
5906	0	4
5907	0	3
5908	0	5
5909	0	10
5910	1	4
5911	0	6
5912	0	5
5913	0	4
5914	3	10
5915	2	7
5916	1	5
5917	1	4
5918	0	3
5919	1	9
5920	2	5
5921	1	4
5922	2	5
5923	0	2
5924	2	4
5925	0	2
5926	0	3
5927	0	5
5928	3	7
5929	2	3
5930	0	5
5931	0	8
5932	1	11
5933	0	9
5934	2	4
5935	0	9
5936	1	11
5937	0	6
5938	1	5
5939	2	4
5940	2	10
5941	1	4
5942	1	5
5943	1	9
5944	0	11
5945	0	2
5946	0	2
5947	0	13
5948	0	9
5949	2	8
5950	0	7
5951	0	5
5952	0	8
5953	0	6
5954	1	8
5955	2	6
5956	0	7
5957	1	2
5958	0	3
5959	1	2
5960	1	4
5961	0	7
5962	1	2
5963	0	5
5964	0	9
5965	1	7
5966	0	1
5967	1	6
5968	1	2
5969	1	6
5970	0	7
5971	0	7
5972	0	9
5973	0	7
5974	2	3
5975	1	2
5976	0	6
5977	1	4
5978	0	6
5979	1	2
5980	0	9
5981	1	1
5982	1	1
5983	0	2
5984	1	7
5985	0	5
5986	0	5
5987	0	5
5988	1	2
5989	0	4
5990	0	6
5991	0	9
5992	1	5
5993	0	5
5994	1	10
5995	0	7
5996	0	5
5997	0	2
5998	0	2
5999	2	8
6000	0	2
6001	0	6
6002	1	5
6003	1	4
6004	2	8
6005	1	6
6006	1	4
6007	0	2
6008	2	2
6009	2	10
6010	0	9
6011	0	7
6012	0	6
6013	0	4
6014	0	4
6015	0	5
6016	0	12
6017	1	2
6018	1	5
6019	0	6
6020	2	4
6021	2	9
6022	1	6
6023	1	3
6024	0	5
6025	0	6
6026	1	8
6027	0	7
6028	0	7
6029	0	5
6030	1	6
6031	1	6
6032	1	4
6033	0	9
6034	1	3
6035	2	3
6036	5	9
6037	0	6
6038	0	9
6039	1	3
6040	0	6
6041	0	3
6042	0	1
6043	1	6
6044	0	2
6045	1	7
6046	0	3
6047	0	4
6048	0	6
6049	0	8
6050	1	7
6051	0	7
6052	1	1
6053	1	8
6054	1	10
6055	3	3
6056	2	9
6057	0	1
6058	0	4
6059	1	6
6060	0	7
6061	1	2
6062	1	4
6063	0	9
6064	0	4
6065	0	11
6066	1	6
6067	0	9
6068	1	2
6069	2	5
6070	1	1
6071	1	4
6072	2	2
6073	1	4
6074	1	6
6075	0	4
6076	0	9
6077	0	6
6078	1	6
6079	1	7
6080	0	6
6081	0	6
6082	1	3
6083	0	9
6084	1	7
6085	1	5
6086	0	1
6087	2	8
6088	1	7
6089	2	6
6090	0	4
6091	1	7
6092	0	2
6093	0	5
6094	1	6
6095	0	5
6096	0	7
6097	0	6
6098	0	7
6099	0	9
6100	1	4
6101	1	5
6102	2	2
6103	4	12
6104	0	3
6105	0	8
6106	0	4
6107	0	5
6108	0	3
6109	0	5
6110	0	9
6111	0	4
6112	0	5
6113	1	12
6114	0	8
6115	0	4
6116	0	1
6117	0	6
6118	0	2
6119	0	4
6120	0	6
6121	0	4
6122	1	5
6123	0	6
6124	0	4
6125	1	5
6126	0	6
6127	0	7
6128	0	2
6129	0	5
6130	0	4
6131	1	5
6132	0	9
6133	2	4
6134	0	2
6135	0	5
6136	0	3
6137	1	6
6138	0	7
6139	0	1
6140	1	6
6141	0	3
6142	1	7
6143	2	8
6144	1	7
6145	1	9
6146	2	9
6147	0	3
6148	0	3
6149	0	6
6150	1	6
6151	1	7
6152	0	11
6153	0	4
6155	2	9
6156	0	9
6157	0	2
6158	1	4
6159	2	6
6160	0	4
6161	1	5
6162	0	4
6163	0	4
6164	1	4
6165	3	3
6166	0	5
6167	1	6
6168	0	8
6169	1	4
6170	0	5
6171	1	1
6172	0	11
6173	0	5
6174	0	5
6175	0	7
6176	1	12
6177	2	3
6178	0	9
6179	0	3
6180	2	6
6181	0	6
6182	0	7
6183	2	4
6184	2	8
6185	1	14
6186	0	6
6187	1	5
6188	1	8
6189	0	3
6190	1	4
6191	0	4
6192	0	7
6193	2	4
6194	1	2
6195	0	5
6196	0	9
6197	0	8
6198	0	6
6199	2	7
6200	1	4
6201	0	2
6202	0	5
6203	0	4
6204	0	10
6205	0	1
6206	0	6
6207	0	6
6208	0	2
6209	3	4
6210	1	7
6211	0	6
6212	2	3
6213	0	6
6214	2	9
6215	0	1
6216	1	3
6217	1	5
6218	0	3
6219	0	7
6220	1	4
6221	0	6
6222	0	8
6223	0	6
6224	1	5
6225	0	3
6226	0	11
6227	3	5
6228	0	3
6229	0	7
6230	0	6
6231	1	7
6232	0	2
6233	1	11
6234	0	7
6235	1	6
6236	2	3
6237	1	6
6238	0	5
6239	0	6
6240	0	4
6241	1	2
6242	0	7
6243	1	9
6244	1	6
6245	1	4
6246	0	5
6247	1	2
6248	2	4
6249	1	2
6250	0	6
6251	1	7
6252	3	5
6253	0	3
6254	0	2
6255	3	8
6256	2	9
6257	0	1
6258	1	9
6259	2	4
6260	0	4
6261	1	4
6262	2	7
6263	0	9
6264	0	2
6265	0	8
6266	1	5
6267	1	5
6268	2	2
6269	1	3
6270	0	3
6271	0	3
6272	0	5
6273	1	7
6274	2	5
6275	0	4
6276	0	3
6277	0	3
6278	1	7
6279	2	8
6280	1	6
6281	1	4
6282	1	7
6283	0	7
6284	0	6
6285	0	3
6286	0	4
6287	0	7
6288	0	6
6289	2	5
6290	1	3
6291	0	8
6292	4	4
6293	1	4
6294	1	7
6295	2	8
6296	0	5
6297	0	9
6298	1	6
6299	0	4
6300	1	10
6301	1	5
6302	0	6
6303	1	5
6304	1	9
6305	1	2
6306	1	6
6307	0	6
6308	0	6
6309	0	7
6310	0	7
6311	1	5
6312	1	3
6313	1	5
6314	0	4
6315	2	1
6316	0	3
6317	0	8
6318	1	5
6319	0	8
6320	0	7
6321	0	6
6322	0	7
6323	0	9
6324	0	7
6325	2	8
6326	1	2
6327	0	7
6328	1	0
6329	1	2
6330	2	8
6331	0	3
6332	1	4
6333	1	10
6334	0	1
6335	0	5
6336	0	3
6337	2	5
6338	1	5
6339	0	8
6340	0	6
6341	2	2
6342	0	4
6343	0	4
6344	0	4
6345	0	8
6346	1	9
6347	0	2
6348	0	5
6349	0	11
6350	0	5
6351	2	3
6352	1	1
6353	0	2
6354	2	4
6355	0	5
6356	0	8
6357	1	7
6358	1	5
6359	1	6
6360	1	3
6361	1	4
6362	0	6
6363	2	6
6364	1	6
6365	0	4
6366	0	3
6367	0	4
6368	0	8
6369	1	5
6370	2	7
6371	2	4
6372	2	6
6373	0	3
6374	1	4
6375	2	6
6376	0	4
6377	0	4
6378	0	2
6379	0	9
6380	0	2
6381	1	2
6382	1	6
6383	0	9
6384	0	6
6385	0	5
6386	0	4
6387	0	6
6388	1	8
6389	1	3
6390	0	7
6391	3	5
6392	0	8
6393	1	3
6394	0	5
6395	2	5
6396	1	7
6397	1	7
6398	1	5
6399	0	8
6400	1	9
6401	1	12
6402	0	10
6403	0	5
6404	2	3
6405	1	6
6406	2	5
6407	0	4
6408	1	5
6409	0	6
6410	1	7
6411	0	7
6412	1	5
6413	1	4
6414	0	6
6415	0	9
6416	2	2
6417	1	6
6418	1	6
6419	0	5
6420	1	7
6421	1	2
6422	0	6
6423	1	2
6424	2	1
6425	2	4
6426	0	4
6427	0	6
6428	0	10
6429	0	4
6430	1	6
6431	0	5
6432	1	4
6433	1	4
6434	0	2
6435	2	8
6436	1	5
6437	0	7
6438	0	6
6439	1	8
6440	1	8
6441	1	8
6442	2	3
6443	1	1
6444	1	5
6445	0	5
6446	0	8
6447	0	1
6448	0	6
6449	0	5
6450	0	4
6451	0	3
6452	0	3
6453	2	3
6454	0	6
6455	0	7
6456	0	5
6457	2	1
6458	3	11
6459	0	6
6460	0	6
6461	1	2
6462	1	4
6463	0	4
6464	0	3
6465	0	7
6466	0	9
6467	2	3
6468	0	6
6469	0	3
6470	2	4
6471	0	3
6472	0	4
6473	1	2
6474	3	7
6475	1	4
6476	3	6
6477	1	4
6478	0	8
6479	0	6
6480	1	10
6481	0	3
6482	2	6
6483	0	2
6484	0	5
6485	0	7
6486	2	6
6487	2	3
6488	0	3
6489	0	2
6490	1	2
6491	0	2
6492	1	5
6493	0	11
6494	0	4
6495	3	5
6496	1	2
6497	0	3
6498	1	2
6499	0	6
6500	1	6
6501	0	8
6502	0	7
6503	0	4
6504	0	2
6505	0	4
6506	1	0
6507	0	5
6508	0	5
6509	0	2
6510	0	6
6511	0	3
6512	0	5
6513	0	7
6514	0	5
6515	1	13
6516	0	8
6517	2	10
6518	1	6
6519	1	7
6520	0	4
6521	0	4
6522	0	2
6523	1	3
6524	1	7
6525	1	4
6526	0	5
6527	1	5
6528	2	7
6529	0	5
6530	1	3
6531	0	6
6532	0	5
6533	2	1
6534	1	6
6535	1	7
6536	0	5
6537	0	8
6538	0	5
6539	0	10
6540	0	6
6541	0	8
6542	2	6
6543	1	6
6544	1	6
6545	2	4
6546	1	2
6547	0	4
6548	1	4
6549	1	5
6550	1	4
6551	0	5
6552	2	3
6553	1	4
6554	0	10
6555	0	4
6556	2	6
6557	1	4
6558	0	5
6559	2	6
6560	1	7
6561	1	7
6562	1	2
6563	1	4
6564	1	5
6565	0	4
6566	0	9
6567	1	8
6568	0	1
6569	1	2
6570	2	4
6571	0	4
6572	0	4
6573	1	3
6574	0	4
6575	0	6
6576	1	6
6577	1	9
6578	2	9
6579	1	8
6580	0	4
6581	4	5
6582	0	6
6583	0	4
6584	0	4
6585	1	4
6586	0	7
6587	0	10
6588	0	4
6589	3	4
6590	1	2
6591	0	4
6592	1	7
6593	0	3
6594	1	8
6595	1	4
6596	1	5
6597	0	7
6598	0	4
6599	1	2
6600	0	5
6601	0	3
6602	0	6
6603	0	4
6604	0	5
6605	1	5
6606	2	6
6607	0	6
6608	1	8
6609	1	2
6610	1	8
6611	1	4
6612	1	2
6613	0	8
6614	1	8
6615	3	3
6616	1	7
6617	2	5
6618	0	7
6619	0	6
6620	1	5
6621	1	5
6622	1	7
6623	1	4
6624	0	5
6625	0	3
6626	2	5
6627	0	6
6628	1	6
6629	0	7
6630	1	5
6631	0	4
6632	0	7
6633	0	3
6634	3	6
6635	2	7
6636	0	5
6637	2	7
6638	1	5
6639	0	5
6640	0	4
6641	2	4
6642	1	7
6643	1	2
6644	1	1
6645	4	3
6646	2	6
6647	0	1
6648	0	8
6649	2	9
6650	0	7
6651	0	6
6652	0	7
6653	1	7
6654	0	1
6655	0	7
6656	1	6
6657	0	5
6658	0	6
6659	1	2
6660	1	4
6661	1	11
6662	0	5
6663	1	7
6664	0	4
6665	0	4
6666	0	2
6667	1	2
6668	0	3
6669	0	3
6670	0	1
6671	0	9
6672	0	6
6673	0	8
6674	0	7
6675	0	6
6676	1	4
6677	0	3
6678	0	4
6679	0	4
6680	1	3
6681	1	14
6682	1	6
6683	1	3
6684	1	10
6685	0	5
6686	1	8
6687	1	9
6688	3	6
6689	0	4
6690	1	6
6691	0	4
6692	0	3
6693	0	6
6694	0	6
6695	0	7
6696	0	4
6697	0	8
6698	0	7
6699	1	1
6700	0	4
6701	0	4
6702	0	3
6703	0	6
6704	0	9
6705	0	2
6706	0	6
6707	1	7
6708	0	7
6709	1	10
6710	1	2
6711	0	8
6712	0	4
6713	2	5
6714	1	6
6715	1	5
6716	0	5
6717	1	6
6718	1	5
6719	1	3
6720	0	5
6721	0	5
6722	0	4
6723	1	4
6724	1	7
6725	0	4
6726	1	8
6727	2	2
6728	0	6
6729	0	8
6730	2	4
6731	2	7
6732	0	4
6733	0	6
6734	1	3
6735	0	5
6736	0	3
6737	1	3
6738	0	5
6739	1	3
6740	0	6
6741	1	9
6742	0	6
6743	1	2
6744	1	5
6745	0	7
6746	1	7
6747	2	5
6748	0	7
6749	0	8
6750	2	7
6751	1	2
6752	1	2
6753	0	6
6754	1	3
6755	0	2
6756	0	7
6757	0	4
6758	0	4
6759	0	6
6760	1	3
6761	0	6
6762	1	3
6763	0	5
6764	1	8
6765	2	5
6766	0	7
6767	0	5
6768	0	5
6769	0	3
6770	1	4
6771	1	5
6772	0	2
6773	0	5
6774	1	3
6775	0	9
6776	0	9
6777	0	7
6778	2	5
6779	1	5
6780	0	5
6781	1	7
6782	1	4
6783	1	7
6784	1	8
6785	2	4
6786	0	4
6787	2	4
6788	0	2
6789	2	7
6790	1	8
6791	0	3
6792	0	4
6793	3	2
6794	0	5
6795	2	7
6796	0	1
6797	0	8
6798	1	5
6799	1	1
6800	0	3
6801	2	5
6802	1	7
6803	0	6
6804	0	1
6805	0	6
6806	1	9
6807	1	5
6808	2	6
6809	0	7
6810	0	3
6811	1	6
6812	0	2
6813	1	3
6814	2	6
6815	0	7
6816	2	5
6817	3	2
6818	0	6
6819	1	5
6820	2	4
6821	0	10
6822	0	4
6823	1	9
6824	3	6
6825	2	4
6826	2	5
6827	1	8
6828	0	8
6829	0	5
6830	2	10
6831	0	4
6832	0	3
6833	1	14
6834	0	3
6835	1	3
6836	2	5
6837	1	6
6838	0	1
6839	0	6
6840	0	10
6841	0	6
6842	1	4
6843	1	4
6844	1	6
6845	0	4
6846	1	9
6847	2	8
6848	0	4
6849	0	6
6850	0	4
6851	0	2
6852	0	7
6853	0	5
6854	0	9
6855	0	7
6856	0	6
6857	0	6
6858	0	2
6859	0	6
6860	1	7
6861	1	1
6862	2	8
6863	1	3
6864	0	5
6865	1	7
6866	0	7
6867	1	6
6868	0	5
6869	0	5
6870	0	5
6871	1	3
6872	1	4
6873	2	6
6874	0	5
6875	0	3
6876	1	6
6877	2	6
6878	0	5
6879	1	8
6880	0	4
6881	0	8
6882	1	7
6883	2	2
6884	0	5
6885	0	4
6886	0	4
6887	1	3
6888	2	5
6889	0	4
6890	0	1
6891	1	5
6892	0	6
6893	0	7
6894	1	5
6895	0	5
6896	0	2
6897	1	4
6898	0	5
6899	2	5
6900	1	3
6901	0	7
6902	3	7
6903	1	2
6904	0	4
6905	0	2
6906	1	3
6907	1	5
6908	0	5
6909	0	3
6910	2	6
6911	0	5
6912	1	5
6913	1	2
6914	2	4
6915	1	7
6916	0	4
6917	1	7
6918	0	8
6919	1	9
6920	1	6
6921	1	6
6922	1	5
6923	0	6
6924	2	6
6925	1	4
6926	0	4
6927	1	7
6928	0	3
6929	1	11
6930	0	5
6931	0	9
6932	1	5
6933	0	3
6934	0	5
6935	2	8
6936	0	4
6937	0	3
6938	0	3
6939	1	4
6940	3	5
6941	1	4
6942	0	5
6943	2	5
6944	0	9
6945	0	9
6946	2	5
6947	3	5
6948	0	4
6949	1	4
6950	1	5
6951	1	3
6952	0	11
6953	0	2
6954	0	6
6955	1	4
6956	0	8
6957	0	7
6958	1	4
6959	0	5
6960	1	6
6961	0	3
6962	3	8
6963	0	3
6964	2	2
6965	0	5
6966	0	4
6967	1	8
6968	1	9
6969	2	3
6970	1	9
6971	2	5
6972	2	4
6973	0	3
6974	0	4
6975	1	4
6976	0	2
6977	0	9
6978	0	5
6979	2	4
6980	0	4
6981	1	8
6982	0	5
6983	2	4
6984	0	5
6985	1	8
6986	0	4
6987	1	8
6988	1	4
6989	0	9
6990	0	5
6991	1	5
6992	1	2
6993	1	11
6994	1	6
6995	0	4
6996	0	3
6997	2	12
6998	1	1
6999	0	4
7001	1	9
7002	0	5
7003	1	11
7004	1	5
7005	0	6
7006	1	4
7007	1	2
7008	1	9
7009	0	3
7010	2	4
7011	0	3
7012	1	1
7013	0	6
7014	1	2
7015	0	5
7016	0	5
7017	0	2
7018	1	8
7019	0	6
7020	2	3
7021	1	6
7022	1	7
7023	1	4
7024	1	4
7025	0	8
7026	0	9
7027	1	6
7028	1	5
7029	0	7
7030	1	7
7031	0	6
7032	0	10
7033	0	8
7034	0	4
7035	0	3
7036	1	3
7037	1	5
7038	0	4
7039	1	6
7040	0	4
7041	0	5
7042	2	2
7043	1	9
7044	1	5
7045	1	5
7046	0	3
7047	2	6
7048	1	8
7049	1	5
7050	0	3
7051	1	3
7052	0	10
7053	0	11
7054	3	6
7055	1	5
7056	0	1
7057	1	4
7058	0	6
7059	0	8
7060	0	5
7061	1	1
7062	0	8
7063	1	5
7064	0	6
7065	1	3
7066	1	9
7067	0	5
7068	0	7
7069	0	5
7070	1	4
7071	0	12
7072	1	0
7073	1	2
7074	3	4
7075	0	6
7076	0	3
7077	1	5
7078	0	6
7079	1	11
7080	2	6
7081	1	5
7082	1	6
7083	1	3
7084	0	1
7085	0	1
7086	0	2
7087	0	5
7088	0	7
7089	1	7
7090	0	5
7091	1	6
7092	1	9
7093	0	8
7094	0	6
7095	0	3
7096	0	6
7097	0	6
7098	1	3
7099	1	10
7100	1	7
7102	1	11
7103	2	8
7104	1	6
7105	0	7
7106	0	1
7107	1	3
7108	1	5
7109	0	6
7110	0	8
7111	0	8
7112	2	3
7113	0	2
7114	1	12
7115	2	9
7116	3	3
7117	0	5
7118	0	6
7119	2	9
7120	0	3
7121	1	7
7122	0	3
7123	1	10
7124	0	6
7125	1	9
7126	1	8
7127	0	5
7128	3	5
7129	0	7
7130	2	11
7131	0	5
7132	0	7
7133	1	2
7134	1	7
7135	0	9
7136	2	5
7137	2	9
7138	0	6
7139	0	5
7140	0	2
7141	0	6
7142	1	4
7143	0	5
7144	1	4
7145	1	13
7146	0	11
7147	0	2
7148	0	5
7149	1	9
7150	1	7
7151	0	1
7152	1	2
7153	0	6
7154	0	4
7155	1	2
7156	0	5
7157	0	6
7158	1	4
7159	0	6
7160	1	9
7161	1	5
7162	1	7
7163	0	2
7164	0	7
7165	1	7
7166	2	8
7167	0	8
7168	0	8
7169	0	6
7170	0	4
7171	0	7
7172	1	3
7173	1	1
7174	1	6
7175	4	4
7176	2	6
7177	0	7
7178	2	5
7179	1	10
7180	4	8
7181	0	5
7182	1	7
7183	2	7
7184	3	4
7185	1	3
7186	1	7
7187	0	1
7188	0	6
7189	1	5
7190	0	4
7191	0	2
7192	1	11
7193	0	7
7194	0	5
7195	0	1
7196	0	9
7197	1	2
7198	0	9
7199	1	6
7200	0	7
7201	0	9
7202	0	4
7203	1	4
7204	1	7
7205	2	6
7206	1	7
7207	0	4
7208	0	5
7209	1	3
7210	2	5
7211	2	5
7212	2	8
7213	0	6
7214	0	5
7215	0	7
7216	0	6
7217	0	2
7218	0	4
7219	0	10
7220	3	5
7221	1	2
7222	0	10
7223	4	10
7224	2	6
7225	2	3
7226	1	1
7227	0	6
7228	1	9
7229	1	3
7230	2	5
7231	1	3
7232	0	3
7233	0	7
7234	0	5
7235	1	1
7236	2	6
7237	2	4
7238	0	3
7239	0	4
7240	2	3
7241	0	8
7242	0	5
7243	1	4
7244	0	8
7245	0	4
7246	0	5
7247	1	7
7248	1	3
7249	2	8
7250	0	3
7251	3	12
7252	0	4
7253	0	3
7254	1	6
7255	1	5
7256	1	7
7257	0	3
7258	0	10
7259	0	5
7260	1	8
7261	0	3
7262	0	7
7263	2	6
7264	1	2
7265	1	7
7266	0	9
7267	1	7
7268	2	5
7269	0	4
7270	1	8
7271	2	5
7272	0	8
7273	0	5
7274	0	8
7275	2	2
7276	0	4
7277	0	8
7278	0	4
7279	1	7
7280	1	5
7281	1	4
7282	0	11
7283	2	4
7284	3	4
7285	0	6
7286	0	4
7287	0	4
7288	1	6
7289	1	2
7290	0	6
7291	0	2
7292	3	3
7293	0	4
7294	0	2
7295	0	3
7296	0	5
7297	0	6
7298	2	7
7299	0	7
7300	0	3
7301	0	4
7302	1	6
7303	0	7
7304	0	4
7305	1	4
7306	0	3
7307	0	5
7308	0	4
7309	1	5
7310	0	5
7311	0	5
7312	2	8
7313	0	4
7314	0	5
7315	0	11
7316	0	3
7317	1	2
7318	1	3
7319	0	7
7320	0	3
7321	0	6
7322	0	4
7323	1	5
7324	2	8
7325	0	2
7326	1	5
7327	1	6
7328	0	15
7329	0	6
7330	2	3
7331	1	2
7332	0	8
7333	1	7
7334	0	6
7335	0	4
7336	1	5
7337	1	6
7338	2	7
7339	0	7
7340	1	5
7341	0	6
7342	1	6
7343	0	6
7344	1	9
7345	0	7
7346	1	6
7347	0	5
7348	3	7
7349	1	3
7350	0	6
7351	1	10
7352	0	4
7353	1	6
7354	1	5
7355	1	7
7356	0	4
7357	0	10
7358	0	3
7359	2	7
7360	3	5
7361	0	5
7362	1	5
7363	0	8
7364	0	7
7365	0	6
7366	0	6
7367	0	5
7368	0	5
7369	0	1
7370	0	5
7371	1	4
7372	0	5
7373	1	5
7374	1	2
7375	0	7
7376	3	6
7377	0	2
7378	2	7
7379	0	4
7380	1	3
7381	0	2
7382	0	5
7383	0	4
7384	1	6
7385	2	6
7386	2	6
7387	1	3
7388	2	6
7389	0	5
7390	1	5
7391	0	5
7392	1	4
7393	1	5
7394	1	5
7395	0	7
7396	0	4
7397	0	5
7398	1	7
7399	3	9
7400	0	4
7401	0	6
7402	0	3
7403	0	4
7404	2	5
7405	0	3
7406	0	8
7407	0	7
7408	1	6
7409	2	4
7410	0	7
7411	0	8
7412	2	8
7413	1	7
7414	1	11
7415	0	3
7416	0	9
7417	0	7
7418	0	10
7419	0	8
7420	2	4
7421	1	6
7422	1	6
7423	1	5
7424	0	4
7425	1	11
7426	0	4
7427	0	1
7428	2	6
7429	0	6
7430	0	3
7431	0	1
7432	2	3
7433	1	5
7434	0	5
7435	0	2
7436	0	2
7437	1	8
7438	0	4
7439	1	5
7440	0	5
7441	3	6
7442	0	9
7443	1	5
7444	1	3
7445	0	8
7446	2	4
7447	0	4
7448	1	6
7449	0	5
7450	0	4
7451	1	4
7452	1	5
7453	0	3
7454	1	6
7455	2	4
7456	0	6
7457	0	2
7458	2	3
7459	1	4
7460	1	5
7461	0	8
7462	0	6
7463	0	3
7464	0	6
7465	0	5
7466	1	8
7467	0	3
7468	1	4
7469	1	3
7470	0	5
7471	0	6
7472	0	9
7473	1	7
7474	0	7
7475	1	5
7476	0	6
7477	0	5
7478	1	2
7479	2	0
7480	1	6
7481	0	3
7482	0	4
7483	0	3
7484	1	6
7485	0	5
7486	0	5
7487	1	6
7488	0	4
7489	1	4
7490	1	7
7491	2	5
7492	1	6
7493	0	6
7494	0	11
7495	0	6
7496	2	3
7497	2	6
7498	2	4
7499	0	10
7500	0	7
7501	1	4
7502	1	2
7503	3	2
7504	0	5
7505	1	11
7506	1	5
7507	1	4
7508	1	7
7509	0	5
7510	0	6
7511	1	8
7512	0	7
7513	2	2
7514	0	7
7515	2	6
7516	1	3
7517	0	6
7518	0	3
7519	0	8
7520	0	4
7521	2	2
7522	0	8
7523	2	5
7524	1	6
7525	1	6
7526	0	5
7527	3	9
7528	1	3
7529	1	8
7530	1	5
7531	0	7
7532	0	2
7533	0	6
7534	0	3
7535	1	6
7536	1	9
7537	1	13
7538	0	5
7539	2	10
7540	1	9
7541	0	3
7542	0	3
7543	0	6
7544	3	4
7545	1	3
7546	0	6
7547	1	4
7548	0	4
7549	1	7
7550	2	3
7551	1	7
7552	1	6
7553	1	8
7554	1	3
7555	0	4
7556	1	7
7557	1	2
7558	1	4
7559	1	6
7560	0	6
7561	1	4
7562	0	5
7563	0	2
7564	1	9
7565	0	3
7566	1	7
7567	0	9
7568	0	5
7569	1	3
7570	2	2
7571	2	4
7572	0	7
7573	0	5
7574	0	3
7575	1	6
7576	0	6
7577	1	4
7578	0	5
7579	2	8
7580	0	6
7581	3	12
7582	1	3
7583	4	6
7584	0	6
7585	0	4
7586	1	6
7587	2	3
7588	0	4
7589	1	1
7590	2	2
7591	0	5
7592	2	7
7593	2	4
7594	1	5
7595	1	7
7596	1	5
7597	0	5
7598	1	6
7599	0	3
7600	0	5
7601	5	8
7602	0	8
7603	0	5
7604	0	5
7605	1	6
7606	0	8
7607	0	5
7608	1	1
7609	0	8
7610	0	6
7611	1	5
7612	0	8
7613	1	5
7614	0	5
7615	2	3
7616	2	7
7617	2	4
7618	0	7
7619	2	4
7620	1	2
7621	0	2
7622	0	3
7623	1	6
7624	1	5
7625	2	4
7626	1	5
7627	0	4
7628	1	5
7629	0	8
7630	0	5
7631	0	4
7632	1	2
7633	0	1
7634	1	7
7635	2	1
7636	0	7
7637	1	11
7638	0	6
7639	1	4
7640	1	7
7641	1	7
7642	0	6
7643	0	5
7644	1	7
7645	1	6
7646	0	6
7647	0	4
7648	0	7
7649	0	5
7650	0	5
7651	0	5
7652	1	5
7653	0	3
7654	0	6
7655	1	6
7656	2	5
7657	0	11
7658	2	4
7659	1	1
7660	1	6
7661	0	4
7662	4	4
7663	0	4
7664	1	4
7665	2	7
7666	1	5
7667	2	5
7668	1	7
7669	0	3
7670	0	6
7671	1	5
7672	2	7
7673	1	6
7674	1	4
7675	1	6
7676	0	7
7677	0	6
7678	1	7
7679	1	8
7680	1	5
7681	0	3
7682	2	4
7683	0	3
7684	3	7
7686	1	8
7687	1	11
7688	1	6
7689	0	6
7690	1	2
7691	3	7
7692	0	1
7693	1	7
7694	0	2
7695	1	4
7696	0	5
7697	0	7
7698	0	4
7699	1	4
7700	0	5
7701	1	5
7702	0	4
7703	2	2
7704	0	9
7705	3	7
7706	0	3
7707	0	6
7708	0	9
7709	0	6
7710	1	7
7711	0	2
7712	0	9
7713	0	2
7714	0	5
7715	1	4
7716	0	5
7717	1	3
7718	0	2
7719	1	5
7720	0	6
7721	0	3
7722	0	5
7723	1	8
7724	1	3
7725	2	8
7726	2	3
7727	0	6
7728	0	7
7729	0	5
7730	2	2
7731	1	9
7732	1	2
7733	0	5
7734	0	5
7735	2	4
7736	1	2
7737	0	4
7738	1	4
7739	2	8
7740	1	7
7741	0	6
7742	0	7
7743	0	5
7744	0	2
7745	0	5
7746	0	3
7747	1	2
7748	0	4
7749	1	7
7750	0	4
7751	0	3
7752	1	6
7753	0	7
7754	0	9
7755	2	5
7756	3	4
7757	1	3
7758	0	5
7759	1	6
7760	0	12
7761	0	6
7762	0	5
7763	0	2
7764	1	8
7765	1	4
7766	2	3
7767	0	4
7768	1	2
7769	1	3
7770	1	5
7771	1	5
7772	0	2
7773	2	13
7774	1	6
7775	0	13
7776	1	7
7777	1	4
7778	0	4
7780	0	4
7781	0	4
7782	1	7
7783	0	2
7784	1	5
7785	0	11
7786	0	2
7787	0	6
7788	0	5
7789	2	8
7790	0	6
7791	0	5
7792	1	6
7793	0	7
7794	1	3
7795	1	7
7796	0	8
7797	1	5
7798	0	9
7799	1	4
7800	0	8
7801	4	9
7802	1	2
7803	1	6
7804	0	7
7805	0	4
7806	1	5
7807	0	4
7808	0	5
7809	2	2
7810	0	3
7811	0	5
7812	0	7
7813	0	6
7814	0	5
7815	0	5
7816	1	5
7817	1	4
7818	0	2
7819	0	2
7820	0	5
7821	0	8
7822	1	3
7823	0	7
7824	1	9
7825	1	8
7826	0	5
7827	1	3
7828	0	5
7829	0	5
7830	0	3
7831	1	5
7832	0	4
7833	0	7
7834	1	6
7835	0	4
7836	0	4
7837	1	5
7838	2	12
7839	0	4
7840	0	5
7841	0	5
7842	0	3
7843	0	2
7844	1	4
7845	0	6
7846	1	4
7847	0	3
7848	0	5
7849	0	6
7850	3	3
7851	0	8
7852	2	5
7853	1	2
7854	1	8
7855	1	6
7856	1	7
7857	1	7
7858	1	11
7859	0	7
7860	0	6
7861	0	10
7862	2	4
7863	0	6
7864	0	9
7865	0	4
7866	0	3
7867	0	7
7868	0	5
7869	1	5
7870	0	3
7871	0	9
7872	1	6
7873	0	4
7874	0	4
7875	1	6
7876	0	5
7877	0	5
7878	0	4
7879	0	5
7880	0	4
7881	0	3
7882	0	6
7883	0	7
7884	0	5
7885	0	5
7886	2	8
7887	0	6
7888	0	3
7889	1	3
7890	0	3
7891	0	1
7892	0	4
7893	0	7
7894	1	2
7895	0	4
7896	0	5
7897	2	6
7898	1	5
7899	0	10
7900	0	3
7901	1	6
7902	0	2
7903	0	10
7904	0	8
7905	0	3
7906	1	13
7907	1	5
7908	0	4
7909	0	1
7910	0	6
7911	0	5
7912	0	12
7913	0	4
7914	0	9
7915	2	3
7916	0	7
7917	0	8
7918	0	7
7919	3	6
7920	1	8
7921	0	5
7922	0	6
7923	3	10
7924	0	4
7925	1	6
7926	1	4
7927	0	7
7928	0	2
7929	0	3
7930	0	3
7931	1	5
7932	1	11
7933	0	8
7934	0	8
7935	0	6
7936	0	4
7937	0	5
7938	0	6
7939	0	3
7940	1	9
7941	2	3
7942	1	7
7943	0	3
7944	0	4
7945	1	5
7946	0	4
7947	1	6
7948	0	6
7949	0	2
7950	1	1
7951	1	5
7952	1	5
7953	0	2
7954	0	4
7955	0	8
7956	0	5
7957	1	7
7958	0	1
7959	1	6
7960	2	4
7961	0	2
7962	0	6
7963	0	8
7964	0	5
7965	2	4
7966	0	4
7967	3	8
7968	0	10
7969	1	5
7970	0	3
7971	0	1
7972	0	6
7973	1	4
7974	1	6
7975	1	3
7976	0	5
7977	1	5
7978	3	4
7979	0	6
7980	0	5
7981	2	6
7982	0	5
7983	1	11
7984	0	7
7985	0	2
7986	1	7
7987	0	8
7988	1	8
7989	0	9
7990	2	8
7991	0	7
7992	0	4
7993	0	9
7994	0	1
7995	0	3
7996	0	3
7997	1	4
7998	0	4
7999	0	4
8000	1	5
8001	2	5
8002	2	4
8003	1	4
8004	1	5
8005	0	2
8006	2	7
8007	1	2
8008	0	5
8009	1	4
8010	0	3
8011	1	2
8012	0	6
8013	1	6
8014	0	4
8015	0	5
8016	0	5
8017	2	4
8018	0	6
8019	0	4
8020	1	8
8021	1	3
8022	0	4
8023	0	3
8024	0	3
8025	0	3
8026	0	1
8027	0	6
8028	0	7
8029	0	6
8030	1	8
8031	0	3
8032	2	10
8033	1	4
8034	1	5
8035	1	6
8036	0	5
8037	0	5
8038	0	9
8039	0	5
8040	1	8
8041	2	8
8042	1	6
8043	2	5
8044	1	5
8045	0	2
8046	0	6
8047	1	5
8048	1	3
8049	0	11
8050	1	5
8051	2	8
8052	3	5
8053	0	3
8054	0	7
8055	1	2
8056	0	5
8057	0	3
8058	1	5
8059	0	5
8060	1	6
8061	1	9
8062	0	4
8063	0	8
8064	1	3
8065	2	3
8066	0	2
8067	1	9
8068	0	4
8069	0	3
8070	1	5
8071	0	9
8072	0	7
8073	1	3
8074	0	9
8075	1	10
8076	0	5
8077	1	7
8078	0	2
8079	1	4
8080	0	7
8081	1	8
8082	0	5
8083	0	5
8084	1	9
8085	2	8
8086	1	7
8087	1	10
8088	2	4
8089	0	8
8090	0	5
8091	2	6
8092	0	2
8093	0	7
8094	0	5
8095	1	4
8096	0	4
8097	0	4
8098	1	4
8099	0	5
8100	0	6
8101	0	10
8102	2	9
8103	1	5
8104	1	5
8105	0	8
8106	0	5
8107	1	6
8108	1	6
8109	0	3
8110	0	5
8111	1	9
8112	1	7
8113	0	4
8114	0	3
8115	1	7
8116	0	4
8117	0	5
8118	1	7
8119	0	6
8120	0	6
8121	0	5
8122	0	9
8123	0	7
8124	2	3
8125	0	4
8126	0	6
8127	0	11
8128	0	3
8129	0	7
8130	1	9
8131	0	7
8132	1	6
8133	0	3
8134	0	6
8135	0	7
8136	0	7
8137	0	6
8138	0	6
8139	1	9
8140	0	3
8141	1	6
8142	0	7
8143	0	8
8144	1	5
8145	0	3
8146	5	5
8147	0	5
8148	1	9
8149	0	9
8150	1	7
8151	0	7
8152	3	8
8153	0	5
8154	2	4
8155	1	5
8156	2	6
8157	0	4
8158	0	6
8159	2	5
8160	0	5
8161	0	4
8162	0	10
8163	1	4
8164	0	8
8165	0	4
8166	0	5
8167	0	9
8168	0	12
8169	1	6
8170	0	2
8171	1	5
8172	0	4
8173	0	4
8174	2	11
8175	1	11
8176	0	3
8177	2	6
8178	1	2
8180	1	5
8181	2	4
8182	2	6
8183	0	7
8184	1	9
8185	0	7
8186	1	8
8187	0	2
8188	0	5
8189	1	5
8190	0	3
8191	3	4
8192	1	9
8193	0	8
8194	0	4
8195	1	7
8196	1	8
8197	0	6
8198	0	3
8199	0	11
8200	0	6
8201	0	8
8202	1	4
8203	0	11
8204	0	1
8205	0	3
8206	2	3
8207	1	5
8208	0	8
8209	1	4
8210	1	8
8211	0	4
8212	0	4
8213	1	6
8214	2	3
8215	0	10
8216	1	5
8217	0	4
8218	1	8
8219	1	11
8220	0	4
8221	2	5
8222	1	12
8223	0	4
8224	0	8
8225	0	7
8226	1	5
8227	2	4
8228	0	4
8229	0	8
8230	0	4
8231	0	10
8232	0	4
8233	0	5
8234	0	7
8235	0	4
8236	3	5
8237	0	4
8238	1	6
8239	1	5
8240	0	1
8241	0	7
8242	2	4
8243	1	3
8244	0	5
8245	0	3
8246	1	8
8247	1	8
8248	0	6
8249	0	1
8250	0	5
8251	2	6
8252	0	5
8253	1	4
8254	0	7
8255	0	2
8256	0	6
8257	0	5
8258	0	4
8259	0	7
8260	1	3
8262	0	7
8263	0	6
8264	0	11
8265	0	6
8266	1	4
8267	1	4
8268	0	5
8269	1	9
8270	0	7
8271	0	6
8272	1	3
8273	1	3
8274	2	5
8275	0	5
8276	0	4
8277	0	7
8278	0	9
8279	0	4
8280	1	6
8281	1	4
8282	1	3
8283	0	5
8284	1	3
8285	0	7
8286	0	1
8287	1	8
8288	0	2
8289	1	6
8290	1	7
8291	2	7
8292	1	5
8293	0	6
8294	1	5
8295	0	5
8296	0	3
8297	0	6
8298	1	3
8299	0	2
8300	0	2
8301	0	3
8302	0	5
8303	3	3
8304	0	5
8305	1	7
8306	1	8
8307	2	3
8308	2	5
8309	0	10
8310	1	4
8311	1	4
8312	1	7
8313	0	6
8314	2	6
8315	0	8
8316	0	4
8317	0	5
8318	1	6
8319	0	4
8320	0	4
8321	1	7
8322	1	7
8323	0	1
8324	1	8
8325	0	9
8326	0	6
8327	1	2
8328	0	3
8329	0	4
8330	1	2
8331	1	4
8332	1	10
8333	1	2
8334	0	7
8335	0	5
8336	1	6
8337	0	2
8338	0	4
8339	1	4
8340	0	5
8341	0	7
8342	2	5
8343	2	5
8344	0	2
8345	0	7
8346	2	3
8347	0	4
8348	1	9
8349	0	4
8350	1	5
8351	1	3
8352	2	3
8353	1	2
8354	0	7
8355	0	9
8356	0	4
8357	0	8
8358	1	4
8359	1	3
8360	0	5
8361	0	7
8362	1	10
8363	0	2
8364	0	3
8365	2	4
8366	1	3
8367	0	4
8368	1	5
8369	1	12
8370	0	6
8371	1	6
8372	0	5
8373	0	4
8374	1	6
8375	3	3
8376	0	4
8378	2	4
8379	0	11
8380	1	5
8381	0	8
8382	0	5
8383	0	2
8384	1	4
8385	0	7
8386	2	7
8387	0	5
8388	0	1
8389	0	6
8390	1	10
8391	0	2
8392	0	2
8393	1	5
8394	1	6
8395	0	7
8396	1	6
8397	1	3
8398	0	3
8399	0	6
8400	1	6
8401	1	8
8402	1	5
8403	0	5
8404	0	5
8405	2	6
8406	1	5
8407	1	8
8408	0	1
8409	0	3
8410	1	6
8411	0	10
8412	1	3
8413	2	6
8414	0	3
8415	0	7
8416	0	5
8417	1	5
8418	3	5
8419	1	7
8420	1	1
8421	0	6
8422	0	5
8423	1	7
8424	0	6
8425	1	4
8426	0	5
8427	0	4
8428	2	5
8429	0	1
8430	2	5
8431	0	4
8432	1	7
8433	0	8
8434	0	7
8435	0	6
8436	1	8
8437	0	2
8438	0	5
8439	0	8
8440	0	5
8441	0	4
8442	1	5
8443	0	2
8444	1	3
8445	1	1
8446	1	5
8447	1	8
8448	2	8
8449	1	2
8450	0	4
8451	0	6
8452	1	5
8453	0	9
8454	1	5
8455	4	8
8456	0	9
8457	0	7
8458	0	6
8459	0	2
8460	1	3
8461	0	4
8462	2	7
8463	0	3
8464	0	5
8465	2	1
8466	2	6
8467	2	3
8468	0	4
8469	0	7
8470	1	3
8471	1	8
8472	0	7
8473	1	7
8474	1	7
8475	0	12
8476	0	4
8477	0	3
8478	1	4
8479	1	5
8480	1	9
8481	0	7
8482	0	6
8483	0	6
8484	1	5
8485	0	5
8486	0	5
8487	0	3
8488	1	6
8489	1	3
8490	3	5
8491	1	5
8492	0	3
8493	0	4
8494	0	3
8495	1	8
8496	0	5
8497	1	5
8498	0	7
8499	0	4
8500	0	4
8501	0	5
8502	0	7
8503	0	5
8504	0	6
8505	0	7
8506	2	6
8507	3	9
8508	0	7
8509	3	5
8510	0	5
8511	0	8
8512	2	6
8513	1	3
8514	1	4
8515	3	3
8516	0	6
8517	1	3
8518	1	3
8519	1	3
8520	0	11
8521	2	2
8522	0	6
8523	0	7
8524	0	4
8525	2	2
8526	0	11
8527	1	7
8528	0	7
8529	1	6
8530	1	0
8531	0	4
8532	0	4
8533	1	2
8534	0	4
8535	0	3
8536	1	4
8537	1	5
8538	1	6
8539	2	6
8540	1	11
8541	0	4
8542	1	4
8543	0	9
8544	0	6
8545	0	8
8546	1	3
8547	0	6
8548	1	7
8549	0	3
8550	0	3
8551	2	2
8552	0	9
8553	1	6
8554	0	10
8555	1	6
8556	0	8
8557	2	3
8558	1	1
8559	0	8
8560	0	3
8561	2	4
8562	0	8
8563	0	5
8564	0	6
8565	1	3
8566	0	4
8567	0	3
8568	0	10
8569	1	5
8570	0	7
8571	1	5
8572	0	3
8573	1	5
8574	0	6
8575	1	5
8576	0	9
8577	2	4
8578	1	4
8579	1	7
8580	0	7
8581	0	4
8582	0	9
8583	1	8
8584	1	6
8585	1	4
8586	1	4
8587	1	9
8588	0	3
8589	0	4
8590	1	9
8591	1	8
8592	0	3
8593	0	6
8594	0	1
8595	0	12
8596	2	3
8597	1	8
8598	0	9
8599	3	3
8600	1	3
8601	0	8
8602	6	10
8603	1	4
8604	0	8
8605	1	9
8606	1	4
8607	2	5
8608	1	3
8609	0	3
8610	0	5
8611	0	11
8613	0	10
8614	1	8
8615	0	5
8616	1	7
8617	0	3
8618	2	6
8619	1	7
8620	0	2
8621	0	7
8622	2	3
8623	0	12
8624	0	4
8625	0	2
8626	3	6
8627	2	4
8628	0	6
8629	0	8
8630	1	6
8631	0	4
8632	1	3
8633	1	3
8634	1	11
8635	0	4
8636	0	4
8637	0	4
8638	1	7
8639	0	8
8640	0	5
8641	2	2
8642	1	2
8643	0	5
8644	0	5
8645	0	3
8646	0	5
8647	0	7
8648	1	5
8649	0	5
8650	1	1
8651	1	5
8652	0	3
8653	1	13
8654	0	5
8655	0	4
8656	1	5
8657	1	4
8658	1	1
8659	1	3
8660	1	4
8661	1	1
8662	1	7
8663	0	10
8664	1	7
8665	1	3
8666	0	6
8667	1	1
8668	0	4
8669	1	6
8670	0	4
8671	1	2
8672	0	6
8673	1	7
8674	1	2
8675	3	6
8676	0	4
8677	1	8
8678	1	9
8679	0	9
8680	1	6
8681	4	8
8682	1	7
8683	0	6
8684	1	12
8685	1	6
8686	1	5
8687	0	10
8688	0	6
8689	0	5
8690	0	4
8691	1	4
8692	1	6
8693	0	5
8694	1	7
8695	0	7
8696	1	4
8697	2	2
8698	0	7
8699	0	6
8700	0	4
8701	1	5
8702	1	7
8703	2	7
8704	1	7
8705	0	4
8706	2	6
8707	0	5
8708	1	4
8709	1	4
8710	0	5
8711	0	4
8712	1	4
8713	2	6
8715	3	4
8716	0	5
8717	0	6
8718	2	4
8719	0	6
8720	1	3
8721	1	3
8722	0	3
8723	1	6
8724	1	6
8725	2	8
8726	1	5
8727	1	5
8728	1	8
8729	0	3
8730	1	9
8731	2	6
8732	1	6
8733	0	6
8734	0	9
8735	0	4
8736	1	2
8737	1	7
8738	0	6
8739	1	2
8740	1	5
8741	1	3
8742	0	3
8743	0	4
8744	0	4
8745	0	7
8746	1	4
8747	0	5
8748	0	3
8749	1	4
8750	2	0
8751	1	4
8752	0	2
8753	3	12
8754	0	6
8755	0	8
8756	2	2
8757	0	4
8758	0	6
8759	0	3
8760	0	7
8761	1	9
8762	0	4
8763	1	5
8764	0	2
8765	0	4
8766	0	7
8767	0	4
8768	0	6
8769	1	5
8770	2	4
8771	0	5
8772	1	4
8773	0	7
8774	1	8
8775	1	1
8776	0	5
8777	0	8
8778	0	9
8779	0	6
8780	2	5
8781	1	5
8782	1	9
8783	0	5
8784	1	2
8785	0	4
8786	1	1
8787	0	4
8788	0	9
8789	0	2
8790	0	1
8791	1	4
8792	0	2
8793	1	9
8794	1	5
8795	0	5
8796	1	3
8797	0	2
8798	0	8
8799	3	5
8800	0	8
8801	0	1
8802	0	3
8803	1	3
8804	2	7
8805	1	8
8806	1	5
8807	1	5
8808	0	9
8809	0	5
8810	1	7
8811	1	4
8812	1	4
8813	1	4
8814	0	3
8815	0	7
8816	0	5
8817	0	6
8818	1	6
8819	0	7
8820	1	6
8821	0	3
8822	0	6
8823	0	4
8824	2	2
8825	0	6
8826	0	7
8827	2	4
8828	0	4
8829	1	4
8830	1	4
8831	0	4
8832	1	8
8833	2	7
8834	0	5
8835	0	7
8836	0	2
8837	1	7
8838	0	2
8839	1	11
8840	2	5
8841	1	3
8842	0	4
8843	0	5
8844	0	6
8845	1	3
8846	2	10
8847	0	5
8848	0	2
8849	0	6
8850	0	6
8851	0	5
8852	2	5
8853	0	2
8854	1	6
8855	0	6
8856	0	6
8857	0	4
8858	2	3
8859	0	8
8860	1	5
8861	0	11
8862	2	3
8863	0	9
8864	1	6
8865	1	5
8866	0	6
8867	1	9
8868	1	8
8869	0	7
8870	2	9
8871	2	9
8872	0	8
8873	0	7
8874	1	8
8875	0	9
8876	1	3
8877	0	4
8878	2	5
8879	1	6
8880	0	5
8881	1	6
8882	1	3
8883	0	8
8884	0	6
8885	0	6
8886	2	3
8887	0	7
8888	0	4
8889	0	5
8890	2	4
8891	2	7
8892	3	10
8893	0	6
8894	0	8
8895	0	2
8896	0	7
8897	0	4
8898	0	5
8899	1	6
8900	0	6
8901	2	7
8902	0	6
8903	0	6
8904	2	7
8905	0	6
8906	0	5
8907	2	4
8908	0	6
8909	1	3
8910	1	3
8911	0	2
8912	0	8
8913	1	6
8914	0	6
8915	1	3
8916	1	3
8917	0	4
8918	0	5
8919	1	4
8920	1	5
8921	3	5
8922	0	6
8923	0	7
8924	0	6
8925	0	6
8926	0	5
8927	1	5
8928	2	10
8929	2	4
8930	0	4
8931	0	4
8932	0	8
8933	0	6
8934	2	6
8935	2	8
8936	3	5
8937	0	9
8938	1	6
8939	1	6
8940	0	5
8941	1	5
8942	2	3
8943	2	8
8944	0	6
8945	2	5
8946	2	4
8947	1	5
8948	2	3
8949	1	8
8950	0	6
8951	2	9
8952	0	7
8953	0	8
8954	1	12
8955	2	5
8956	1	7
8957	1	6
8958	1	3
8959	2	4
8960	0	8
8961	0	8
8962	3	11
8963	1	3
8964	0	8
8965	0	7
8966	2	4
8967	0	9
8968	2	7
8969	2	9
8970	0	4
8971	1	3
8972	2	5
8973	0	3
8974	4	2
8975	2	5
8976	3	3
8977	2	5
8978	3	8
8979	0	6
8980	0	5
8981	0	4
8982	0	4
8983	1	3
8984	0	3
8985	1	6
8986	0	6
8987	1	5
8988	1	4
8989	1	2
8990	0	4
8991	0	3
8992	2	5
8993	0	4
8994	0	7
8995	0	6
8996	1	3
8997	3	5
8998	0	3
8999	0	2
9000	0	7
9001	3	5
9002	0	3
9003	1	9
9004	1	6
9005	0	3
9006	1	8
9007	0	10
9008	2	4
9009	0	9
9010	1	5
9011	0	2
9012	2	5
9013	1	3
9014	2	3
9015	1	6
9016	0	3
9017	0	3
9018	0	4
9019	0	3
9020	0	2
9021	0	4
9022	0	5
9023	1	6
9024	1	5
9025	0	9
9026	0	4
9027	3	8
9028	1	7
9029	0	3
9030	1	6
9031	0	5
9032	0	5
9033	1	6
9034	0	3
9035	0	3
9036	1	11
9037	1	4
9038	0	11
9039	2	7
9040	1	3
9041	0	4
9042	1	7
9043	0	10
9044	0	7
9045	0	5
9046	0	5
9047	1	5
9048	0	5
9049	1	8
9050	0	6
9051	0	3
9052	0	3
9053	1	3
9054	0	4
9055	0	3
9056	1	5
9057	1	7
9058	0	9
9059	0	4
9060	2	5
9061	0	11
9062	1	10
9063	0	7
9064	1	7
9065	1	7
9066	2	7
9067	1	6
9068	2	5
9069	0	5
9070	1	6
9071	0	3
9072	0	7
9073	0	6
9074	0	3
9075	1	4
9076	1	8
9077	1	6
9078	0	4
9079	1	5
9080	1	6
9081	0	5
9082	1	2
9083	1	4
9084	0	4
9085	0	9
9086	0	3
9087	0	2
9088	2	5
9089	3	6
9090	0	4
9091	0	9
9092	2	3
9093	1	6
9094	0	8
9095	0	6
9096	1	3
9097	1	3
9098	1	4
9099	1	5
9100	1	4
9101	1	5
9102	0	3
9103	0	4
9104	0	5
9105	1	6
9106	2	3
9107	2	2
9108	0	6
9109	1	5
9110	0	6
9111	0	9
9112	0	5
9113	0	6
9114	0	4
9115	2	6
9116	1	3
9117	3	4
9118	3	5
9119	1	5
9120	1	11
9121	1	8
9122	1	4
9123	0	7
9124	0	6
9125	2	8
9126	0	7
9127	1	6
9128	0	2
9129	0	10
9130	2	4
9131	0	12
9132	0	3
9133	1	5
9134	1	7
9135	0	7
9136	0	9
9137	1	2
9138	0	2
9139	0	7
9140	0	7
9141	1	7
9142	0	5
9143	2	1
9144	1	4
9145	0	7
9146	0	8
9147	1	4
9148	0	6
9149	0	6
9150	1	7