1	1	2
2	0	6
3	1	2
4	1	1
5	0	2
6	0	2
7	1	4
8	0	2
9	1	0
10	2	2
11	1	4
12	0	1
13	0	1
14	0	1
15	0	5
16	0	1
17	0	2
18	0	3
19	1	2
20	1	4
21	1	5
22	4	2
23	0	1
24	1	5
25	2	3
26	1	3
27	1	3
28	0	2
29	0	2
30	0	3
31	0	2
32	1	3
33	1	0
34	1	0
35	0	5
36	0	1
37	0	4
38	0	1
39	0	1
40	1	2
41	1	6
42	2	4
43	0	4
44	0	2
45	1	7
46	0	3
47	1	2
48	3	3
49	1	4
50	0	5
51	0	3
52	1	2
53	1	0
54	1	4
55	0	5
56	0	3
57	0	2
58	0	3
59	0	2
60	0	2
61	0	4
62	0	8
63	0	1
64	2	4
65	1	2
66	1	5
67	1	0
68	0	1
69	2	4
70	1	3
71	2	1
72	0	1
73	0	3
74	1	2
75	1	6
76	1	2
77	0	4
78	2	1
79	0	2
80	1	1
81	1	5
82	0	2
83	1	2
84	0	5
85	0	4
86	0	2
87	1	1
88	0	3
89	0	1
90	0	1
91	1	3
92	0	3
94	0	3
95	1	3
96	3	4
97	2	3
98	0	2
99	1	4
100	0	4
101	0	3
102	1	5
103	1	3
104	1	3
105	1	3
106	0	1
107	1	1
108	0	6
109	0	5
110	1	2
111	1	6
112	1	6
113	1	2
114	0	7
115	2	3
116	0	4
117	0	4
118	0	5
119	1	2
120	0	5
121	1	4
122	0	4
123	1	4
124	1	3
125	0	6
126	0	4
127	0	3
128	1	4
129	3	4
130	0	4
131	1	0
132	1	2
133	3	3
134	0	3
135	0	1
136	0	3
137	0	3
138	1	4
139	0	1
140	2	3
141	0	4
142	1	0
143	1	4
144	0	4
145	1	2
146	1	1
147	0	2
148	1	3
149	1	3
150	0	3
151	1	2
152	2	5
153	0	5
154	1	2
155	1	5
156	0	2
157	2	1
158	3	2
159	0	2
160	1	0
161	0	2
162	0	1
163	0	2
164	0	4
165	0	4
166	1	0
167	0	1
168	1	5
169	0	2
170	0	4
171	1	2
172	0	5
173	1	7
174	1	3
175	2	1
176	3	4
177	3	3
178	1	4
179	3	3
180	2	4
181	0	1
182	0	2
183	1	4
184	0	5
185	1	5
187	1	3
188	3	2
189	0	5
190	3	5
191	1	3
192	1	3
193	2	1
194	1	4
195	0	6
196	1	4
197	1	4
198	2	0
199	1	2
200	0	2
201	1	0
202	0	1
203	0	2
204	3	1
205	0	3
206	0	2
207	1	1
208	0	2
209	1	4
210	2	3
211	1	4
212	2	4
213	0	4
214	2	4
215	2	2
216	0	2
217	0	3
218	1	8
219	1	4
220	0	5
221	2	2
222	1	4
223	0	3
224	2	6
225	1	3
226	2	1
227	0	4
228	0	2
229	0	3
230	0	3
231	0	5
232	2	3
233	2	1
234	0	4
235	0	2
236	1	1
237	0	5
238	0	5
239	1	4
240	3	2
241	1	6
242	2	1
243	2	8
244	0	2
245	0	5
246	1	3
247	1	3
248	1	5
249	0	3
250	0	4
251	2	5
252	1	2
253	1	3
254	1	2
255	1	0
256	2	2
257	0	2
258	1	3
260	2	2
261	0	4
262	2	2
263	2	3
264	0	3
265	1	1
266	0	3
267	2	1
268	1	3
269	1	1
270	1	2
271	0	1
272	0	2
273	0	4
274	0	5
275	1	5
276	1	3
277	1	5
278	0	4
279	0	1
280	1	0
281	0	3
282	1	4
283	0	1
284	1	1
285	6	1
286	0	7
287	0	5
288	0	1
289	0	4
290	2	0
291	0	2
292	1	4
293	1	4
294	1	3
295	0	4
296	0	3
297	0	4
298	0	3
299	0	4
300	0	1
301	0	6
302	0	3
303	0	2
304	1	4
305	2	3
306	0	3
307	0	2
308	0	2
309	2	3
310	1	2
311	2	7
312	0	3
313	2	3
314	2	3
315	0	4
316	0	1
317	0	4
318	2	4
319	0	4
320	2	5
321	0	4
322	0	5
323	1	6
324	0	6
325	2	1
326	1	2
327	1	2
328	1	5
329	0	3
330	1	5
331	0	4
332	2	3
333	0	4
334	0	3
335	0	3
336	1	3
337	0	3
338	1	3
339	1	5
340	0	2
341	2	1
342	0	2
343	1	3
344	1	3
345	0	6
346	1	4
347	0	3
348	2	3
349	0	6
350	2	3
351	0	5
352	1	3
353	0	3
354	0	4
355	0	1
356	0	6
357	1	2
358	0	1
359	1	1
360	2	2
361	1	5
362	1	3
363	1	4
364	0	5
365	1	2
366	0	7
367	0	3
368	1	6
369	0	1
370	0	1
371	0	2
372	0	1
373	0	1
374	0	1
375	0	3
376	0	2
377	1	3
378	0	5
379	0	3
380	0	7
381	0	1
382	4	4
383	2	4
384	0	3
385	1	0
386	0	4
387	0	1
388	0	3
389	2	4
390	1	11
391	1	6
392	2	1
393	1	5
394	0	2
395	0	3
398	0	4
399	1	2
400	2	2
401	0	5
402	0	7
403	0	4
404	0	4
405	0	5
406	0	5
407	1	3
408	1	4
409	0	3
410	2	5
411	1	2
412	1	4
413	0	2
414	2	1
415	1	4
416	2	3
417	0	8
418	1	1
419	0	2
420	0	4
421	1	4
422	0	1
423	0	3
424	0	2
425	2	0
426	2	2
427	0	3
428	0	2
429	1	1
430	2	0
431	0	2
432	3	1
433	0	3
434	0	3
435	1	2
436	3	1
437	1	4
439	0	2
440	0	2
441	0	3
442	0	3
443	1	3
444	0	2
445	0	1
446	0	2
447	0	5
448	0	2
449	1	2
450	1	1
451	0	1
452	0	3
453	0	6
454	0	5
455	1	2
456	0	2
458	0	5
459	0	3
460	0	2
461	2	4
462	0	2
463	1	3
464	0	1
465	0	3
466	0	1
467	0	1
468	0	2
469	1	3
470	0	2
471	0	2
473	0	3
474	0	3
475	2	4
476	1	0
478	0	3
479	1	6
480	2	4
481	2	2
482	0	3
483	2	5
485	0	8
486	0	4
487	1	2
488	0	5
489	1	1
491	0	3
492	0	3
493	0	7
494	0	4
495	0	2
496	0	3
497	0	4
498	0	2
499	0	5
500	0	3
501	2	0
502	1	8
503	1	4
504	0	4
505	1	4
506	1	2
507	0	2
508	1	4
509	0	2
510	2	3
511	0	4
512	0	1
513	1	0
514	0	1
515	3	2
516	5	1
517	2	3
518	1	4
519	0	1
520	0	2
521	0	2
522	0	1
523	0	1
524	0	4
525	1	5
526	0	3
528	1	3
529	0	3
530	0	8
531	0	3
532	1	0
533	1	0
534	0	2
535	1	5
536	3	2
537	0	3
538	0	2
539	5	5
540	1	4
541	0	1
542	1	2
543	0	2
544	0	4
545	0	1
546	0	3
547	3	4
548	0	2
549	0	7
551	1	2
552	2	1
553	0	2
554	0	3
555	0	1
556	0	4
557	0	6
558	2	5
559	0	3
560	0	4
561	1	2
562	1	4
563	0	6
564	4	6
565	0	3
566	3	3
567	1	2
568	1	8
569	1	1
570	1	4
571	0	1
572	0	8
573	0	2
574	1	3
575	1	5
576	0	4
577	2	2
578	0	2
579	0	2
580	0	6
581	3	3
582	0	4
583	0	4
584	0	6
585	1	6
586	3	2
587	3	4
588	0	3
589	1	3
590	4	6
591	1	3
592	0	3
593	2	0
594	2	4
595	1	0
596	0	3
597	0	3
598	3	1
599	1	3
600	3	4
601	0	4
603	0	1
604	0	5
605	0	3
606	0	1
607	0	5
608	1	3
609	2	1
610	0	3
611	2	5
612	2	1
613	0	1
614	0	2
615	2	0
616	0	2
617	1	4
618	0	3
619	0	5
620	0	5
621	1	4
622	2	4
623	4	2
624	1	3
625	0	4
626	1	4
627	1	3
628	2	2
629	0	2
630	0	4
631	2	3
632	1	4
633	1	1
634	0	1
635	1	0
637	0	1
638	0	1
639	3	1
640	0	2
641	0	2
642	0	2
644	1	4
645	1	4
646	0	4
647	0	1
648	0	3
649	1	4
650	0	2
651	0	1
652	1	3
653	0	6
654	0	7
655	0	1
656	0	6
657	0	3
658	0	6
659	0	4
660	1	5
661	0	2
662	0	3
663	0	3
664	1	3
665	2	3
666	0	3
667	1	4
668	0	6
669	0	6
670	0	5
671	0	3
672	1	2
673	0	3
674	0	2
675	1	2
676	0	3
677	2	0
678	1	2
679	0	3
680	1	8
681	0	4
682	1	3
683	0	2
684	0	5
685	2	6
686	2	2
687	0	5
688	0	2
689	3	3
690	0	6
691	1	0
692	1	1
693	1	2
694	0	8
695	1	2
696	1	2
697	0	3
698	0	2
699	0	3
700	1	3
702	1	1
703	2	3
704	0	2
705	1	7
706	1	2
707	0	2
708	2	4
709	1	2
710	1	3
711	0	5
712	1	1
713	3	5
714	1	3
715	2	1
716	1	4
717	1	2
718	0	4
719	1	4
720	0	2
721	1	2
722	3	5
723	1	0
724	2	3
725	0	3
726	2	4
727	1	2
728	0	2
729	2	1
730	0	4
731	0	2
732	2	7
733	0	5
734	0	5
735	1	0
736	0	3
737	0	2
738	2	2
739	1	2
740	0	3
741	0	1
742	1	4
743	4	2
744	0	3
745	0	4
746	1	2
747	2	1
748	0	6
749	0	4
750	0	2
751	3	4
752	0	3
753	0	2
754	1	3
755	0	10
756	0	4
757	1	2
759	0	4
760	1	1
761	2	3
762	0	4
763	1	0
764	0	3
766	1	4
767	3	2
768	4	1
769	3	3
770	3	5
771	0	2
772	0	3
773	2	4
774	1	4
775	2	5
776	0	3
777	0	2
778	1	5
779	0	1
780	0	4
781	0	3
782	1	2
783	1	1
784	2	3
785	0	7
786	0	2
787	1	3
788	0	1
789	1	2
790	1	2
791	0	3
792	0	1
793	3	3
794	0	2
795	3	1
796	3	3
797	1	1
798	0	2
799	1	1
800	0	4
801	0	5
802	1	4
803	1	3
804	1	6
805	0	1
806	1	1
807	0	3
808	1	4
809	2	4
810	2	1
811	0	2
812	0	2
813	3	2
814	0	3
815	0	2
816	0	2
817	2	2
818	0	7
819	1	4
820	1	2
821	0	4
822	2	8
823	0	1
824	2	3
825	2	0
827	3	3
828	0	1
829	1	2
830	1	4
831	0	5
832	1	5
833	1	5
834	0	3
835	1	4
836	0	2
837	1	3
838	1	1
839	0	5
840	2	3
841	1	0
842	0	4
843	1	5
844	0	6
845	0	3
846	0	3
847	0	2
848	1	6
849	0	2
850	0	4
851	1	3
852	0	5
853	1	1
854	2	1
855	2	2
856	0	4
857	1	3
858	1	3
859	0	1
860	1	2
861	2	8
862	2	1
863	2	3
864	0	3
865	0	1
866	0	1
867	0	1
868	1	2
869	0	2
870	0	2
871	0	7
872	0	1
873	0	5
874	0	2
875	0	3
876	0	1
877	1	4
878	1	1
879	0	2
880	0	1
881	1	6
882	0	6
883	1	7
884	0	3
885	1	3
886	0	2
887	0	4
888	0	2
889	1	3
890	0	2
891	2	2
892	1	2
893	1	6
894	1	1
895	1	1
896	0	3
897	0	1
898	1	3
899	0	2
900	2	4
901	0	5
902	1	1
903	0	5
904	0	5
905	1	3
906	0	2
907	1	1
908	1	2
909	1	2
910	0	4
911	0	2
912	0	2
913	0	3
914	1	2
915	3	4
916	1	3
917	0	4
918	0	3
919	1	2
920	1	4
921	1	2
922	1	3
923	1	2
924	1	8
925	1	3
926	1	3
927	0	5
929	2	3
930	0	1
931	0	2
932	0	2
933	0	5
934	1	1
935	0	4
936	1	4
937	1	5
938	1	1
939	0	3
940	1	1
941	1	5
942	0	2
943	0	4
944	0	6
945	1	6
946	0	2
947	0	1
948	2	4
949	1	5
950	1	2
951	1	2
952	0	3
953	1	0
954	2	3
955	0	1
956	0	4
957	1	2
958	1	3
959	0	4
960	1	5
961	0	5
962	0	7
963	0	2
964	0	3
965	0	3
966	1	2
967	0	5
968	2	2
969	0	4
970	2	2
971	0	2
972	1	2
973	3	5
974	0	2
975	0	3
976	1	0
977	1	4
978	0	3
979	0	1
980	0	1
981	0	2
982	1	4
983	0	4
984	0	5
985	2	3
986	0	3
987	0	1
988	1	2
989	0	2
991	1	5
992	2	3
993	0	2
994	0	3
995	0	4
996	1	2
997	0	3
998	0	1
1000	0	1
1001	1	6
1002	1	1
1003	0	5
1004	1	3
1005	0	4
1006	1	3
1007	1	4
1008	2	2
1009	1	3
1010	1	3
1012	0	2
1013	1	2
1014	0	2
1016	0	4
1017	0	3
1018	4	3
1019	0	2
1020	0	2
1021	0	3
1022	0	1
1023	0	4
1024	2	2
1025	2	2
1026	0	4
1027	1	1
1028	1	2
1029	0	2
1030	2	4
1031	0	5
1032	0	9
1033	0	6
1034	7	1
1035	2	7
1036	0	6
1037	3	4
1039	1	3
1040	1	5
1041	4	5
1042	2	3
1043	0	4
1044	1	1
1045	1	1
1046	0	3
1047	0	3
1048	1	2
1049	1	4
1050	0	4
1051	1	3
1052	0	4
1053	1	3
1054	0	3
1055	0	4
1056	0	6
1057	1	2
1059	0	5
1060	1	2
1061	1	3
1062	0	2
1063	1	2
1064	0	3
1065	1	6
1066	2	2
1067	1	7
1068	0	6
1069	1	4
1070	2	4
1071	1	0
1072	0	3
1073	0	6
1074	0	3
1075	0	2
1076	3	3
1077	2	3
1078	0	1
1079	1	0
1080	1	1
1082	2	1
1083	0	3
1084	3	3
1085	1	4
1086	1	4
1087	0	4
1088	0	2
1089	1	3
1090	1	2
1091	0	2
1092	0	6
1093	1	2
1094	1	4
1095	0	2
1096	1	2
1097	0	3
1098	1	1
1099	0	2
1100	1	1
1101	0	4
1102	0	4
1103	2	4
1104	3	3
1105	2	3
1106	1	3
1107	0	1
1108	2	2
1109	1	2
1110	1	2
1112	0	2
1113	2	9
1114	1	4
1115	0	2
1116	0	2
1117	1	4
1118	0	3
1119	1	1
1120	0	4
1121	2	1
1122	1	3
1123	0	3
1124	2	2
1125	1	3
1126	1	4
1127	1	4
1128	0	3
1129	1	2
1130	0	2
1131	0	3
1132	1	0
1133	2	4
1137	0	2
1138	2	4
1139	0	2
1140	1	1
1141	0	2
1142	0	1
1143	4	4
1144	0	3
1145	0	2
1146	2	3
1147	0	2
1148	1	3
1149	0	2
1150	0	2
1151	0	2
1152	3	4
1153	1	6
1154	0	1
1155	1	5
1156	1	2
1157	1	1
1158	1	4
1159	0	7
1160	0	4
1161	0	2
1162	3	4
1163	3	1
1164	0	3
1165	0	3
1166	1	2
1167	1	1
1168	1	1
1169	2	1
1170	2	2
1172	0	3
1173	3	1
1174	2	1
1175	0	2
1176	1	2
1177	0	2
1178	3	5
1179	0	4
1180	1	2
1181	1	4
1182	1	5
1183	1	4
1184	0	1
1185	0	1
1186	0	1
1187	1	1
1188	1	4
1189	3	2
1190	1	0
1191	1	4
1192	0	2
1193	0	3
1194	0	4
1195	0	1
1196	0	4
1197	0	6
1198	0	1
1199	0	4
1200	0	1
1201	2	2
1202	0	4
1203	2	3
1204	3	5
1205	1	3
1206	0	4
1207	0	3
1208	0	3
1209	1	2
1210	3	3
1211	0	5
1212	0	7
1213	1	1
1214	1	2
1215	1	1
1216	0	2
1217	1	3
1218	1	4
1219	1	3
1221	2	0
1222	1	1
1223	2	4
1224	0	4
1225	2	3
1226	0	1
1227	1	2
1228	2	4
1229	0	3
1230	1	3
1231	1	4
1232	0	1
1233	0	3
1234	0	2
1235	0	2
1236	2	3
1237	0	1
1238	1	0
1239	1	2
1240	0	1
1241	1	0
1242	2	3
1243	0	3
1244	1	6
1245	0	1
1246	1	1
1247	1	3
1248	0	2
1249	0	3
1250	0	4
1251	0	4
1252	3	3
1253	1	8
1254	1	2
1255	2	1
1256	0	1
1257	1	1
1258	2	2
1259	2	4
1260	2	8
1261	0	5
1262	1	3
1263	0	7
1264	0	4
1265	0	6
1266	1	2
1267	2	3
1268	0	6
1269	0	4
1270	2	6
1271	1	3
1272	2	8
1273	3	4
1274	0	4
1275	0	3
1276	3	7
1277	1	4
1279	0	1
1280	0	2
1281	2	1
1282	1	3
1283	1	1
1284	0	4
1285	0	2
1286	0	2
1287	0	3
1288	0	3
1289	0	7
1290	0	4
1291	2	0
1292	2	1
1293	2	4
1294	1	2
1295	1	6
1296	1	4
1297	0	3
1298	0	1
1299	0	1
1300	0	2
1301	1	3
1302	0	1
1303	1	3
1304	0	2
1305	2	4
1306	1	3
1307	1	2
1308	2	3
1309	0	3
1310	1	1
1311	1	0
1312	1	1
1313	2	4
1314	2	0
1315	0	1
1316	0	8
1317	0	3
1318	1	8
1319	0	1
1320	2	4
1321	0	2
1322	2	4
1323	2	1
1324	1	2
1325	1	2
1327	2	2
1328	0	4
1329	0	3
1330	2	1
1331	0	2
1332	0	1
1333	1	2
1334	0	2
1335	0	2
1336	2	2
1337	1	4
1338	0	4
1339	0	4
1340	1	5
1341	0	5
1342	1	8
1344	1	1
1345	1	5
1346	1	3
1347	1	7
1348	1	6
1349	1	4
1350	0	8
1351	0	2
1352	1	1
1353	0	1
1354	0	1
1355	0	1
1356	1	1
1357	0	2
1358	1	7
1359	1	4
1360	1	3
1361	0	6
1362	0	4
1363	3	4
1364	0	2
1365	0	3
1366	2	2
1367	0	1
1368	1	4
1369	1	5
1370	0	3
1371	2	4
1372	3	3
1373	1	2
1374	5	2
1375	0	3
1376	2	6
1377	2	5
1378	0	3
1379	0	3
1380	1	4
1381	0	4
1382	1	2
1383	1	4
1384	1	1
1385	0	2
1386	0	2
1387	0	4
1388	0	5
1389	0	5
1390	0	6
1391	1	2
1392	2	3
1393	2	4
1394	0	2
1395	0	4
1396	0	3
1397	0	4
1398	2	5
1399	0	5
1400	1	4
1401	0	2
1402	0	2
1403	3	1
1404	0	4
1405	0	1
1406	0	1
1407	0	1
1408	0	3
1409	1	4
1410	2	1
1411	2	0
1412	1	0
1413	1	0
1414	1	1
1415	0	2
1416	1	7
1417	0	2
1418	0	4
1419	0	5
1420	3	3
1421	2	2
1422	0	1
1423	0	3
1424	1	1
1425	1	2
1426	1	2
1427	2	3
1428	1	2
1429	0	4
1430	0	2
1431	0	6
1432	1	3
1433	0	5
1434	1	4
1435	3	3
1436	0	2
1437	0	2
1438	1	1
1439	1	3
1440	1	5
1441	1	5
1442	1	3
1443	2	0
1444	0	2
1445	0	2
1446	1	1
1447	0	3
1448	1	4
1449	0	2
1450	0	2
1451	0	4
1452	2	4
1453	0	2
1454	1	3
1455	1	5
1456	0	6
1457	0	2
1458	1	5
1459	0	2
1460	3	3
1461	3	2
1462	1	5
1463	0	3
1464	0	4
1465	0	3
1466	1	2
1467	3	5
1468	0	4
1469	1	1
1470	1	3
1471	0	4
1472	1	1
1473	0	3
1474	1	6
1475	1	3
1476	3	4
1477	1	5
1478	1	2
1479	1	3
1480	4	1
1481	0	2
1482	0	4
1483	1	7
1484	0	5
1485	1	3
1486	0	4
1487	1	0
1488	0	6
1489	0	2
1490	1	2
1491	3	5
1492	0	3
1493	0	2
1494	0	5
1495	0	2
1496	0	2
1497	0	1
1498	0	9
1499	1	5
1500	0	5
1501	0	3
1503	1	2
1504	0	8
1505	1	2
1506	3	2
1507	1	3
1508	1	0
1509	1	1
1510	0	2
1511	0	2
1512	2	0
1513	0	2
1514	0	3
1515	0	1
1516	1	5
1517	1	0
1519	0	5
1520	1	1
1521	0	2
1522	1	3
1523	0	1
1524	0	1
1525	1	3
1526	2	1
1528	1	0
1529	0	2
1530	0	6
1531	1	1
1532	2	2
1533	0	4
1534	0	1
1536	0	3
1537	1	5
1538	0	5
1540	0	5
1541	1	5
1542	2	2
1543	0	6
1544	0	4
1545	0	7
1546	0	7
1547	2	3
1548	0	3
1549	0	5
1550	2	0
1551	1	1
1552	0	3
1553	0	4
1554	0	4
1555	0	4
1556	2	7
1557	0	2
1558	1	4
1559	2	3
1560	1	1
1561	2	0
1562	1	1
1563	2	2
1564	0	2
1565	1	4
1566	2	2
1567	0	2
1568	1	5
1569	2	4
1570	0	6
1571	0	4
1573	0	1
1574	0	1
1575	1	4
1576	0	2
1577	0	4
1578	0	4
1579	1	3
1580	0	3
1581	0	3
1582	0	1
1583	1	4
1584	3	3
1585	0	2
1586	1	1
1587	0	6
1588	1	6
1589	1	7
1590	2	5
1591	0	2
1592	0	4
1593	0	2
1594	1	1
1595	0	5
1596	0	3
1597	1	3
1598	2	3
1599	0	2
1600	0	4
1601	0	1
1602	1	2
1603	1	1
1605	0	3
1606	0	5
1607	0	3
1608	0	2
1609	0	1
1610	2	3
1611	0	5
1612	0	7
1613	0	1
1614	1	2
1615	1	4
1616	0	3
1617	4	0
1618	0	4
1619	0	5
1620	1	2
1621	0	1
1622	0	4
1623	1	1
1624	1	4
1625	1	3
1626	2	4
1627	0	1
1628	0	2
1629	1	4
1630	2	1
1631	5	2
1632	0	3
1633	2	4
1634	0	1
1635	0	7
1636	0	2
1637	2	2
1638	3	1
1639	0	3
1640	0	4
1641	0	3
1642	0	6
1643	0	5
1644	0	4
1645	1	6
1646	0	2
1647	1	3
1648	1	3
1649	1	2
1650	0	1
1651	1	1
1652	0	3
1653	2	1
1654	1	2
1655	1	2
1656	3	5
1657	0	5
1658	2	2
1659	3	3
1660	2	3
1661	2	3
1662	0	3
1663	1	2
1664	0	3
1665	0	1
1666	0	5
1667	5	0
1668	0	3
1669	2	0
1670	0	2
1671	0	2
1672	0	2
1673	2	2
1674	1	6
1675	2	4
1676	0	3
1677	1	3
1678	1	2
1679	0	3
1680	2	2
1681	0	4
1682	1	2
1683	0	1
1684	0	4
1685	1	1
1686	0	5
1687	0	4
1688	2	3
1689	4	7
1690	1	3
1691	1	3
1693	2	4
1694	0	2
1695	0	1
1696	0	4
1697	1	0
1699	0	3
1700	1	1
1701	2	5
1702	0	1
1703	2	6
1704	2	4
1705	0	4
1706	1	3
1707	3	0
1708	0	6
1709	0	1
1710	1	6
1711	4	2
1713	0	5
1714	1	1
1715	0	3
1716	0	3
1717	0	1
1718	1	1
1719	2	6
1720	0	2
1721	0	4
1722	2	2
1723	0	1
1724	0	2
1725	0	3
1726	1	3
1727	0	2
1728	1	3
1729	1	2
1730	0	1
1731	0	6
1732	2	3
1733	1	5
1734	0	3
1735	1	0
1736	3	6
1737	2	5
1738	1	10
1739	0	4
1740	0	8
1741	0	1
1742	0	1
1743	0	3
1744	1	5
1745	0	3
1746	0	3
1747	0	2
1748	2	3
1749	1	3
1750	1	3
1751	0	3
1752	0	3
1753	1	2
1754	1	1
1755	3	4
1756	0	3
1757	0	3
1758	1	1
1759	1	4
1760	0	6
1761	0	5
1762	3	2
1763	1	3
1764	1	5
1765	3	0
1766	1	3
1767	0	3
1768	1	1
1769	0	2
1770	0	3
1771	0	1
1772	2	2
1773	0	1
1774	1	5
1775	0	3
1776	1	4
1777	1	0
1778	0	2
1779	0	2
1780	1	4
1781	0	3
1782	0	3
1783	2	0
1784	0	4
1786	4	3
1787	2	5
1788	2	2
1789	0	4
1790	1	1
1791	0	3
1792	0	4
1793	0	1
1794	1	1
1795	0	3
1796	2	3
1797	1	4
1798	1	1
1799	0	3
1800	1	3
1801	1	3
1802	1	2
1803	0	2
1804	0	3
1805	0	6
1806	0	1
1807	1	3
1808	1	5
1809	4	1
1810	1	0
1811	1	4
1812	1	3
1813	0	3
1814	1	2
1815	0	4
1816	0	1
1817	2	1
1818	1	1
1819	0	6
1820	2	3
1821	0	4
1822	1	2
1823	0	1
1824	0	1
1825	0	5
1826	0	2
1827	0	4
1828	0	2
1829	1	3
1830	0	1
1831	1	5
1832	1	4
1833	1	3
1834	0	3
1835	0	3
1836	1	0
1837	0	2
1838	0	4
1839	1	4
1840	1	0
1841	0	1
1842	0	2
1843	0	1
1844	1	1
1845	0	2
1846	0	6
1847	0	1
1848	1	4
1849	1	5
1850	0	3
1851	2	1
1852	0	3
1853	1	4
1854	2	5
1855	1	3
1856	0	7
1858	0	1
1859	0	3
1860	3	2
1861	1	3
1862	0	3
1863	1	4
1864	0	4
1865	1	0
1866	0	5
1867	2	2
1868	1	3
1869	1	5
1870	3	4
1871	2	3
1872	0	5
1874	2	1
1875	0	4
1876	1	3
1877	2	7
1878	1	0
1879	4	3
1880	2	5
1881	0	6
1882	0	5
1883	2	1
1884	3	2
1885	1	2
1886	1	4
1887	1	4
1888	0	2
1889	1	2
1890	4	5
1891	1	3
1892	1	2
1893	0	2
1894	0	2
1895	1	2
1896	0	2
1897	0	2
1898	1	3
1899	2	2
1900	0	3
1901	0	1
1902	0	5
1903	0	1
1904	0	2
1905	2	1
1906	2	5
1907	2	2
1908	1	2
1909	4	0
1910	0	2
1911	0	1
1912	0	1
1913	1	3
1914	1	3
1915	0	1
1916	0	4
1917	1	1
1918	1	5
1919	2	2
1920	0	3
1921	0	1
1922	0	2
1923	1	1
1924	2	5
1925	0	3
1926	1	0
1927	0	3
1928	0	5
1929	0	2
1930	0	1
1931	0	6
1932	1	3
1933	1	3
1934	1	4
1935	1	6
1936	1	4
1937	0	3
1938	0	1
1939	1	3
1940	0	2
1941	1	2
1942	0	5
1943	1	4
1944	3	4
1945	0	4
1946	2	2
1947	1	5
1948	2	2
1949	0	2
1950	1	2
1951	0	1
1952	1	0
1953	0	6
1954	2	2
1955	3	6
1956	0	1
1957	0	1
1958	0	4
1959	0	2
1960	0	3
1961	0	3
1962	4	1
1963	1	2
1964	1	6
1965	0	6
1966	0	4
1967	1	1
1968	0	3
1969	1	4
1970	1	3
1971	2	2
1972	1	3
1973	0	3
1974	0	2
1975	1	4
1976	2	9
1977	0	11
1978	1	1
1979	0	6
1980	3	1
1981	0	3
1982	0	1
1983	1	2
1984	2	4
1985	0	3
1986	0	4
1987	0	3
1988	0	2
1989	0	5
1990	0	5
1991	1	3
1992	0	1
1993	0	1
1994	0	2
1995	1	3
1996	0	6
1997	1	0
1998	0	2
1999	2	6
2000	1	5
2001	0	1
2002	6	2
2003	1	1
2004	0	6
2005	1	2
2006	0	1
2009	0	2
2010	0	2
2012	2	3
2013	0	4
2014	1	7
2015	1	2
2016	0	3
2017	1	3
2018	0	4
2019	0	2
2020	1	0
2021	1	4
2022	1	3
2023	1	3
2024	0	2
2025	1	1
2026	0	3
2027	0	4
2028	0	1
2029	2	4
2030	0	2
2031	2	1
2032	1	3
2033	0	9
2034	1	1
2035	1	4
2036	0	4
2037	0	7
2038	0	2
2039	0	6
2040	0	4
2041	0	7
2042	1	4
2043	1	6
2044	0	1
2045	0	1
2046	0	1
2047	0	3
2048	2	2
2049	1	1
2050	1	4
2051	3	3
2053	0	4
2054	0	3
2055	1	4
2057	0	5
2058	2	2
2059	0	1
2060	1	2
2061	0	1
2062	0	1
2063	2	3
2064	0	6
2065	0	1
2066	0	2
2067	0	1
2068	1	6
2069	0	3
2070	0	3
2071	0	4
2072	2	4
2073	0	2
2074	1	6
2075	1	1
2076	2	3
2077	0	5
2078	1	4
2079	2	4
2080	0	6
2081	0	4
2082	0	1
2083	0	3
2084	2	1
2085	0	3
2086	2	5
2087	4	4
2088	0	3
2090	0	3
2091	0	2
2092	1	4
2093	0	2
2094	1	5
2095	0	2
2096	2	3
2097	1	2
2098	1	2
2099	0	8
2100	1	3
2101	3	4
2102	1	0
2103	1	1
2104	1	8
2105	0	7
2106	0	4
2107	1	5
2108	1	2
2109	3	3
2110	1	0
2111	1	0
2112	3	2
2113	1	4
2114	1	5
2115	0	3
2116	1	1
2117	0	3
2118	1	2
2119	1	1
2121	0	4
2122	0	3
2123	1	1
2124	0	2
2125	0	1
2126	1	2
2127	0	2
2128	0	1
2129	1	1
2130	2	1
2131	0	4
2132	2	10
2133	1	5
2134	1	6
2135	1	2
2136	0	3
2137	0	2
2139	0	2
2140	0	2
2141	0	1
2142	0	1
2143	1	1
2144	0	2
2145	0	3
2146	0	1
2147	1	3
2148	1	5
2149	0	2
2150	1	3
2151	0	2
2152	4	1
2153	0	4
2154	0	3
2155	1	4
2156	0	7
2157	1	0
2158	0	1
2159	1	4
2160	0	1
2161	1	4
2162	1	4
2163	2	0
2164	1	7
2165	0	3
2166	1	1
2167	0	1
2168	1	2
2169	0	5
2170	1	4
2171	1	1
2172	0	2
2173	0	2
2174	0	3
2175	1	3
2176	0	3
2177	1	4
2178	1	1
2179	0	1
2180	1	3
2181	2	1
2182	0	2
2183	2	2
2184	0	1
2185	0	2
2186	0	2
2187	0	3
2188	1	8
2189	2	2
2190	1	4
2191	0	3
2192	1	3
2193	1	4
2194	0	3
2195	0	6
2196	4	4
2197	2	7
2198	0	4
2199	2	6
2200	0	2
2201	0	2
2202	1	2
2203	2	3
2204	3	1
2205	2	3
2206	1	3
2207	1	5
2208	0	5
2209	0	2
2210	0	2
2211	0	1
2212	0	2
2213	0	7
2214	0	3
2215	1	2
2216	1	5
2217	3	4
2218	0	1
2219	0	3
2220	2	0
2221	1	4
2222	0	2
2223	0	3
2224	0	3
2225	0	2
2226	1	5
2227	2	5
2228	2	4
2229	1	3
2230	1	2
2231	1	7
2232	1	6
2233	0	2
2234	3	2
2235	1	3
2236	2	3
2237	2	3
2238	2	2
2239	2	7
2240	4	3
2241	1	4
2242	1	0
2243	0	2
2244	1	0
2245	2	4
2246	0	4
2247	0	4
2248	1	3
2249	0	3
2250	2	1
2251	0	3
2252	0	5
2253	1	1
2254	1	4
2255	1	3
2256	1	4
2257	0	1
2258	1	4
2259	0	2
2260	0	2
2261	1	3
2262	1	1
2264	1	3
2265	1	1
2266	1	3
2267	1	0
2268	0	7
2269	1	1
2270	1	1
2271	0	4
2272	2	0
2273	1	2
2274	1	4
2275	0	2
2276	5	5
2277	3	3
2278	1	4
2279	2	5
2280	0	3
2281	0	3
2282	1	1
2283	1	2
2284	0	5
2285	1	5
2286	1	0
2287	0	7
2288	0	1
2289	1	1
2290	1	3
2291	0	2
2292	0	1
2293	0	1
2294	0	3
2295	0	1
2296	0	2
2297	0	1
2298	0	3
2299	0	2
2300	1	1
2301	1	4
2303	0	1
2304	1	2
2305	0	2
2306	0	3
2307	3	1
2309	2	4
2310	0	3
2311	0	3
2312	0	4
2313	2	6
2314	0	2
2315	1	2
2316	1	4
2317	0	1
2318	1	0
2320	1	2
2321	1	6
2322	0	5
2323	0	3
2324	3	3
2325	1	4
2326	2	6
2327	1	8
2328	0	1
2329	1	2
2330	0	5
2331	0	7
2332	0	4
2333	3	3
2334	1	1
2335	1	2
2336	1	5
2337	0	8
2338	1	2
2339	0	1
2340	1	8
2341	0	3
2342	3	2
2343	3	0
2344	0	4
2345	3	3
2347	1	2
2348	1	4
2349	1	3
2350	2	4
2351	0	2
2352	2	2
2353	2	2
2354	2	3
2355	0	3
2356	1	4
2357	0	2
2358	0	5
2359	1	1
2360	0	3
2361	0	4
2363	2	1
2364	0	4
2365	0	4
2366	1	0
2367	1	0
2368	1	6
2369	0	2
2370	0	1
2371	0	3
2372	1	2
2373	3	2
2374	1	3
2375	0	2
2376	1	1
2377	0	1
2378	1	5
2379	0	4
2380	0	4
2381	0	6
2382	2	3
2383	0	4
2384	0	2
2385	0	3
2386	0	2
2387	0	5
2388	0	3
2389	0	2
2390	0	1
2391	2	1
2392	0	3
2393	0	5
2394	1	2
2395	1	1
2396	0	2
2397	2	4
2398	0	2
2399	0	2
2400	0	4
2401	0	3
2402	1	2
2403	3	6
2404	0	3
2405	1	3
2406	4	6
2407	0	4
2408	1	2
2409	0	1
2410	2	2
2411	2	4
2412	0	2
2413	2	1
2414	0	2
2415	0	1
2416	0	4
2417	0	1
2418	1	0
2419	2	2
2420	2	3
2421	1	2
2422	1	5
2423	1	4
2424	1	1
2425	2	4
2426	0	2
2427	3	5
2428	1	2
2429	2	3
2430	0	2
2431	0	5
2432	1	3
2433	2	3
2434	1	1
2435	2	1
2436	1	0
2438	1	4
2439	2	1
2440	0	3
2441	0	2
2442	0	2
2443	0	2
2444	2	5
2445	1	5
2446	0	2
2447	1	1
2448	1	6
2449	1	4
2450	1	3
2451	2	3
2452	0	4
2453	0	5
2454	0	3
2455	0	3
2456	1	1
2457	1	1
2458	2	7
2459	0	4
2460	0	2
2461	0	4
2462	0	2
2463	0	2
2464	2	8
2465	1	3
2466	2	2
2467	0	1
2468	0	2
2469	0	3
2470	0	2
2471	0	4
2472	1	3
2473	0	1
2474	1	0
2475	0	1
2476	2	5
2477	3	7
2478	0	3
2479	0	4
2480	0	2
2481	0	2
2482	2	2
2483	1	4
2484	0	6
2485	0	4
2486	0	2
2487	0	3
2488	0	3
2489	2	4
2490	0	1
2491	4	0
2492	1	4
2493	1	1
2494	0	3
2495	1	2
2496	3	4
2497	1	7
2498	2	3
2499	0	1
2500	1	1
2501	0	2
2502	0	4
2503	1	2
2504	3	2
2505	0	2
2506	1	1
2507	0	4
2508	1	2
2509	1	5
2510	0	3
2511	0	1
2512	4	1
2513	2	5
2514	0	4
2515	3	5
2516	0	4
2517	0	5
2518	4	1
2519	0	1
2520	0	3
2521	0	3
2522	1	2
2523	2	0
2524	0	5
2525	1	5
2526	0	3
2527	0	3
2528	0	1
2529	0	1
2530	0	4
2532	0	1
2533	1	2
2534	0	2
2535	0	2
2536	1	3
2537	2	1
2538	1	2
2539	0	5
2540	0	2
2541	3	1
2542	0	3
2543	0	4
2544	0	5
2545	0	2
2546	1	1
2547	0	3
2548	1	1
2549	0	2
2550	0	3
2551	2	4
2552	1	6
2553	0	3
2554	0	3
2555	1	4
2556	1	0
2557	3	2
2558	0	3
2559	1	3
2560	0	1
2561	0	2
2562	0	3
2563	0	2
2564	0	1
2565	1	8
2567	0	1
2568	0	2
2569	0	2
2570	0	8
2571	0	2
2572	0	2
2573	0	2
2574	0	1
2575	1	1
2576	0	5
2577	0	2
2578	0	3
2579	0	5
2580	0	3
2581	0	2
2582	0	3
2583	0	6
2585	0	5
2586	1	0
2587	0	5
2588	1	0
2589	0	1
2590	0	2
2591	0	3
2592	0	1
2593	0	3
2594	0	6
2595	1	0
2596	0	1
2597	1	3
2598	0	5
2600	0	4
2601	2	6
2602	0	1
2603	0	2
2604	1	2
2605	2	3
2606	1	2
2607	1	2
2608	0	1
2609	0	3
2610	2	3
2611	1	4
2612	0	2
2613	1	3
2614	0	2
2615	2	0
2616	1	1
2617	2	1
2618	0	1
2619	1	4
2620	2	3
2621	0	6
2622	0	1
2623	0	4
2624	0	1
2625	1	5
2626	0	3
2627	0	4
2628	1	1
2629	1	3
2630	0	4
2631	1	3
2632	0	1
2633	1	3
2634	0	2
2635	1	1
2636	1	2
2637	0	1
2638	0	4
2639	1	3
2640	2	2
2641	1	3
2642	0	5
2643	0	4
2644	3	2
2645	1	3
2646	2	2
2647	1	8
2648	2	6
2649	5	7
2650	0	5
2652	0	1
2653	0	2
2654	0	2
2655	0	2
2656	2	1
2657	1	1
2658	2	3
2659	1	2
2660	0	1
2661	0	1
2662	0	4
2663	2	1
2664	2	3
2665	0	3
2666	1	3
2667	0	2
2668	0	3
2669	3	6
2670	1	1
2671	0	1
2672	0	2
2673	0	1
2674	0	3
2675	0	3
2676	0	2
2677	0	2
2678	1	2
2679	1	1
2680	3	3
2681	2	2
2682	2	3
2683	4	3
2684	3	4
2685	2	3
2686	0	2
2687	0	3
2688	0	3
2689	1	3
2690	2	6
2691	1	2
2692	1	2
2693	0	5
2694	1	1
2695	0	3
2696	0	1
2697	1	1
2698	1	1
2699	0	1
2700	2	2
2701	0	6
2702	0	2
2703	2	1
2704	1	0
2705	0	1
2706	1	3
2707	0	3
2708	1	4
2709	1	1
2710	0	1
2711	3	3
2712	1	3
2713	1	3
2714	2	2
2715	0	3
2716	1	5
2717	1	5
2719	2	2
2720	3	1
2721	4	2
2722	0	2
2723	1	4
2725	0	1
2726	0	4
2727	1	4
2728	1	1
2729	1	1
2730	4	2
2731	0	1
2732	0	4
2733	0	3
2734	0	1
2735	1	1
2736	0	1
2737	1	2
2738	1	3
2739	3	2
2740	2	2
2741	1	1
2742	1	2
2743	0	1
2744	1	3
2745	0	1
2746	0	6
2747	1	2
2748	2	3
2749	0	4
2750	2	5
2751	1	2
2752	1	5
2753	1	0
2754	0	5
2755	1	1
2756	1	2
2757	3	2
2758	3	2
2759	0	4
2760	0	3
2761	0	8
2762	1	2
2763	1	3
2764	1	2
2765	3	3
2766	3	3
2767	0	1
2768	1	0
2769	0	5
2770	0	3
2771	0	4
2772	1	4
2773	0	3
2774	0	3
2775	3	3
2776	0	2
2777	2	2
2778	0	5
2779	1	4
2780	1	3
2781	2	2
2782	2	4
2783	2	3
2784	2	1
2785	1	2
2786	2	4
2787	2	1
2788	3	2
2789	0	4
2790	0	1
2791	0	4
2792	0	3
2793	0	5
2794	0	3
2795	0	5
2796	0	2
2797	0	3
2798	1	5
2799	3	6
2800	1	1
2801	1	2
2802	1	1
2803	1	3
2804	0	2
2805	1	5
2806	1	3
2807	0	8
2808	0	5
2809	1	5
2810	1	6
2811	3	2
2812	0	2
2813	0	4
2814	3	3
2815	1	3
2816	0	1
2817	1	2
2818	1	1
2819	0	3
2820	0	3
2821	1	3
2822	0	2
2823	1	5
2824	3	2
2825	0	3
2826	0	1
2827	0	1
2828	1	0
2829	0	1
2830	1	0
2831	1	2
2832	1	2
2833	1	6
2836	1	1
2837	0	3
2838	2	3
2839	3	1
2840	1	0
2841	2	1
2842	0	1
2843	1	4
2844	0	1
2845	0	2
2846	0	4
2847	0	3
2848	0	2
2849	0	3
2850	0	1
2851	0	5
2852	1	7
2853	0	3
2854	0	1
2855	0	4
2856	1	2
2857	1	3
2858	0	4
2859	1	6
2860	1	5
2861	3	2
2862	0	6
2863	0	2
2864	0	1
2865	1	4
2866	0	1
2867	1	3
2868	1	4
2869	2	2
2870	1	2
2871	3	6
2872	0	2
2873	1	0
2874	1	1
2875	0	4
2876	0	3
2877	1	4
2878	0	4
2879	0	4
2880	1	3
2881	2	1
2882	0	5
2883	0	2
2884	0	1
2885	1	1
2886	0	2
2887	1	3
2888	1	2
2889	1	1
2890	0	2
2891	0	2
2892	1	2
2893	0	6
2894	1	3
2895	1	3
2896	0	4
2897	1	2
2898	1	3
2899	0	3
2900	0	3
2901	1	3
2902	0	3
2903	2	3
2904	3	1
2905	1	2
2906	0	2
2907	1	2
2908	0	3
2909	0	1
2910	2	2
2911	2	6
2912	1	4
2913	0	5
2914	0	1
2915	2	5
2916	1	3
2918	0	1
2919	0	1
2920	0	1
2921	0	1
2922	1	3
2923	1	1
2924	0	3
2925	1	3
2926	0	3
2927	0	2
2928	0	1
2929	1	3
2930	2	3
2931	0	2
2932	0	2
2933	0	2
2934	0	1
2935	0	1
2936	1	5
2937	0	4
2938	1	4
2939	0	2
2940	1	2
2941	0	1
2942	1	6
2943	1	7
2944	0	2
2945	1	5
2946	0	3
2947	0	4
2948	2	1
2949	0	3
2950	1	3
2951	1	4
2952	2	2
2953	0	2
2954	0	3
2955	1	1
2956	1	5
2957	0	1
2958	0	2
2959	2	3
2960	0	4
2962	1	2
2963	0	4
2964	0	4
2965	1	0
2966	3	2
2967	0	3
2968	1	4
2969	0	4
2970	2	1
2971	1	1
2972	0	2
2973	1	2
2974	3	0
2975	0	3
2976	0	5
2977	0	5
2978	0	3
2979	2	2
2980	0	2
2981	1	5
2982	0	1
2983	1	1
2984	2	3
2985	1	3
2986	0	3
2987	1	5
2988	0	4
2989	1	1
2990	0	1
2991	0	1
2992	2	3
2993	0	1
2994	0	2
2996	0	5
2997	0	3
2998	3	2
2999	2	1
3000	0	3
3001	0	4
3002	0	7
3003	0	3
3004	1	5
3005	1	3
3006	2	4
3007	0	4
3008	0	1
3009	0	2
3010	2	1
3011	0	1
3012	0	2
3013	1	3
3014	0	2
3015	1	1
3016	0	1
3017	2	4
3018	1	2
3019	1	0
3020	0	3
3021	1	0
3022	0	4
3023	2	5
3024	0	3
3025	1	4
3026	1	3
3027	0	4
3028	0	4
3029	1	2
3030	0	3
3031	0	3
3032	1	1
3033	2	0
3034	1	3
3035	0	1
3036	0	3
3037	1	1
3038	0	2
3039	1	4
3040	0	2
3041	0	1
3042	0	6
3043	1	4
3044	0	2
3045	1	3
3046	0	2
3047	0	2
3048	0	3
3049	0	2
3050	1	1
3051	0	2
3052	0	4
3053	4	2
3054	2	2
3055	1	1
3056	0	4
3057	0	4
3058	0	6
3059	0	3
3060	1	2
3061	0	4
3062	1	4
3063	1	2
3064	2	2
3065	0	2
3066	2	5
3067	1	1
3068	1	4
3069	1	4
3070	0	2
3071	2	2
3072	0	1
3073	0	1
3074	2	3
3075	1	0
3076	1	2
3077	1	0
3078	2	4
3079	0	3
3080	2	1
3081	0	1
3082	1	2
3083	1	4
3084	4	1
3085	2	2
3086	0	5
3087	1	2
3088	2	3
3090	0	4
3091	0	1
3092	1	3
3093	1	2
3094	2	7
3095	1	2
3096	0	3
3098	0	4
3099	0	5
3100	2	0
3101	0	1
3102	1	4
3103	0	2
3104	2	3
3105	1	1
3106	0	3
3107	1	1
3108	0	5
3109	2	3
3110	0	1
3111	1	0
3112	0	2
3113	0	5
3114	0	7
3115	0	1
3116	0	3
3117	1	1
3118	1	1
3119	1	2
3120	0	1
3121	2	2
3122	0	7
3123	0	6
3124	0	5
3125	1	3
3126	1	3
3127	0	5
3128	0	2
3129	1	5
3130	1	1
3131	0	3
3132	0	1
3133	0	2
3134	2	1
3135	1	3
3136	0	2
3137	0	2
3138	2	3
3139	2	1
3140	1	3
3141	1	4
3142	0	2
3143	2	3
3144	0	5
3145	0	3
3146	1	3
3147	0	3
3148	1	2
3149	0	1
3151	0	1
3152	1	4
3153	0	5
3154	1	2
3155	3	1
3156	2	4
3157	1	3
3158	0	4
3159	2	2
3160	2	3
3161	0	1
3162	2	1
3163	1	2
3164	0	2
3165	1	5
3166	1	2
3167	2	2
3168	0	7
3169	1	2
3170	1	0
3171	1	3
3172	1	2
3173	0	2
3175	1	4
3176	2	1
3177	1	3
3178	2	0
3179	0	1
3180	0	5
3181	0	2
3182	0	4
3183	0	7
3184	1	3
3185	0	3
3186	2	4
3187	1	6
3188	0	5
3189	1	4
3190	0	4
3191	1	3
3192	0	4
3193	0	1
3194	0	2
3195	1	3
3196	2	2
3197	1	8
3198	0	2
3199	0	3
3200	1	3
3201	0	3
3202	0	1
3203	0	3
3204	0	1
3205	1	6
3206	2	2
3207	0	1
3208	3	4
3209	0	1
3210	1	2
3211	2	1
3212	2	2
3213	2	1
3214	1	2
3216	0	4
3217	0	6
3218	0	2
3219	0	8
3220	0	5
3221	0	3
3222	1	1
3223	1	5
3224	1	2
3225	0	3
3226	1	2
3228	1	6
3229	0	2
3230	1	5
3231	0	4
3232	1	5
3233	0	2
3234	1	2
3235	1	1
3236	0	3
3237	0	2
3238	0	3
3239	0	4
3240	0	3
3241	0	2
3242	0	5
3243	1	5
3244	0	5
3245	2	1
3246	0	1
3247	1	2
3248	0	2
3249	2	5
3250	1	4
3251	0	1
3252	0	2
3253	0	7
3254	0	4
3255	1	4
3256	0	2
3257	1	3
3258	1	2
3259	1	3
3260	1	2
3261	0	4
3262	0	4
3263	0	2
3264	0	3
3265	1	4
3266	0	5
3267	0	2
3269	0	3
3270	0	3
3271	0	5
3272	0	2
3273	0	2
3274	2	4
3275	0	2
3276	0	2
3277	0	2
3278	0	4
3279	1	2
3280	1	5
3281	0	4
3282	0	2
3283	0	2
3284	0	3
3285	1	1
3286	0	3
3287	1	2
3288	3	1
3289	0	3
3291	1	3
3293	0	1
3294	1	1
3295	1	1
3296	2	3
3297	0	2
3298	3	3
3299	2	0
3300	0	2
3301	0	4
3302	0	3
3303	1	3
3304	0	3
3305	3	2
3306	1	0
3308	5	0
3310	0	5
3311	1	2
3312	3	1
3313	1	3
3314	2	0
3315	0	2
3316	0	3
3317	0	5
3318	0	4
3319	2	2
3320	0	1
3321	0	2
3322	0	4
3323	2	5
3324	0	3
3325	0	1
3326	0	2
3327	0	5
3328	1	5
3329	0	2
3330	1	2
3331	1	3
3332	1	4
3333	0	2
3334	1	3
3335	0	3
3336	2	5
3337	2	4
3338	0	3
3339	1	4
3340	1	2
3341	0	5
3342	2	0
3343	1	1
3344	0	1
3345	0	1
3346	0	4
3347	0	3
3348	0	3
3349	1	0
3350	1	8
3351	0	3
3352	0	1
3353	1	2
3354	0	1
3355	0	2
3356	1	3
3357	0	6
3358	0	4
3359	1	4
3360	0	2
3361	0	5
3362	1	1
3363	1	4
3364	0	4
3365	0	2
3366	2	5
3367	0	1
3369	0	5
3370	1	4
3371	0	1
3373	0	2
3374	0	1
3375	2	3
3376	2	3
3377	0	3
3378	1	1
3380	0	1
3381	0	3
3382	0	3
3383	2	1
3384	1	4
3385	0	2
3386	1	7
3387	3	3
3388	1	2
3390	0	2
3391	0	4
3392	1	8
3393	2	3
3394	1	3
3395	3	4
3396	0	4
3397	1	3
3398	0	3
3399	2	4
3400	0	3
3401	0	2
3402	1	3
3403	0	3
3404	6	3
3405	0	3
3406	1	3
3407	2	2
3408	2	2
3409	1	2
3410	0	2
3411	2	3
3412	0	2
3413	0	3
3414	1	3
3415	0	4
3416	0	2
3418	0	2
3420	3	4
3421	1	2
3422	0	5
3423	0	4
3424	2	6
3425	0	4
3426	0	4
3427	1	0
3428	2	0
3429	1	1
3430	1	2
3431	1	10
3432	1	1
3433	1	2
3434	0	3
3435	1	4
3436	0	5
3437	2	2
3438	0	1
3439	3	2
3440	0	1
3441	0	2
3442	2	7
3443	1	7
3444	1	5
3445	0	2
3446	1	1
3447	0	1
3448	2	1
3449	2	4
3450	1	1
3452	0	3
3453	0	3
3454	2	1
3455	1	3
3456	0	1
3457	0	4
3458	0	2
3459	2	1
3460	1	4
3461	1	4
3462	2	8
3463	0	3
3464	1	1
3465	0	1
3466	1	1
3467	1	3
3468	0	4
3469	3	5
3470	2	3
3471	0	1
3472	0	6
3473	3	2
3474	2	2
3475	0	2
3476	2	3
3477	1	1
3478	2	3
3479	0	1
3480	1	3
3481	0	1
3482	0	1
3483	0	3
3484	0	1
3485	1	4
3486	0	6
3487	0	4
3488	2	4
3489	2	6
3490	1	3
3491	0	2
3492	1	2
3493	1	6
3494	0	1
3495	0	1
3496	0	2
3497	0	1
3498	0	1
3499	1	1
3500	1	3
3501	2	2
3502	2	3
3503	0	1
3504	2	2
3505	0	5
3506	0	1
3507	1	2
3508	1	3
3509	3	3
3510	0	4
3511	1	3
3512	2	3
3513	0	3
3514	0	4
3515	1	3
3516	1	3
3517	1	3
3518	0	4
3520	0	1
3522	1	1
3524	0	1
3525	0	4
3526	1	1
3527	0	5
3528	0	3
3529	0	5
3530	1	3
3531	0	4
3532	2	4
3533	1	2
3534	1	3
3535	0	1
3536	2	2
3537	0	4
3538	3	2
3539	0	2
3540	2	3
3541	1	1
3542	0	3
3543	0	3
3544	0	3
3545	0	3
3546	0	3
3547	1	4
3548	1	1
3549	0	3
3550	3	0
3551	0	4
3552	1	0
3553	1	1
3554	1	0
3555	3	2
3556	1	4
3557	0	1
3558	1	1
3559	2	2
3560	0	2
3561	0	1
3562	1	3
3563	1	4
3564	0	2
3565	0	5
3566	0	3
3567	0	5
3568	0	1
3569	1	2
3570	3	1
3571	0	3
3572	0	1
3573	0	1
3574	0	1
3575	0	1
3576	0	3
3577	0	4
3578	0	5
3579	0	1
3580	0	4
3581	2	6
3582	1	4
3583	2	6
3584	1	6
3586	1	4
3587	2	3
3588	0	3
3589	1	1
3590	1	3
3591	2	3
3592	1	2
3593	3	2
3594	1	2
3595	1	6
3596	1	3
3597	0	1
3598	0	3
3599	0	1
3600	0	2
3601	0	8
3602	1	0
3603	0	2
3604	0	1
3605	0	2
3606	3	2
3607	4	0
3608	1	1
3609	0	2
3610	3	3
3612	3	3
3614	0	2
3615	1	2
3617	0	1
3618	0	5
3619	1	0
3620	1	1
3621	0	5
3622	1	1
3623	1	2
3624	2	1
3625	0	4
3626	1	1
3627	0	2
3628	2	1
3629	2	2
3630	2	1
3631	0	3
3632	1	1
3633	0	4
3634	0	4
3635	0	1
3636	0	2
3637	0	5
3638	2	1
3639	0	2
3640	0	1
3641	0	4
3642	1	2
3643	2	3
3644	0	7
3645	0	3
3646	2	2
3647	1	6
3648	0	6
3649	0	3
3650	0	2
3651	0	2
3652	2	3
3653	1	2
3654	1	1
3655	0	1
3656	1	4
3657	0	2
3658	1	4
3659	1	4
3660	1	5
3661	2	2
3662	2	7
3663	1	5
3664	0	2
3665	1	0
3666	0	1
3667	0	2
3668	0	3
3669	0	3
3670	0	2
3671	1	4
3672	0	1
3673	0	2
3674	0	3
3675	1	3
3676	1	4
3677	1	0
3678	0	4
3680	0	2
3681	0	4
3682	0	3
3683	1	3
3684	1	1
3685	1	5
3686	1	2
3687	1	4
3688	2	2
3689	2	4
3690	2	2
3691	0	3
3692	2	4
3693	1	2
3694	1	1
3695	0	2
3696	0	4
3697	1	2
3698	2	2
3699	2	2
3700	1	2
3701	2	3
3702	1	3
3703	0	3
3704	1	2
3706	1	2
3707	0	3
3708	1	2
3709	0	2
3710	1	3
3711	2	2
3712	0	6
3713	0	4
3714	0	4
3715	1	0
3716	1	4
3717	1	4
3718	0	5
3719	0	5
3720	1	2
3721	0	3
3722	1	1
3723	0	3
3724	1	4
3726	0	1
3727	1	1
3728	2	2
3729	0	4
3730	0	3
3731	3	1
3732	1	3
3733	0	5
3734	0	1
3735	1	3
3736	3	2
3737	1	4
3738	0	1
3739	0	3
3740	0	3
3741	2	3
3742	1	1
3743	0	2
3744	1	5
3745	0	1
3746	0	3
3747	1	6
3748	1	6
3749	0	5
3750	0	3
3752	1	0
3753	1	3
3754	0	2
3755	1	1
3756	2	6
3757	0	5
3758	0	5
3759	0	4
3760	0	3
3761	0	6
3762	1	1
3763	0	2
3764	1	3
3765	1	2
3766	1	1
3767	0	3
3768	1	1
3769	1	3
3770	1	2
3771	0	3
3772	0	2
3773	1	1
3774	0	4
3775	0	1
3776	0	2
3778	0	5
3779	0	1
3780	0	2
3781	1	2
3782	1	2
3783	0	5
3784	0	2
3785	0	2
3786	0	7
3787	0	4
3788	1	1
3789	0	1
3790	0	1
3791	0	2
3792	0	4
3793	1	3
3794	1	2
3795	0	2
3796	0	4
3797	1	4
3798	0	4
3799	2	0
3800	1	3
3801	2	2
3802	3	1
3804	0	1
3805	0	3
3806	1	3
3807	0	3
3808	1	2
3809	0	3
3810	1	4
3811	0	1
3812	1	2
3813	0	6
3814	0	1
3815	1	3
3816	0	2
3817	0	1
3818	2	0
3819	4	3
3820	1	3
3821	0	1
3822	0	1
3823	0	2
3824	2	3
3825	2	5
3826	1	3
3827	0	5
3828	0	4
3829	1	3
3830	0	4
3831	2	1
3832	0	1
3833	2	3
3834	0	6
3835	1	2
3836	1	4
3837	0	1
3838	0	3
3839	3	4
3840	0	4
3841	1	4
3842	1	1
3843	1	1
3844	1	3
3845	0	6
3846	0	1
3847	0	1
3848	4	1
3849	0	2
3850	0	3
3851	0	5
3852	1	0
3853	1	0
3854	1	1
3855	0	1
3856	1	3
3857	0	3
3858	1	2
3859	1	8
3860	2	3
3861	0	3
3862	1	5
3863	0	4
3864	0	5
3865	0	2
3866	1	3
3867	1	6
3868	2	4
3869	1	7
3870	2	4
3871	1	3
3872	1	5
3873	0	3
3874	1	3
3875	0	3
3876	0	1
3878	1	1
3879	0	4
3880	2	1
3881	2	5
3882	0	5
3883	1	3
3884	2	3
3885	0	2
3886	1	2
3887	0	2
3888	0	9
3889	1	4
3890	2	6
3891	1	7
3892	0	5
3893	3	4
3894	0	3
3895	1	2
3896	2	3
3897	2	4
3898	2	2
3899	0	5
3900	0	4
3901	1	2
3902	1	3
3903	0	5
3904	0	2
3905	1	2
3906	0	4
3907	1	1
3908	0	3
3909	3	4
3910	1	1
3911	0	1
3912	0	3
3913	3	6
3914	0	2
3915	1	2
3916	0	2
3917	0	2
3918	0	3
3919	2	2
3920	1	4
3921	2	1
3922	0	3
3923	1	2
3924	1	3
3925	0	1
3926	1	6
3927	0	1
3928	0	2
3929	1	0
3930	0	2
3931	0	4
3932	0	2
3933	1	7
3934	0	3
3935	1	1
3936	0	2
3937	1	1
3938	0	3
3939	0	1
3940	0	7
3941	1	1
3942	2	2
3943	2	3
3944	0	1
3945	0	2
3946	0	5
3947	0	3
3948	0	1
3949	0	1
3950	0	4
3951	1	3
3952	0	2
3953	1	3
3954	1	1
3955	2	3
3957	0	5
3958	2	4
3959	0	4
3960	0	2
3962	0	5
3963	1	3
3964	0	2
3965	0	2
3966	1	2
3967	1	1
3968	1	1
3969	0	4
3970	1	1
3971	1	4
3972	2	1
3973	2	3
3974	2	1
3975	2	5
3976	0	2
3977	1	1
3979	0	6
3980	0	4
3981	0	4
3982	0	4
3983	1	4
3984	0	4
3985	0	2
3986	0	3
3987	1	4
3988	0	3
3989	2	5
3990	0	3
3991	0	4
3992	0	3
3993	0	4
3994	1	0
3995	0	1
3996	0	1
3997	1	1
3998	0	3
3999	0	2
4000	2	3
4001	1	3
4002	0	2
4003	0	1
4004	1	1
4005	0	3
4006	0	5
4007	0	1
4008	0	3
4009	0	2
4010	2	2
4011	1	2
4012	0	1
4013	0	2
4014	0	3
4015	0	4
4016	1	3
4017	0	1
4018	2	2
4019	0	3
4020	1	2
4021	2	2
4022	0	2
4023	0	5
4024	0	3
4025	1	2
4027	0	2
4028	1	2
4029	1	2
4030	1	2
4031	0	5
4032	0	3
4033	0	4
4034	1	4
4035	0	1
4036	0	4
4037	1	3
4038	0	3
4039	0	4
4040	0	1
4041	0	8
4042	0	4
4043	2	5
4044	0	4
4045	0	2
4047	0	6
4048	2	5
4049	1	2
4050	1	3
4051	1	2
4052	0	4
4054	3	1
4055	0	4
4056	0	6
4057	1	8
4058	0	2
4059	0	2
4060	1	3
4061	0	5
4062	0	2
4063	0	2
4064	0	4
4065	0	4
4066	1	2
4067	1	0
4068	1	2
4069	0	1
4070	0	7
4071	1	2
4072	0	3
4073	0	2
4074	1	4
4075	1	4
4076	0	4
4077	0	4
4078	0	2
4079	0	4
4080	0	3
4081	0	2
4082	0	2
4083	1	3
4084	0	3
4085	3	1
4086	0	2
4088	1	4
4089	0	2
4090	0	5
4091	0	3
4092	0	3
4093	0	1
4094	0	3
4095	0	1
4096	1	4
4097	1	3
4098	3	4
4099	1	3
4100	0	2
4101	0	3
4102	0	2
4103	0	2
4104	0	2
4105	1	2
4106	0	2
4107	1	5
4108	1	1
4109	0	3
4110	2	2
4111	1	2
4112	2	0
4113	0	1
4114	1	0
4115	1	2
4116	0	3
4117	1	9
4118	0	2
4119	0	4
4120	0	3
4121	0	2
4122	1	1
4123	3	2
4124	0	4
4125	1	3
4126	2	6
4127	0	1
4128	1	1
4129	2	2
4130	2	2
4131	2	2
4132	0	3
4133	0	1
4134	0	5
4135	1	2
4136	0	2
4137	1	4
4138	0	2
4139	1	4
4140	3	3
4141	0	2
4142	1	1
4143	2	2
4144	0	4
4145	1	1
4146	1	3
4147	4	2
4148	0	3
4149	1	0
4150	3	2
4151	3	1
4152	2	6
4153	1	6
4154	3	2
4155	1	7
4156	1	5
4157	0	5
4158	1	3
4159	2	2
4160	1	5
4161	1	4
4162	0	2
4163	1	1
4164	0	2
4165	0	3
4166	0	5
4167	1	2
4168	1	5
4169	2	8
4170	0	3
4171	1	5
4172	0	2
4173	1	2
4174	2	4
4175	1	4
4176	0	2
4177	2	5
4178	0	2
4179	1	13
4180	1	2
4181	2	5
4182	0	7
4183	1	3
4184	1	4
4185	2	1
4186	0	2
4187	2	2
4188	2	1
4189	0	1
4190	0	2
4191	1	4
4192	1	0
4193	0	1
4194	1	1
4195	0	3
4196	0	2
4197	1	1
4198	0	2
4199	0	1
4200	0	3
4201	0	7
4202	2	1
4203	1	4
4204	0	5
4205	0	4
4206	3	1
4207	0	1
4208	1	6
4209	1	3
4210	0	4
4211	0	5
4212	0	1
4214	1	0
4215	1	2
4216	0	4
4217	1	2
4218	3	3
4219	1	2
4220	0	2
4221	0	4
4222	1	2
4223	0	1
4224	0	2
4225	0	1
4226	0	2
4227	2	5
4228	0	2
4229	0	3
4230	0	2
4231	0	1
4232	2	4
4233	0	2
4234	1	3
4235	1	0
4236	2	3
4237	0	1
4238	0	2
4239	1	3
4240	2	4
4241	0	2
4242	1	0
4243	1	3
4244	0	2
4245	1	3
4246	1	4
4247	0	3
4248	0	4
4249	0	1
4250	0	2
4251	2	2
4252	1	2
4253	0	1
4254	2	0
4255	0	3
4256	2	2
4257	1	1
4258	1	2
4259	0	1
4260	1	2
4261	2	4
4262	0	4
4263	1	4
4264	2	2
4266	0	2
4267	0	2
4268	0	1
4269	0	1
4270	1	5
4271	1	5
4272	1	1
4273	1	3
4274	0	1
4275	2	5
4276	0	1
4277	0	4
4278	0	2
4279	0	4
4280	0	6
4281	1	4
4282	0	5
4283	0	2
4284	0	3
4285	2	2
4286	0	5
4287	2	1
4288	0	2
4289	1	3
4290	0	4
4291	0	2
4292	1	6
4293	1	0
4294	1	3
4295	0	5
4296	0	1
4298	0	2
4299	0	1
4300	0	2
4301	0	3
4302	0	7
4303	0	1
4304	0	3
4305	1	1
4306	0	5
4307	3	8
4308	0	6
4309	0	1
4310	0	1
4311	0	5
4312	2	6
4313	1	5
4314	0	4
4315	0	6
4316	1	0
4317	0	4
4318	0	6
4319	0	4
4320	2	5
4321	0	2
4322	0	5
4323	1	1
4324	1	0
4325	2	5
4326	0	2
4327	0	3
4329	1	0
4330	1	1
4331	0	3
4332	1	1
4333	0	3
4334	1	5
4335	1	3
4336	0	1
4337	0	3
4338	0	1
4339	0	5
4340	0	1
4341	0	2
4342	1	5
4343	1	4
4344	0	1
4345	1	7
4346	0	4
4347	1	0
4348	1	3
4349	0	4
4350	0	5
4351	1	5
4352	2	1
4353	0	4
4354	1	2
4355	0	8
4356	1	2
4358	0	3
4359	1	2
4360	1	2
4361	0	5
4362	1	4
4363	0	3
4364	0	5
4366	1	2
4367	1	6
4368	1	1
4369	0	3
4370	0	3
4371	0	4
4372	0	3
4373	0	3
4374	1	2
4375	1	4
4376	1	1
4377	1	2
4378	0	5
4379	1	3
4380	1	3
4381	1	3
4382	0	3
4383	1	5
4384	0	3
4385	3	3
4386	1	2
4387	0	2
4388	1	1
4389	0	3
4390	0	4
4391	1	3
4392	1	3
4393	1	2
4394	1	8
4395	0	6
4396	1	4
4397	0	3
4398	0	3
4399	1	3
4400	1	5
4401	1	1
4402	1	4
4403	1	3
4404	1	5
4405	2	3
4406	0	1
4407	0	2
4408	1	3
4409	0	4
4410	0	7
4411	1	3
4412	0	2
4413	1	5
4414	1	1
4415	0	2
4416	0	3
4417	0	5
4418	1	4
4419	0	5
4420	2	2
4421	0	3
4422	0	3
4423	0	6
4424	1	3
4425	0	3
4426	0	6
4427	0	2
4428	0	3
4429	0	2
4430	1	2
4431	0	3
4432	1	8
4433	0	1
4434	0	3
4435	0	4
4436	2	1
4437	0	1
4438	3	2
4439	2	1
4440	0	3
4441	1	4
4442	3	2
4443	2	5
4444	3	4
4445	3	6
4446	1	3
4447	0	3
4448	3	1
4449	0	6
4450	0	6
4451	3	2
4452	1	1
4453	1	1
4454	0	1
4455	0	1
4456	1	4
4457	0	3
4459	1	5
4460	0	7
4461	0	6
4462	4	7
4463	1	4
4464	0	3
4465	1	2
4466	0	9
4467	0	4
4468	5	3
4469	3	8
4470	0	3
4471	1	4
4472	4	3
4473	1	7
4474	4	6
4475	1	5
4476	5	6
4477	3	1
4478	0	3
4479	2	2
4480	0	3
4481	0	3
4482	2	2
4483	0	2
4484	0	7
4485	1	1
4486	0	1
4487	5	4
4488	0	3
4489	2	6
4490	0	3
4491	4	4
4492	1	4
4493	0	6
4494	0	2
4495	0	1
4496	0	4
4497	1	1
4498	2	4
4499	0	1
4500	1	1
4501	1	5
4502	0	3
4503	1	1
4504	0	6
4505	2	2
4506	0	3
4507	0	3
4508	0	3
4509	1	1
4510	2	2
4511	0	3
4512	0	3
4513	0	6
4514	0	2
4515	0	6
4516	0	3
4517	0	3
4518	0	2
4519	0	1
4520	1	5
4521	0	5
4522	0	3
4523	1	4
4524	2	2
4525	0	3
4526	1	2
4527	0	3
4528	0	5
4529	1	5
4530	0	4
4531	0	1
4532	1	2
4533	0	4
4534	2	0
4535	1	1
4536	0	4
4537	0	1
4538	1	2
4539	0	3
4540	1	4
4541	3	1
4542	0	3
4543	1	1
4544	1	6
4545	2	4
4546	0	4
4547	0	2
4548	0	1
4549	0	9
4550	0	6
4551	0	4
4552	0	4
4553	0	5
4554	0	2
4555	0	2
4556	0	4
4557	1	3
4558	0	3
4559	3	1
4560	0	2
4561	1	4
4562	2	4
4563	1	10
4564	0	3
4565	0	1
4566	3	1
4567	0	2
4568	1	2
4569	0	1
4570	1	1
4571	0	3
4572	0	4
4573	0	2
4575	0	3
4576	1	3
4577	1	1
4578	2	1
4579	0	2
4580	0	4
4581	0	4
4582	0	2
4583	1	3
4584	1	7
4585	2	5
4586	1	3
4587	0	1
4588	1	2
4589	0	2
4590	0	7
4591	2	4
4592	0	6
4593	0	1
4594	0	4
4595	3	2
4596	2	3
4597	0	7
4598	0	2
4599	0	2
4600	1	4
4601	0	4
4602	2	2
4603	1	0
4604	0	3
4605	1	1
4606	0	6
4607	1	3
4608	0	4
4609	0	2
4610	0	2
4611	3	2
4612	0	6
4613	3	3
4614	1	3
4615	1	5
4617	0	1
4618	1	6
4619	0	4
4620	1	6
4621	1	4
4622	2	3
4623	1	3
4624	0	1
4626	1	4
4627	1	2
4628	0	4
4629	0	3
4630	1	2
4631	1	2
4632	0	4
4633	0	4
4634	1	5
4635	1	1
4637	2	1
4638	3	3
4639	0	2
4640	1	3
4641	0	3
4642	0	2
4643	0	1
4644	2	0
4645	0	3
4646	1	1
4647	0	2
4648	3	1
4649	2	2
4650	0	3
4651	2	2
4652	0	1
4655	0	2
4656	0	4
4657	0	1
4658	2	1
4659	2	1
4660	0	3
4661	0	2
4662	1	1
4663	1	1
4664	1	3
4665	2	0
4666	0	5
4667	0	2
4668	1	2
4669	0	1
4670	0	2
4671	1	4
4672	1	6
4673	0	3
4674	0	2
4675	0	3
4676	0	2
4677	0	3
4678	0	2
4679	0	1
4680	3	2
4681	1	1
4682	0	1
4683	1	1
4684	0	1
4685	2	3
4686	3	2
4687	1	4
4688	1	5
4689	1	4
4690	0	4
4691	4	4
4692	0	1
4693	0	2
4694	0	4
4695	1	5
4696	1	1
4697	0	1
4698	1	6
4699	0	4
4700	1	2
4701	0	4
4702	0	3
4704	1	2
4705	1	1
4706	0	4
4707	1	3
4708	2	3
4709	0	1
4710	2	4
4711	3	3
4712	0	2
4713	2	3
4714	0	3
4715	1	1
4716	0	4
4717	0	4
4718	1	2
4719	0	3
4720	0	3
4721	0	4
4722	2	4
4723	2	2
4724	0	4
4725	0	4
4726	2	1
4727	0	5
4728	0	2
4729	0	4
4731	0	1
4732	0	2
4733	1	4
4734	1	2
4735	0	2
4736	1	1
4737	0	3
4738	2	3
4739	0	1
4740	0	1
4741	0	3
4742	0	3
4743	1	2
4745	0	1
4746	1	0
4747	2	0
4748	0	1
4749	2	4
4750	1	1
4751	0	1
4752	0	8
4753	0	3
4754	0	3
4755	0	2
4756	2	7
4757	0	2
4758	0	4
4759	0	5
4760	0	1
4761	1	3
4762	1	4
4763	1	2
4764	3	2
4765	2	0
4766	0	1
4767	0	3
4768	1	1
4769	0	3
4770	1	1
4771	1	3
4772	1	8
4773	0	2
4774	0	4
4775	2	2
4776	0	4
4777	1	2
4778	2	3
4779	0	1
4780	1	2
4781	0	4
4782	1	3
4783	0	1
4784	2	0
4785	0	3
4786	0	2
4787	0	1
4788	0	1
4789	1	2
4790	0	6
4791	0	1
4792	0	1
4793	0	3
4794	1	3
4795	0	4
4796	0	4
4797	1	7
4798	0	5
4799	1	2
4800	0	4
4801	0	4
4802	1	5
4803	1	1
4804	2	3
4805	2	3
4806	0	4
4807	0	6
4808	1	3
4809	0	4
4810	1	2
4811	0	1
4812	0	2
4813	0	3
4814	0	2
4815	1	1
4816	1	3
4817	1	1
4818	0	1
4819	2	3
4820	1	3
4821	1	0
4822	0	3
4823	2	5
4824	1	4
4825	0	3
4826	0	2
4827	0	2
4828	0	3
4829	0	2
4830	2	1
4831	1	0
4832	1	3
4833	0	3
4834	1	1
4835	0	4
4836	0	1
4837	0	1
4838	0	4
4839	0	1
4840	0	3
4841	1	3
4842	0	1
4843	0	4
4844	0	1
4845	2	0
4846	1	0
4847	1	6
4848	2	0
4849	1	3
4850	0	4
4851	1	2
4852	0	5
4853	0	3
4854	3	2
4856	1	1
4857	0	2
4858	0	3
4859	2	2
4861	0	7
4862	1	7
4863	0	4
4864	0	2
4865	0	2
4866	2	7
4867	1	0
4868	0	2
4869	0	1
4870	1	1
4871	0	5
4872	1	2
4873	1	2
4874	0	1
4875	0	5
4876	4	2
4877	1	2
4878	1	2
4879	0	1
4880	1	1
4881	5	1
4882	4	3
4883	0	3
4884	1	4
4885	2	4
4886	0	3
4887	1	5
4888	0	4
4889	0	3
4890	0	4
4891	0	2
4892	0	5
4893	0	6
4894	0	2
4895	0	4
4896	1	7
4897	4	2
4898	0	3
4900	1	0
4902	0	2
4903	0	4
4904	0	1
4905	0	2
4906	0	3
4907	1	1
4908	0	2
4909	0	4
4910	1	2
4911	0	1
4912	2	2
4913	1	2
4914	0	4
4915	0	1
4916	1	3
4917	0	7
4918	0	7
4919	1	1
4920	2	1
4921	1	4
4922	1	5
4923	2	5
4924	2	7
4925	0	4
4926	1	1
4927	0	2
4928	1	6
4929	2	3
4930	0	3
4931	0	3
4932	0	3
4933	3	4
4934	0	3
4935	2	4
4936	2	2
4937	0	2
4938	0	2
4939	0	5
4940	3	3
4941	1	1
4942	1	4
4943	0	4
4944	1	3
4945	1	3
4946	1	3
4947	1	4
4948	3	2
4949	0	6
4950	0	2
4951	0	6
4952	2	3
4953	0	6
4954	0	2
4955	1	3
4956	2	2
4957	0	2
4958	0	1
4959	1	2
4960	3	1
4961	0	1
4962	1	1
4963	0	2
4964	1	2
4965	0	2
4966	1	2
4968	0	1
4969	0	7
4970	1	4
4971	1	2
4972	0	3
4973	0	2
4974	2	1
4975	1	1
4976	1	3
4977	1	2
4978	0	5
4979	1	0
4980	0	2
4981	1	3
4982	1	2
4983	0	3
4984	1	2
4985	3	6
4986	1	3
4987	1	1
4988	0	1
4989	1	2
4990	2	0
4991	0	2
4992	1	3
4993	1	1
4994	0	4
4996	0	3
4997	0	2
4998	0	2
4999	0	2
5000	0	4
5001	0	5
5002	0	6
5003	1	2
5004	3	4
5005	2	4
5006	2	4
5007	1	3
5008	0	4
5009	0	5
5010	1	3
5011	1	5
5012	1	3
5013	0	1
5014	0	3
5015	0	9
5016	0	4
5017	0	5
5018	0	7
5019	1	4
5020	0	4
5021	1	5
5022	1	1
5023	0	2
5024	0	2
5025	1	5
5026	0	3
5027	0	4
5028	1	7
5029	0	5
5030	0	5
5031	0	6
5032	2	6
5033	0	3
5034	0	4
5035	0	2
5036	1	6
5037	0	3
5038	1	0
5039	0	7
5040	0	2
5041	0	3
5042	0	4
5043	0	3
5045	0	1
5046	0	2
5049	0	3
5050	1	3
5051	1	7
5052	0	2
5053	0	2
5054	1	0
5055	2	2
5056	1	3
5057	0	8
5058	1	1
5059	0	2
5060	0	4
5061	1	3
5062	0	2
5063	1	2
5064	2	4
5065	0	4
5066	1	1
5067	0	3
5068	1	3
5069	1	1
5070	1	2
5071	0	4
5072	0	2
5073	1	2
5074	0	5
5075	0	2
5076	0	3
5077	1	4
5078	0	3
5079	0	4
5080	1	0
5081	1	2
5082	1	2
5083	0	4
5084	0	2
5085	0	2
5086	0	3
5087	0	2
5088	1	2
5089	1	3
5090	0	3
5091	1	1
5092	0	2
5093	1	1
5094	2	5
5095	0	1
5096	2	2
5097	0	2
5098	1	9
5099	0	3
5100	2	2
5101	2	4
5102	1	1
5103	2	3
5104	1	2
5106	0	4
5107	0	2
5108	1	2
5109	1	3
5110	0	1
5111	1	2
5112	0	4
5113	0	4
5114	0	3
5115	1	0
5116	1	2
5117	1	2
5118	2	1
5119	0	2
5120	2	2
5121	1	3
5122	0	2
5124	1	0
5125	0	7
5126	0	3
5127	0	6
5128	0	6
5129	0	2
5130	1	4
5131	1	2
5132	0	1
5133	0	2
5134	0	2
5135	0	5
5136	4	2
5137	1	3
5138	0	4
5139	1	1
5140	2	0
5141	1	1
5142	0	4
5143	0	4
5144	3	4
5145	0	5
5146	2	4
5147	1	3
5149	0	1
5150	0	3
5151	0	5
5152	0	5
5153	1	4
5154	1	6
5155	2	3
5156	2	2
5157	0	4
5159	1	1
5160	0	1
5161	1	4
5162	0	7
5163	0	4
5164	1	4
5165	0	6
5166	2	1
5167	1	0
5168	1	3
5169	2	3
5170	1	1
5171	0	3
5172	0	3
5173	0	3
5174	0	3
5175	0	7
5176	0	1
5177	0	3
5178	2	2
5179	0	2
5180	0	2
5181	0	4
5182	0	3
5183	2	4
5184	0	1
5185	2	0
5186	0	1
5187	0	6
5188	1	1
5189	1	3
5190	2	2
5191	0	4
5192	0	3
5193	1	3
5194	0	4
5195	0	5
5196	0	1
5197	1	2
5198	0	3
5199	1	1
5201	0	3
5202	1	1
5203	0	8
5204	0	2
5205	1	2
5206	0	5
5207	1	0
5208	1	2
5209	2	3
5210	1	2
5211	0	3
5212	0	2
5213	2	2
5214	2	5
5215	1	1
5216	1	1
5217	1	2
5218	2	3
5219	3	1
5220	0	4
5221	1	0
5222	0	2
5223	0	2
5224	1	3
5225	0	4
5226	1	4
5227	1	2
5228	0	2
5229	2	4
5230	0	2
5231	2	3
5232	0	2
5233	0	3
5234	1	2
5235	2	3
5236	3	2
5237	0	2
5238	0	1
5239	0	1
5240	0	2
5243	2	4
5244	0	4
5245	0	1
5246	1	4
5247	0	2
5248	1	3
5249	0	4
5250	1	3
5251	0	4
5252	0	1
5253	1	4
5254	1	0
5255	1	2
5256	1	3
5257	2	5
5258	0	2
5259	0	3
5260	0	3
5261	1	4
5262	1	1
5263	0	1
5264	1	1
5265	0	3
5266	0	4
5267	1	1
5268	1	2
5269	1	2
5270	3	2
5271	0	4
5272	0	4
5273	0	3
5274	1	3
5275	1	1
5276	0	6
5277	1	2
5278	0	1
5279	1	3
5280	2	1
5281	1	5
5282	0	4
5283	0	4
5284	2	3
5285	0	5
5286	1	1
5287	0	2
5288	0	2
5289	1	0
5290	0	2
5291	2	1
5292	0	2
5293	2	0
5294	0	1
5295	2	1
5296	0	1
5297	2	1
5298	0	3
5299	1	2
5300	1	6
5301	0	3
5302	2	6
5303	0	3
5304	0	2
5305	0	1
5306	2	1
5307	0	6
5308	0	1
5309	1	2
5310	2	3
5311	0	4
5312	0	2
5313	1	3
5314	0	4
5315	0	6
5316	0	3
5317	1	3
5318	0	1
5319	0	3
5320	0	4
5321	3	2
5322	0	6
5323	1	7
5324	0	5
5325	1	3
5326	0	4
5328	1	4
5329	1	2
5330	2	1
5331	0	4
5332	1	4
5333	0	2
5334	0	3
5335	0	4
5336	0	1
5337	0	3
5338	0	2
5339	1	1
5340	1	6
5342	0	2
5344	1	5
5345	0	2
5346	1	3
5347	0	2
5348	1	3
5349	0	3
5350	0	2
5351	0	6
5352	0	5
5353	2	4
5354	1	3
5355	0	4
5356	1	4
5357	0	2
5358	0	4
5359	1	3
5360	1	2
5361	1	4
5362	0	3
5363	1	3
5364	2	2
5365	0	3
5366	0	3
5368	1	9
5369	0	5
5370	1	3
5371	1	3
5372	1	5
5373	1	1
5374	0	4
5375	1	5
5376	1	4
5377	2	4
5378	1	1
5379	1	1
5380	0	2
5381	0	4
5382	0	3
5383	1	4
5384	0	3
5385	1	6
5386	0	1
5387	0	2
5388	0	2
5389	0	1
5390	0	1
5391	0	2
5392	0	3
5393	1	2
5394	0	1
5395	0	3
5396	1	1
5397	0	3
5398	0	3
5399	0	3
5400	1	4
5401	2	4
5402	2	3
5403	0	3
5404	1	3
5405	1	2
5406	0	2
5407	0	3
5408	0	3
5409	1	5
5410	1	1
5411	2	4
5412	1	8
5413	2	7
5414	0	3
5415	0	1
5416	0	8
5417	2	1
5418	3	5
5419	2	4
5420	0	2
5421	2	6
5422	2	2
5423	2	7
5424	2	4
5425	3	5
5426	3	2
5427	3	4
5428	1	5
5429	0	4
5430	2	6
5431	3	6
5432	4	2
5433	3	1
5434	4	1
5435	2	0
5436	1	3
5437	6	4
5438	4	5
5439	3	2