1	2	1
2	0	2
3	3	4
4	1	3
5	2	4
6	0	3
7	0	1
8	5	2
9	0	3
10	1	2
11	2	2
12	2	3
13	0	3
14	2	3
15	2	3
16	2	1
17	4	2
18	0	4
19	0	1
20	2	4
21	0	2
22	3	1
23	1	0
24	1	3
25	1	4
26	1	2
27	0	2
28	3	3
29	1	2
30	0	6
31	1	2
32	2	1
33	2	2
34	2	4
35	1	2
37	1	5
38	2	2
39	3	2
40	0	4
41	1	4
42	2	2
43	1	2
44	0	2
45	0	5
46	2	4
47	0	3
48	0	2
49	0	5
50	3	0
51	0	3
52	2	3
53	0	4
54	1	3
55	1	3
56	2	3
57	2	1
58	3	2
59	0	1
60	1	5
61	1	5
62	0	4
63	0	2
64	0	2
65	2	1
66	3	0
67	1	0
68	1	2
69	0	2
70	0	1
71	1	1
72	2	5
73	0	1
74	4	2
75	4	0
76	1	3
77	2	3
78	0	2
80	2	2
81	4	2
83	1	2
84	3	1
85	2	2
86	0	4
87	0	4
88	1	2
89	1	7
90	2	4
91	2	5
92	1	1
93	0	4
94	1	3
95	1	2
96	0	2
97	3	1
98	2	1
99	2	1
100	0	3
101	3	4
102	4	6
103	10	4
104	2	1
105	1	1
106	3	4
107	4	8
108	0	4
109	0	5
110	4	5
111	4	5
112	3	5
113	0	6
114	4	5
115	0	7
116	2	1
117	3	3
118	3	3
119	5	3
120	0	2
121	0	4
122	1	1
123	7	5
124	4	3
125	0	3
126	2	1
127	2	4
128	0	6
129	2	5
130	0	2
131	1	2
132	0	4
133	1	3
134	1	4
135	0	4
136	1	4
137	0	3
138	0	4
139	0	4
140	1	1
141	2	2
142	1	0
143	1	4
144	2	3
145	0	2
146	0	2
147	1	2
148	0	5
149	2	1
150	0	3
151	0	3
152	0	5
153	1	2
154	1	3
155	3	3
156	0	4
157	0	3
158	2	1
159	0	2
160	3	4
161	0	1
162	1	3
163	0	1
164	0	3
165	0	7
166	1	4
168	2	0
169	1	3
170	1	2
171	3	1
172	0	2
173	1	4
174	3	6
175	0	3
176	1	2
177	0	3
178	0	4
179	1	4
180	0	2
181	0	3
182	0	3
183	2	4
184	0	2
185	1	2
186	0	1
187	0	2
188	1	4
189	0	2
190	0	3
191	0	3
192	0	1
193	0	4
194	0	4
195	1	0
196	0	7
197	2	1
198	1	4
199	1	3
200	1	4
201	0	5
202	2	2
203	0	1
204	1	0
205	0	1
206	0	2
207	1	4
208	2	4
209	2	1
210	1	4
211	2	1
212	0	8
213	1	1
214	1	2
215	1	1
216	2	1
217	3	2
218	1	2
219	0	3
220	2	6
221	1	3
222	1	6
223	1	2
224	2	1
225	1	1
226	2	2
228	1	4
229	0	1
230	2	1
231	1	0
232	0	3
233	3	2
234	1	3
235	1	1
236	4	4
237	0	4
238	0	3
239	0	5
240	0	4
241	1	6
242	1	1
243	3	2
244	0	2
245	3	4
246	1	2
247	0	5
248	1	2
249	2	4
250	3	0
251	1	3
252	1	2
253	1	3
254	1	2
255	0	2
256	1	1
257	1	2
258	0	1
259	1	5
260	0	2
261	3	4
262	2	0
263	0	4
264	2	2
265	0	2
266	4	2
267	0	5
268	1	5
269	2	1
270	2	1
271	0	2
272	1	5
273	0	2
274	0	1
275	2	2
276	2	4
277	1	4
278	0	1
279	1	7
280	0	4
281	2	3
282	0	4
283	1	1
284	0	2
285	0	1
286	1	4
287	0	5
288	0	2
289	2	1
291	3	2
292	0	1
293	1	0
294	3	1
295	3	1
296	0	3
297	3	3
298	0	1
299	2	2
300	2	2
301	0	3
302	1	7
303	1	3
304	1	4
305	0	1
306	2	2
307	3	1
308	5	2
309	2	3
310	2	2
311	1	3
312	1	3
313	1	4
314	1	3
316	0	1
317	0	3
318	1	4
319	0	2
320	2	4
321	0	3
322	1	4
323	0	2
324	1	5
325	1	0
326	0	2
327	1	2
328	2	4
329	1	3
330	2	3
331	0	1
332	1	2
333	1	4
334	2	3
335	1	4
336	0	2
337	2	6
338	3	3
339	2	6
340	0	3
341	0	1
342	2	1
343	1	0
344	1	8
345	0	8
346	5	2
347	0	1
348	0	4
349	2	2
350	1	1
351	1	2
352	0	3
353	0	4
354	0	2
355	2	4
356	1	2
358	0	4
359	1	5
360	2	6
361	0	2
362	0	2
363	1	4
364	5	8
365	0	3
366	0	2
367	0	4
368	2	2
369	1	2
370	2	4
371	5	1
372	0	3
373	1	4
374	1	0
375	2	0
376	0	6
377	2	3
378	3	3
379	1	4
380	0	2
381	0	2
382	2	3
383	1	4
385	1	3
386	2	4
387	1	3
388	3	1
389	1	3
390	3	4
391	2	1
392	2	1
393	2	2
396	1	1
397	0	3
398	1	1
399	4	4
400	1	4
401	1	4
402	2	3
403	2	2
404	0	5
405	2	3
406	1	0
407	0	1
408	0	1
409	0	3
410	0	4
411	1	0
412	1	3
413	0	2
414	2	1
415	2	0
416	1	4
417	3	1
418	1	3
419	1	2
420	1	4
421	1	2
422	0	3
423	1	0
424	1	1
425	2	3
426	0	3
427	1	2
428	0	2
429	2	3
431	1	3
432	2	2
433	2	0
434	0	3
435	0	3
436	0	5
437	1	3
438	1	4
439	0	4
440	0	2
441	2	1
442	1	5
443	0	5
444	0	4
445	3	3
446	1	1
447	1	1
448	0	2
449	0	2
450	2	3
451	0	1
452	0	3
453	0	1
454	1	6
455	0	2
456	0	2
457	0	2
458	0	5
459	1	2
460	1	3
461	0	2
462	1	2
463	0	4
464	1	3
465	1	6
466	0	2
467	1	2
468	1	2
469	1	1
470	1	1
471	0	3
472	1	5
473	0	3
474	2	0
475	0	3
476	1	1
477	1	2
478	1	4
479	1	3
480	0	6
482	0	2
483	1	1
484	0	4
485	0	1
486	0	6
487	2	2
488	0	3
489	0	6
490	1	3
491	0	3
492	2	6
493	2	3
494	0	5
495	0	6
496	0	3
497	2	0
498	0	2
499	0	1
500	0	3
501	1	0
502	0	1
503	1	4
504	0	4
505	1	3
506	0	4
507	4	1
508	0	4
509	0	3
510	1	1
511	2	2
512	1	2
513	0	5
514	0	1
515	1	1
516	2	1
517	0	1
518	2	1
519	2	1
520	0	2
522	1	6
523	0	1
524	0	2
525	1	2
526	1	0
527	0	1
528	0	6
529	0	2
530	1	1
531	0	2
532	1	2
533	2	0
534	2	2
535	1	5
536	1	4
537	0	2
538	0	3
539	0	2
540	1	3
541	3	3
542	1	6
543	0	4
544	1	2
545	1	1
546	0	5
547	0	3
548	2	5
549	1	3
550	0	1
551	1	4
552	3	6
553	1	2
554	0	3
555	1	0
556	0	3
557	0	3
558	1	3
560	1	3
561	0	3
563	1	2
564	2	2
565	1	3
566	0	2
567	2	2
569	0	2
570	0	2
571	0	5
572	0	2
573	0	7
574	0	2
575	1	1
577	0	4
578	0	1
579	0	2
580	0	6
581	2	5
582	2	1
583	0	1
584	1	4
585	0	2
586	0	2
587	0	1
588	2	0
589	1	1
590	2	2
591	1	2
592	2	4
593	1	1
594	0	3
595	1	1
596	0	4
597	1	0
598	0	1
600	0	2
601	1	1
602	0	2
603	0	3
604	0	3
605	1	0
606	0	2
607	1	2
608	0	2
609	1	2
610	0	4
611	0	2
612	0	3
613	1	5
614	0	2
616	1	2
618	0	1
619	2	2
620	2	5
621	0	5
622	1	10
623	0	1
624	0	1
625	2	1
626	1	3
627	3	3
628	2	1
629	2	2
630	0	3
631	0	3
632	0	1
633	1	1
634	0	3
635	0	3
636	1	3
637	1	3
638	0	5
639	0	2
640	0	1
641	2	2
642	0	2
643	0	3
644	1	2
645	0	4
646	1	7
647	2	3
648	0	2
649	2	3
650	0	2
651	4	7
652	0	3
653	0	6
654	2	4
655	0	5
656	0	1
657	0	2
658	0	2
659	0	2
660	1	0
661	1	3
662	0	2
664	0	2
666	0	1
667	1	5
668	4	2
669	0	1
670	0	3
671	0	2
672	1	1
673	1	1
674	0	2
675	1	2
677	0	1
678	0	3
679	1	3
680	0	4
681	1	3
682	0	4
683	1	1
684	0	5
685	0	3
686	1	4
687	0	5
688	0	6
689	0	2
690	1	1
691	1	3
693	1	2
694	1	1
695	0	5
696	1	2
697	1	5
698	1	4
699	1	1
700	1	3
701	0	4
702	2	1
703	0	5
704	1	1
705	1	2
706	0	2
707	1	5
708	0	4
709	0	3
710	0	1
711	0	1
712	2	2
713	1	2
714	1	1
715	1	4
716	0	1
718	1	0
719	0	6
720	0	2
721	2	3
722	3	0
723	1	5
724	1	1
725	2	3
726	1	5
727	0	4
728	2	3
729	1	5
730	0	3
731	2	2
732	1	1
733	1	0
734	1	3
735	1	1
736	0	3
737	1	1
738	2	0
739	0	3
740	0	3
741	1	3
742	1	2
743	2	1
744	1	1
745	2	1
746	1	4
747	2	5
748	0	3
749	0	5
750	0	1
751	0	3
752	0	3
753	1	1
754	1	2
755	0	4
757	2	2
758	0	2
759	0	2
760	1	2
761	0	4
762	2	3
763	0	1
764	3	2
765	2	2
766	1	6
767	0	2
768	0	2
769	0	7
770	3	3
771	0	4
772	0	6
773	0	3
774	0	3
776	0	4
777	0	2
778	0	1
779	3	2
780	1	3
781	1	1
782	1	1
783	2	4
784	2	2
785	0	4
786	1	4
787	0	2
789	1	1
790	1	5
791	1	4
792	1	2
793	0	3
794	2	0
795	1	4
796	1	4
797	4	3
798	0	4
799	0	3
800	1	2
801	3	3
802	0	2
803	1	2
804	4	6
805	5	2
806	0	4
807	0	2
808	0	2
809	2	5
810	1	5
811	0	1
812	0	3
813	0	4
814	0	3
815	3	1
816	1	3
817	1	2
818	1	2
819	0	3
820	2	5
821	0	1
822	1	0
823	0	4
824	5	3
825	0	5
826	1	4
827	1	4
828	1	2
829	1	2
830	2	4
831	1	3
832	3	3
833	1	5
834	1	4
835	1	6
836	1	0
837	1	1
838	0	3
839	0	3
840	1	2
841	1	2
842	0	2
843	2	7
844	2	6
845	2	4
846	1	6
847	0	1
848	1	2
849	4	3
850	0	1
851	1	3
852	2	5
853	0	7
854	1	1
855	2	3
856	0	2
857	1	3
858	1	3
859	3	2
860	0	3
861	1	3
862	1	1
863	1	1
864	1	4
865	0	4
866	0	2
867	1	4
868	0	2
869	0	1
870	0	2
871	2	4
873	0	3
874	0	3
875	3	4
876	1	1
877	1	2
878	0	3
879	1	1
880	1	3
881	3	0
882	2	2
883	1	1
885	2	5
886	2	4
887	1	2
888	2	4
889	3	2
890	0	2
891	1	1
892	1	3
893	0	3
894	1	0
895	0	2
896	2	1
897	2	4
898	0	2
899	1	2
900	2	1
901	0	4
902	1	1
903	1	3
904	1	3
905	2	2
906	3	3
907	1	4
908	1	1
910	0	4
911	0	1
912	0	5
913	0	3
914	0	6
915	1	0
916	1	4
918	2	3
920	0	2
921	0	3
922	0	2
923	0	3
924	0	4
925	0	4
926	1	2
927	0	2
928	0	2
929	1	1
930	0	1
931	1	4
932	0	3
933	0	3
934	2	1
935	0	3
936	0	3
937	2	6
938	0	4
939	0	1
940	2	1
941	1	2
942	1	2
943	0	7
944	1	4
945	1	1
946	3	2
947	0	2
948	1	1
949	1	5
950	1	1
951	1	5
952	2	2
953	1	7
954	1	3
955	1	4
956	1	1
957	1	4
958	2	0
959	2	4
961	0	5
962	1	4
963	2	3
964	1	4
965	0	5
966	0	2
967	1	1
968	1	3
969	1	0
970	0	1
971	0	2
973	1	2
974	0	1
975	0	2
976	0	6
977	1	3
978	0	1
979	0	3
980	1	4
981	1	2
983	0	3
984	0	3
986	1	4
987	2	1
988	2	4
989	0	3
990	0	1
991	0	1
992	1	3
993	3	2
994	0	2
995	0	1
996	3	3
997	0	4
998	0	1
999	1	4
1000	1	1
1001	2	4
1002	1	3
1003	0	2
1004	1	1
1005	0	4
1006	2	1
1007	0	1
1008	0	6
1009	1	0
1010	2	2
1011	1	1
1012	0	2
1013	0	1
1014	1	1
1015	1	5
1016	1	2
1018	0	7
1019	2	0
1020	0	1
1021	1	4
1022	1	2
1023	1	1
1024	1	1
1025	0	5
1026	1	3
1027	3	3
1028	0	3
1029	2	3
1030	0	7
1031	0	3
1032	0	3
1033	0	3
1034	0	2
1035	1	3
1036	0	2
1037	0	2
1038	1	4
1039	0	3
1040	0	1
1041	0	1
1043	1	3
1044	0	1
1045	2	2
1046	0	1
1047	0	1
1048	0	2
1049	1	2
1050	2	1
1051	0	5
1052	0	4
1053	0	1
1054	2	3
1055	0	3
1056	0	1
1057	0	4
1058	1	3
1059	1	4
1060	2	2
1061	1	2
1062	1	5
1064	2	0
1065	0	2
1066	0	2
1067	0	2
1068	3	6
1069	1	2
1070	2	0
1071	0	3
1072	0	1
1073	2	4
1074	1	3
1075	0	1
1076	1	3
1077	0	2
1078	2	5
1079	0	4
1080	2	1
1081	2	0
1082	4	7
1083	1	6
1084	1	5
1085	1	1
1086	6	3
1087	7	2
1088	2	5
1089	3	3
1090	0	3
1091	0	3
1092	1	1
1093	3	6
1094	2	2
1095	1	3
1096	9	4
1097	3	1
1098	0	2
1099	2	6
1100	4	1
1101	2	4
1102	1	2
1103	1	2
1104	0	3
1105	0	6
1106	1	1
1107	0	7
1108	1	5
1110	1	2
1111	1	7
1112	2	3
1113	2	2
1114	3	1
1115	1	4
1116	1	1
1117	1	3
1118	0	3
1119	0	1
1120	1	0
1121	0	4
1122	0	4
1123	0	4
1124	0	3
1125	0	3
1126	2	2
1127	2	2
1128	4	2
1129	0	5
1130	0	1
1132	1	2
1133	0	2
1134	4	6
1135	0	4
1136	3	2
1137	2	1
1138	2	1
1139	0	3
1140	0	4
1141	1	4
1142	0	1
1144	0	1
1145	1	1
1146	3	2
1147	0	2
1148	0	2
1149	0	1
1150	1	2
1151	0	1
1152	0	1
1153	0	5
1155	0	2
1156	3	2
1157	0	1
1158	0	1
1159	1	2
1160	0	4
1161	0	1
1162	1	4
1163	0	4
1164	0	3
1165	2	5
1166	4	2
1167	3	4
1168	2	2
1169	0	3
1170	1	1
1171	4	5
1172	0	4
1173	2	4
1174	0	5
1175	5	2
1176	3	3
1177	0	4
1178	0	4
1179	1	5
1180	2	1
1181	1	3
1182	0	5
1183	0	3
1184	0	1
1185	0	4
1186	1	3
1187	1	3
1188	0	5
1189	1	2
1190	0	5
1191	0	5
1192	0	2
1193	0	3
1194	3	7
1195	2	0
1196	0	1
1197	0	5
1198	0	2
1199	1	5
1200	0	2
1201	0	3
1202	0	1
1203	2	2
1204	0	1
1205	1	5
1206	0	3
1207	3	1
1208	3	3
1209	3	4
1210	2	5
1211	2	2
1212	4	2
1213	0	7
1214	0	1
1215	1	1
1216	2	5
1217	1	1
1218	4	6
1219	0	3
1220	1	3
1221	1	1
1222	1	1
1223	1	4
1224	0	6
1225	1	6
1226	0	4
1227	2	2
1228	0	4
1229	2	4
1230	0	6
1231	0	6
1232	2	1
1233	0	2
1234	0	3
1235	0	3
1236	0	5
1237	3	5
1238	3	2
1239	2	3
1240	0	1
1241	1	2
1242	2	2
1243	3	1
1244	1	1
1245	1	4
1246	3	3
1247	0	2
1248	2	3
1249	1	1
1250	0	1
1251	0	5
1253	0	3
1254	0	5
1255	2	3
1256	2	7
1258	1	2
1259	2	2
1260	0	2
1261	0	1
1262	1	0
1263	0	4
1264	0	2
1265	2	2
1266	2	3
1267	1	6
1268	1	2
1269	0	2
1270	0	1
1271	4	2
1272	1	2
1273	2	4
1274	1	3
1275	0	5
1276	2	2
1277	3	5
1279	0	2
1280	0	1
1281	3	2
1282	1	4
1283	0	2
1284	2	5
1285	1	2
1286	3	1
1287	0	3
1288	0	1
1289	0	4
1290	0	4
1291	0	1
1292	2	2
1293	0	2
1294	2	0
1295	1	0
1296	0	2
1297	0	2
1298	1	4
1299	0	4
1300	1	1
1301	6	2
1302	4	2
1304	0	1
1305	1	5
1306	2	1
1307	4	4
1308	2	6
1309	1	0
1310	2	5
1311	2	4
1312	0	3
1313	0	2
1314	1	2
1317	1	3
1318	0	2
1319	1	5
1320	2	2
1321	1	2
1322	1	4
1323	2	4
1324	1	1
1325	1	3
1326	0	3
1327	1	1
1328	1	2
1329	1	3
1330	1	2
1331	0	2
1332	0	1
1333	0	1
1334	1	5
1335	1	3
1336	0	2
1337	1	2
1338	0	1
1339	2	1
1342	3	3
1343	1	3
1344	2	2
1345	2	1
1346	0	3
1347	0	3
1348	2	2
1349	1	1
1350	2	3
1351	0	1
1352	3	3
1353	1	5
1354	2	6
1355	2	3
1356	0	1
1357	4	1
1358	4	1
1359	4	3
1360	5	4
1361	1	5
1362	0	3
1363	0	3
1364	0	2
1365	1	1
1366	1	1
1367	0	1
1368	1	2
1369	1	2
1370	4	2
1371	1	0
1372	1	4
1373	0	1
1374	3	3
1375	0	2
1376	1	4
1377	0	1
1378	0	2
1379	1	3
1380	0	2
1381	2	6
1382	1	3
1383	0	1
1384	2	2
1385	2	2
1386	1	1
1387	1	3
1388	0	2
1389	0	4
1390	1	1
1391	0	3
1392	0	1
1393	0	3
1394	2	1
1395	1	3
1396	1	0
1397	2	3
1398	1	5
1399	2	2
1400	1	3
1401	0	3
1402	1	5
1403	1	0
1404	1	1
1405	1	0
1406	1	0
1407	0	3
1408	4	0
1409	1	1
1410	0	3
1411	2	1
1412	2	2
1413	0	1
1415	0	1
1416	0	2
1417	0	2
1418	1	3
1419	1	0
1420	1	5
1421	1	2
1422	1	2
1423	0	2
1424	0	9
1425	0	4
1426	1	3
1427	1	1
1428	0	3
1429	1	3
1430	0	4
1431	0	3
1432	1	5
1433	0	7
1435	2	2
1436	0	4
1437	1	3
1438	0	4
1439	1	7
1440	1	3
1441	0	4
1442	1	4
1443	1	1
1444	0	3
1447	0	1
1448	0	1
1449	0	2
1450	0	4
1451	1	2
1452	2	0
1453	1	1
1454	2	2
1455	0	2
1456	1	4
1457	0	2
1458	1	1
1459	1	2
1460	1	4
1462	2	3
1463	0	6
1464	0	2
1465	1	3
1466	1	3
1467	1	3
1468	0	5
1469	1	0
1470	2	4
1471	1	2
1472	0	2
1473	1	3
1474	2	7
1476	0	1
1477	2	5
1478	1	5
1479	0	3
1480	2	1
1481	2	2
1482	1	3
1483	2	3
1484	2	1
1486	2	4
1487	0	1
1489	0	3
1490	1	1
1491	1	2
1492	0	2
1493	2	6
1494	1	1
1495	0	3
1496	0	2
1498	1	3
1499	0	5
1500	1	2
1501	1	2
1502	1	2
1503	1	3
1504	3	3
1505	3	4
1506	0	4
1507	1	4
1508	1	0
1509	1	7
1510	2	4
1511	0	3
1512	0	3
1513	1	2
1514	0	2
1515	0	5
1516	1	1
1517	1	1
1518	0	2
1519	5	2
1520	0	1
1521	0	4
1522	1	1
1523	0	1
1524	1	6
1526	0	1
1527	1	5
1528	3	2
1529	0	1
1530	0	1
1531	2	3
1532	0	2
1533	1	1
1534	2	4
1535	0	2
1536	0	5
1537	2	1
1538	2	1
1539	1	4
1540	1	4
1541	1	10
1542	2	3
1543	2	1
1544	2	5
1545	1	3
1546	1	3
1547	0	4
1548	1	2
1549	1	1
1550	0	4
1551	0	1
1552	1	1
1553	0	2
1554	2	4
1555	1	2
1556	0	2
1557	1	4
1558	0	1
1559	0	3
1560	0	3
1561	4	1
1562	2	3
1563	0	2
1564	0	3
1565	1	7
1566	0	5
1567	1	0
1568	1	7
1569	0	2
1571	0	2
1572	2	1
1573	0	2
1574	1	2
1575	1	4
1576	0	5
1577	0	5
1578	0	2
1579	1	4
1582	1	5
1583	2	4
1584	0	1
1585	2	0
1586	0	2
1587	0	1
1588	2	1
1589	0	3
1590	1	2
1591	0	3
1592	0	1
1593	0	1
1594	1	3
1595	0	3
1596	0	2
1597	1	2
1598	0	3
1599	1	1
1600	1	1
1601	0	5
1602	0	1
1604	0	5
1606	0	3
1607	0	1
1608	0	4
1609	2	2
1610	0	3
1611	0	2
1612	2	2
1613	2	4
1614	2	0
1615	1	1
1618	0	3
1619	0	4
1620	2	2
1621	0	3
1622	0	6
1624	1	2
1625	0	1
1626	2	4
1627	1	5
1628	0	1
1629	1	2
1630	0	1
1631	2	4
1633	0	3
1634	2	2
1635	2	0
1637	0	3
1638	0	3
1639	0	3
1640	1	3
1641	0	4
1642	1	2
1643	0	3
1644	1	2
1645	0	4
1646	0	4
1647	0	2
1648	0	3
1649	2	2
1650	0	2
1651	1	3
1652	0	5
1653	1	1
1655	0	2
1656	2	2
1657	0	2
1658	0	1
1659	0	1
1660	2	2
1661	1	2
1662	2	5
1663	0	1
1664	2	2
1665	0	1
1666	0	3
1667	2	3
1668	1	6
1670	1	0
1671	0	5
1672	0	7
1673	0	3
1674	0	2
1675	0	7
1676	2	1
1677	0	2
1678	3	1
1679	2	1
1681	1	2
1682	1	2
1683	2	1
1684	1	3
1685	0	5
1686	1	1
1687	1	2
1688	1	5
1689	0	3
1690	1	4
1691	1	2
1692	0	8
1693	1	3
1694	0	1
1695	1	1
1696	1	1
1697	3	2
1698	0	3
1699	0	1
1700	0	2
1701	1	3
1702	1	3
1703	2	1
1704	1	1
1705	1	2
1706	0	2
1707	2	1
1708	1	1
1709	0	6
1710	1	5
1711	1	3
1712	1	3
1713	2	3
1715	1	3
1716	0	2
1717	1	4
1718	1	1
1719	0	3
1720	1	1
1721	3	2
1722	0	1
1723	0	1
1724	1	7
1725	1	1
1726	0	4
1727	0	5
1728	0	5
1729	0	2
1730	2	4
1731	0	1
1732	2	1
1733	0	1
1734	0	2
1735	0	6
1736	1	2
1737	0	2
1738	4	2
1739	0	1
1740	1	1
1741	0	1
1742	0	4
1743	0	3
1744	0	4
1745	0	3
1746	3	2
1747	2	2
1748	0	1
1749	1	2
1750	0	7
1751	1	3
1752	2	4
1753	0	2
1754	0	3
1755	0	2
1756	0	2
1757	2	1
1758	0	4
1761	1	0
1762	3	1
1763	0	1
1764	2	5
1765	0	4
1766	0	1
1767	2	2
1768	0	4
1769	0	2
1770	0	2
1771	0	2
1772	0	1
1773	0	2
1774	1	4
1775	2	4
1776	0	4
1777	0	4
1778	0	2
1779	0	1
1780	0	2
1781	2	6
1782	0	5
1783	0	3
1784	0	2
1785	0	3
1786	0	1
1787	1	4
1788	1	3
1789	0	3
1790	0	3
1791	0	4
1792	0	5
1793	1	4
1794	1	3
1795	0	4
1796	1	3
1797	0	3
1798	1	3
1799	0	4
1800	0	2
1801	0	3
1802	0	2
1803	1	5
1805	0	3
1806	0	2
1807	0	4
1808	0	1
1809	0	1
1810	0	3
1811	0	6
1812	1	2
1813	1	0
1814	0	1
1815	1	1
1816	1	2
1817	1	0
1818	0	4
1819	1	2
1820	1	3
1821	3	1
1822	0	2
1823	0	1
1824	2	2
1825	1	8
1826	0	1
1827	0	4
1828	0	3
1829	0	1
1830	1	2
1831	0	1
1832	1	6
1834	1	2
1835	1	4
1836	1	1
1837	1	3
1838	1	2
1839	1	3
1841	0	5
1842	0	2
1843	0	2
1844	1	3
1845	1	5
1846	0	4
1847	2	1
1848	0	2
1849	1	4
1850	2	5
1851	0	2
1852	3	0
1853	1	0
1854	1	4
1855	0	4
1856	0	8
1858	0	1
1859	1	5
1860	0	2
1861	4	1
1862	2	2
1863	1	3
1864	1	3
1865	0	5
1866	1	5
1867	0	1
1868	0	4
1869	1	2
1870	3	1
1871	1	1
1872	0	5
1873	1	4
1874	1	3
1875	0	1
1876	0	2
1877	2	3
1878	0	1
1879	0	1
1880	1	2
1882	2	4
1883	2	1
1884	0	4
1885	0	7
1886	1	4
1887	1	4
1888	1	1
1889	2	1
1890	0	4
1891	0	1
1892	4	3
1893	1	2
1894	1	2
1895	2	6
1896	1	3
1897	0	2
1898	0	3
1899	0	3
1900	1	1
1901	0	1
1902	1	1
1903	0	4
1904	0	5
1905	1	5
1906	1	4
1907	0	1
1908	1	2
1909	0	3
1910	0	2
1911	1	3
1913	0	1
1914	0	2
1915	0	3
1916	0	2
1917	0	3
1918	0	5
1919	3	1
1920	1	6
1921	0	5
1922	0	2
1923	4	5
1925	1	4
1926	0	4
1927	2	1
1928	0	1
1929	1	2
1930	0	3
1931	0	3
1932	2	3
1933	1	3
1934	1	1
1935	0	2
1936	1	6
1937	1	5
1938	0	1
1939	0	2
1940	1	3
1941	0	4
1942	0	3
1943	1	4
1944	0	2
1946	0	1
1947	1	1
1948	0	4
1949	1	2
1950	3	3
1951	2	4
1952	0	4
1953	2	3
1954	1	2
1955	0	1
1956	2	4
1957	2	2
1958	0	1
1959	2	4
1960	1	1
1961	2	0
1962	1	1
1963	0	1
1964	1	1
1965	1	1
1966	0	1
1967	0	4
1968	3	3
1969	0	5
1971	2	2
1972	2	1
1973	1	2
1974	0	2
1975	1	1
1976	0	4
1977	1	1
1978	0	4
1979	0	1
1980	3	3
1981	0	5
1982	0	3
1983	1	3
1984	1	4
1985	0	2
1986	0	4
1987	1	2
1989	1	2
1990	1	5
1991	0	1
1992	1	4
1993	0	2
1994	0	6
1995	3	2
1996	0	2
1997	1	1
1998	2	2
1999	0	3
2000	0	5
2001	1	2
2002	0	2
2003	2	3
2004	1	2
2006	0	1
2007	0	3
2008	0	2
2009	1	2
2010	1	1
2011	1	4
2012	1	2
2013	0	2
2015	1	0
2016	1	4
2017	0	3
2018	2	3
2019	0	4
2020	2	3
2021	0	4
2022	1	2
2023	1	0
2024	0	4
2025	1	3
2026	1	5
2027	0	1
2028	2	2
2029	0	2
2030	1	1
2031	2	3
2032	0	5
2033	0	4
2034	3	0
2036	0	3
2037	0	4
2038	0	2
2039	1	2
2040	2	2
2041	2	0
2042	0	2
2043	0	5
2044	2	5
2045	0	7
2046	1	1
2047	0	1
2048	0	3
2049	0	2
2050	2	1
2051	0	2
2052	0	1
2053	2	2
2054	0	1
2055	0	5
2056	0	2
2057	1	1
2058	0	3
2059	2	2
2060	5	3
2061	3	3
2062	2	4
2063	1	3
2064	0	4
2065	0	1
2066	0	3
2067	2	4
2068	0	2
2069	3	4
2070	0	5
2071	1	3
2072	0	4
2073	1	3
2074	0	2
2075	0	3
2076	0	1
2077	2	3
2078	0	1
2079	0	1
2080	1	1
2081	0	2
2082	0	3
2083	1	3
2084	0	4
2085	1	2
2086	0	4
2087	0	2
2088	0	1
2089	1	3
2090	0	3
2091	0	5
2092	0	3
2093	0	2
2094	2	2
2095	2	0
2096	0	1
2097	1	4
2098	1	0
2099	3	3
2101	0	3
2102	2	3
2103	0	2
2104	1	1
2105	2	4
2106	0	2
2107	0	5
2108	2	4
2109	2	2
2110	3	5
2111	0	6
2112	1	2
2113	0	2
2114	1	1
2115	2	3
2116	1	0
2117	0	2
2119	2	1
2120	2	3
2121	0	3
2122	1	4
2123	1	2
2124	1	4
2125	0	2
2126	0	2
2127	0	2
2128	0	4
2129	1	1
2130	2	1
2131	0	4
2132	0	1
2133	0	2
2134	0	2
2135	0	3
2136	2	2
2137	0	1
2138	0	2
2139	0	3
2140	0	2
2141	1	0
2142	1	4
2143	2	4
2144	0	2
2145	1	3
2146	1	2
2147	1	3
2148	3	3
2149	1	2
2150	1	0
2151	0	1
2152	0	2
2153	2	3
2154	0	3
2155	0	6
2156	0	6
2157	0	7
2158	0	2
2159	0	2
2160	1	2
2161	2	6
2162	1	5
2163	1	3
2164	2	4
2165	2	2
2166	0	4
2167	0	4
2169	0	1
2170	0	4
2171	1	2
2172	2	3
2173	0	5
2174	1	2
2175	1	2
2176	1	2
2177	1	4
2178	1	2
2179	1	4
2180	0	1
2181	1	5
2182	0	2
2183	1	2
2184	0	3
2185	0	3
2186	0	1
2187	1	2
2188	0	3
2189	3	0
2190	1	1
2191	0	2
2192	0	2
2193	1	4
2194	2	4
2195	0	2
2196	0	6
2197	2	0
2198	1	4
2199	1	1
2200	0	8
2201	1	0
2202	1	8
2203	0	4
2204	1	3
2205	0	1
2206	1	0
2207	3	1
2208	0	4
2209	0	3
2210	0	4
2211	2	3
2212	2	6
2214	0	3
2215	0	2
2216	1	4
2217	1	1
2218	0	3
2219	1	3
2220	0	1
2221	3	1
2222	0	4
2223	1	3
2224	1	1
2225	2	3
2226	0	4
2227	1	2
2228	0	1
2229	1	2
2230	0	5
2231	1	2
2232	1	3
2233	1	1
2234	0	4
2235	1	1
2236	1	3
2237	2	3
2238	0	3
2239	1	4
2240	1	2
2241	0	3
2242	1	1
2244	0	6
2246	2	1
2247	2	3
2248	2	3
2249	0	3
2250	0	4
2251	0	1
2252	3	3
2253	3	2
2254	2	2
2255	1	0
2256	0	2
2257	0	3
2258	1	1
2259	0	2
2260	1	1
2261	0	1
2262	0	1
2263	1	3
2264	1	4
2265	1	1
2266	1	2
2267	2	6
2268	0	1
2269	2	2
2270	0	5
2271	1	1
2272	0	1
2273	1	1
2274	0	7
2275	1	4
2276	2	3
2277	0	1
2278	0	3
2279	0	3
2280	0	4
2281	0	3
2282	0	2
2283	0	1
2284	0	1
2285	1	6
2286	1	1
2287	1	2
2288	0	2
2289	1	4
2290	1	1
2291	0	3
2292	1	2
2293	1	1
2295	0	2
2296	0	3
2297	0	2
2298	1	3
2299	1	2
2301	1	2
2302	1	2
2303	1	1
2304	0	5
2305	1	4
2306	0	3
2307	1	1
2308	2	2
2309	1	3
2310	0	3
2311	0	3
2312	3	6
2313	2	1
2314	0	3
2315	2	2
2316	1	2
2317	0	5
2318	0	2
2319	0	1
2320	1	3
2321	0	6
2322	4	3
2323	0	1
2324	1	4
2327	2	2
2328	1	3
2329	0	4
2330	0	1
2331	1	0
2332	1	3
2333	0	4
2334	0	1
2335	0	6
2336	3	3
2337	0	2
2338	0	2
2339	1	1
2340	0	3
2341	1	1
2342	0	1
2343	2	3
2344	1	2
2345	0	5
2346	0	5
2347	0	1
2348	1	5
2349	2	4
2350	0	1
2351	0	3
2352	0	5
2353	1	2
2354	1	1
2355	1	3
2356	0	2
2357	0	3
2358	3	1
2359	0	3
2360	3	0
2361	0	3
2362	0	2
2363	1	2
2364	2	2
2365	2	3
2366	3	1
2367	1	5
2368	1	3
2369	3	2
2370	0	3
2371	0	1
2372	0	4
2373	0	2
2374	1	0
2375	0	1
2376	0	2
2377	2	4
2378	1	3
2379	4	1
2380	0	3
2381	0	1
2382	1	2
2383	0	1
2384	2	2
2385	0	4
2386	0	1
2387	0	1
2388	1	2
2389	0	3
2390	2	3
2391	1	2
2392	1	3
2393	0	2
2394	0	3
2395	2	2
2396	0	2
2397	1	2
2398	0	1
2399	1	1
2400	1	4
2401	0	4
2402	2	4
2403	0	4
2404	1	1
2405	2	3
2406	2	3
2407	0	3
2408	1	3
2409	1	4
2410	1	3
2411	0	2
2412	0	3
2413	0	2
2414	3	3
2415	3	2
2416	0	6
2417	2	4
2418	0	1
2419	2	4
2420	0	2
2421	3	2
2422	1	1
2423	1	0
2424	2	0
2425	2	0
2426	0	4
2427	0	3
2428	1	1
2429	0	1
2430	1	6
2431	0	3
2432	2	4
2433	2	3
2434	1	2
2435	0	4
2436	0	1
2437	2	1
2438	1	1
2439	0	5
2440	0	1
2441	0	1
2442	0	2
2443	3	3
2444	0	3
2445	0	5
2446	1	2
2447	0	3
2448	0	1
2449	0	3
2450	0	1
2451	0	1
2452	1	1
2453	1	1
2454	2	3
2455	0	1
2456	1	3
2457	2	4
2458	0	5
2459	0	1
2460	1	2
2461	1	5
2462	1	3
2463	1	0
2464	1	4
2465	1	3
2466	0	2
2467	3	2
2468	0	2
2469	0	1
2470	3	1
2471	1	3
2472	1	0
2473	0	2
2474	0	3
2475	1	2
2476	2	2
2477	1	3
2478	2	0
2479	1	4
2480	2	4
2481	1	0
2482	0	5
2483	0	6
2484	0	3
2485	2	5
2486	2	4
2487	0	3
2488	1	2
2489	1	1
2490	0	5
2491	0	4
2492	0	4
2493	1	0
2494	0	3
2495	1	0
2496	0	4
2497	1	3
2498	0	4
2499	2	1
2500	0	2
2501	0	6
2502	1	7
2503	0	7
2504	0	2
2505	1	0
2506	0	1
2507	1	1
2508	0	4
2509	0	3
2510	0	2
2511	1	4
2512	0	5
2513	0	4
2514	0	1
2515	0	4
2516	1	1
2517	0	2
2518	0	5
2519	0	2
2520	1	1
2521	1	6
2522	0	2
2523	1	3
2524	2	3
2525	1	2
2526	1	1
2527	0	2
2528	0	2
2529	1	1
2530	0	3
2531	2	4
2533	0	5
2534	1	7
2535	1	2
2536	2	3
2537	0	5
2538	0	3
2540	0	6
2541	0	2
2542	0	3
2543	1	5
2544	0	4
2545	0	2
2546	0	1
2547	0	5
2548	0	3
2549	0	2
2550	3	3
2551	0	4
2552	0	3
2553	0	1
2554	0	3
2555	0	3
2556	0	1
2557	0	3
2558	1	1
2559	0	3
2560	0	1
2561	0	5
2562	0	3
2563	1	5
2564	0	2
2565	2	2
2566	0	4
2567	0	3
2568	0	3
2569	1	0
2571	0	1
2572	2	4
2573	2	0
2574	0	3
2575	1	3
2576	0	1
2578	0	3
2579	1	2
2580	0	3
2582	2	0
2583	0	2
2584	1	5
2585	2	2
2586	1	0
2587	1	1
2588	0	2
2589	3	2
2590	1	1
2591	0	4
2592	1	0
2593	0	1
2594	1	5
2595	1	2
2596	0	3
2597	0	4
2598	0	1
2599	0	2
2600	2	3
2601	0	4
2602	2	4
2603	2	7
2604	1	2
2605	0	2
2606	2	3
2607	1	2
2608	2	4
2609	1	4
2610	1	3
2611	0	1
2612	1	2
2613	1	2
2614	0	1
2615	1	2
2616	0	3
2617	1	2
2618	1	2
2619	1	3
2620	1	3
2621	0	2
2622	1	1
2623	0	4
2624	2	5
2625	1	2
2626	0	1
2627	1	7
2628	0	6
2629	0	3
2630	1	4
2631	1	3
2632	0	1
2633	0	3
2634	0	3
2635	0	4
2636	0	4
2637	0	2
2638	2	5
2639	0	4
2640	1	1
2641	1	3
2642	1	1
2643	0	5
2644	0	3
2645	0	3
2646	0	2
2647	1	3
2648	0	1
2649	0	5
2650	1	4
2651	1	4
2652	0	1
2653	1	3
2654	0	4
2655	0	4
2656	0	1
2657	0	1
2658	1	1
2659	0	2
2660	0	1
2661	1	0
2662	1	1
2663	5	1
2664	3	6
2665	2	4
2666	0	3
2667	0	5
2668	0	3
2669	0	4
2670	0	5
2671	0	2
2672	1	1
2673	1	3
2674	1	4
2675	0	3
2676	0	3
2677	0	1
2678	1	2
2679	1	3
2680	0	1
2681	0	1
2682	0	1
2683	0	3
2684	0	3
2685	0	4
2686	1	2
2687	1	5
2688	3	3
2689	0	2
2690	0	2
2691	1	2
2694	0	2
2695	0	5
2696	1	4
2697	0	3
2698	2	2
2699	0	2
2700	0	1
2701	0	1
2702	1	1
2703	0	2
2704	1	2
2705	0	6
2706	0	2
2707	2	5
2708	0	4
2709	2	1
2710	1	2
2711	0	4
2712	0	1
2713	4	5
2714	0	1
2715	2	4
2716	0	1
2718	0	3
2719	1	1
2720	0	2
2721	0	1
2722	1	2
2723	1	1
2724	2	4
2725	2	4
2726	1	4
2727	0	1
2728	1	1
2730	0	4
2731	0	1
2732	0	4
2733	0	3
2734	1	4
2735	0	3
2736	0	2
2737	2	3
2738	1	3
2739	0	2
2740	1	2
2741	2	4
2742	0	1
2743	0	1
2744	1	3
2745	0	2
2746	0	1
2747	0	5
2748	1	4
2749	2	3
2750	0	4
2751	1	2
2752	0	5
2753	0	3
2754	1	1
2755	0	3
2756	1	5
2757	1	5
2758	1	2
2759	1	1
2760	0	2
2761	0	3
2762	1	0
2763	0	4
2764	0	4
2765	2	7
2766	0	2
2767	2	1
2768	0	5
2769	0	3
2770	1	3
2771	0	4
2772	1	3
2773	1	2
2774	1	0
2775	0	1
2776	0	6
2777	0	2
2778	0	2
2779	1	2
2780	0	4
2781	0	2
2782	0	1
2783	0	4
2784	0	5
2785	0	2
2786	1	2
2787	0	5
2788	0	2
2789	0	5
2790	0	2
2791	1	3
2792	0	6
2793	2	5
2794	1	2
2795	0	2
2796	0	3
2797	0	1
2798	0	2
2799	0	5
2800	0	1
2801	0	1
2802	1	2
2803	3	1
2804	1	4
2805	0	2
2806	0	2
2807	1	1
2808	1	4
2809	1	1
2810	0	2
2811	0	2
2812	0	4
2813	1	1
2814	0	1
2815	1	1
2816	1	7
2817	2	2
2818	1	2
2819	2	3
2820	0	8
2821	0	1
2822	0	3
2823	1	2
2824	1	2
2825	0	1
2826	2	4
2827	1	1
2828	0	1
2829	0	4
2832	2	3
2833	0	1
2835	0	4
2837	0	9
2838	0	6
2839	0	1
2840	0	4
2841	0	1
2842	0	1
2843	0	4
2844	1	0
2845	0	6
2846	0	3
2847	0	1
2848	0	3
2849	0	4
2850	0	2
2851	1	4
2852	1	2
2853	2	2
2854	0	2
2855	0	3
2856	0	2
2857	1	1
2858	2	2
2859	0	3
2860	3	2
2861	2	4
2862	1	1
2863	1	4
2864	2	5
2865	2	3
2866	1	8
2867	1	3
2868	0	2
2869	1	2
2870	0	2
2871	0	2
2872	0	1
2873	2	0
2874	0	3
2875	0	3
2876	0	3
2877	0	3
2878	0	2
2879	0	3
2881	1	2
2882	1	5
2883	0	6
2884	0	2
2885	1	2
2886	0	4
2887	0	3
2888	1	1
2889	0	3
2890	1	3
2891	0	4
2892	1	2
2893	0	4
2894	0	1
2895	0	7
2896	0	3
2897	1	3
2898	1	3
2899	0	3
2900	0	1
2901	0	1
2902	0	3
2903	1	2
2904	0	3
2905	0	1
2906	0	3
2907	0	3
2908	2	3
2909	0	3
2910	1	1
2911	0	2
2912	0	2
2913	0	5
2914	1	0
2915	0	6
2916	0	3
2917	3	2
2918	0	4
2919	2	2
2920	1	1
2921	0	2
2922	1	2
2923	0	2
2924	0	4
2925	0	2
2926	0	1
2927	1	3
2928	0	4
2929	1	3
2930	0	3
2931	0	6
2932	0	2
2933	0	2
2934	0	2
2935	1	2
2936	0	5
2937	1	3
2938	0	2
2939	0	5
2940	2	2
2941	1	1
2942	1	4
2943	2	4
2944	0	4
2945	3	0
2946	1	2
2947	1	2
2948	0	5
2949	0	5
2950	3	5
2951	0	3
2952	0	1
2953	1	2
2954	0	5
2955	1	3
2956	0	1
2957	0	2
2958	0	4
2959	0	3
2960	2	0
2961	1	5
2962	1	1
2963	0	3
2964	0	2
2966	0	6
2967	1	3
2968	0	1
2969	1	2
2970	1	0
2972	0	1
2973	3	3
2974	0	2
2975	0	2
2976	0	1
2977	1	3
2978	1	4
2979	0	2
2980	1	0
2981	1	2
2982	0	7
2983	0	3
2984	3	2
2985	0	2
2986	0	3
2987	1	6
2988	0	2
2989	3	3
2990	1	1
2991	1	3
2992	1	3
2993	1	2
2994	0	2
2995	1	3
2996	0	1
2997	1	2
2998	0	1
2999	0	2
3000	0	6
3001	3	2
3002	4	3
3003	0	3
3004	1	2
3005	0	3
3006	0	7
3007	1	4
3008	0	1
3009	0	3
3010	1	1
3011	0	2
3012	0	2
3014	0	3
3015	0	2
3016	2	3
3017	0	5
3018	0	3
3019	1	4
3020	0	2
3022	2	0
3023	2	2
3024	1	2
3025	0	3
3026	2	3
3028	6	1
3029	0	2
3030	1	2
3031	0	3
3033	0	3
3034	0	7
3036	0	1
3037	0	2
3038	0	2
3039	0	2
3040	2	1
3041	0	5
3042	1	5
3043	2	5
3044	0	2
3045	1	1
3046	2	3
3047	1	1
3048	0	5
3049	0	2
3050	0	3
3051	0	2
3052	2	4
3053	1	5
3054	1	4
3055	2	2
3056	0	2
3057	0	1
3058	0	1
3059	0	3
3060	0	1
3061	0	1
3062	1	2
3063	1	3
3064	0	7
3065	0	3
3066	0	4
3067	1	1
3068	0	2
3069	0	3
3071	0	1
3072	1	3
3073	3	4
3074	0	4
3075	0	4
3076	0	3
3077	1	4
3079	1	1
3080	0	1
3081	1	2
3082	1	0
3083	1	3
3084	3	2
3085	0	3
3086	0	2
3087	0	1
3088	1	1
3089	0	2
3090	1	1
3091	0	1
3092	3	3
3093	1	1
3094	0	3
3095	2	2
3096	1	6
3097	1	7
3098	0	3
3099	1	5
3100	0	2
3101	0	4
3102	0	2
3103	0	1
3104	1	2
3105	1	6
3106	0	2
3108	0	1
3109	1	4
3110	0	1
3111	0	1
3112	0	1
3114	0	1
3115	0	2
3116	0	1
3117	1	1
3118	0	1
3119	1	3
3120	1	5
3121	0	4
3122	0	4
3123	1	2
3124	2	2
3125	0	4
3126	0	2
3127	0	2
3128	2	2
3129	1	5
3130	1	4
3131	0	1
3132	0	1
3133	0	3
3134	1	2
3135	2	1
3136	1	4
3137	0	1
3138	0	2
3139	1	1
3140	0	3
3141	1	0
3142	1	5
3143	0	4
3144	0	5
3145	0	5
3146	1	0
3147	1	2
3148	1	1
3149	0	5
3150	1	2
3151	1	3
3152	0	3
3153	0	2
3154	0	6
3155	0	1
3156	0	3
3158	0	5
3159	1	1
3160	0	2
3161	0	5
3162	3	2
3163	1	6
3164	1	4
3165	0	3
3166	2	4
3167	0	1
3168	1	2
3169	0	3
3170	1	2
3171	1	2
3172	1	5
3173	0	3
3175	1	3
3176	0	4
3177	0	3
3178	2	0
3179	0	2
3180	0	2
3181	0	3
3182	1	3
3183	1	2
3184	0	5
3185	0	2
3186	2	3
3187	1	0
3188	0	1
3189	0	1
3190	1	7
3191	0	3
3192	0	4
3193	2	3
3194	0	2
3195	0	2
3196	0	4
3197	1	2
3198	0	3
3199	2	3
3200	1	2
3201	0	5
3202	0	1
3203	0	3
3204	0	4
3205	0	4
3206	1	6
3207	1	4
3208	3	1
3209	1	5
3210	0	3
3211	0	2
3212	1	1
3213	0	3
3214	0	1
3215	1	4
3216	2	3
3217	0	3
3218	1	2
3219	2	1
3220	2	7
3221	2	4
3222	0	4
3223	1	1
3224	0	4
3225	0	3
3226	0	3
3227	0	3
3229	0	2
3230	0	1
3231	1	3
3232	0	3
3233	1	0
3234	0	1
3235	2	5
3236	0	4
3237	2	2
3238	0	2
3239	1	4
3240	2	1
3241	1	0
3242	0	3
3243	1	3
3244	0	2
3245	1	3
3246	0	3
3247	2	3
3248	0	3
3249	1	2
3250	1	3
3251	0	3
3252	0	5
3253	2	2
3254	0	1
3255	5	2
3256	0	2
3257	0	2
3258	0	1
3259	2	2
3260	0	1
3261	0	4
3262	0	2
3263	2	3
3264	1	3
3265	0	3
3266	2	0
3269	0	5
3270	0	6
3271	0	4
3272	1	2
3273	1	4
3274	0	6
3275	0	3
3277	1	3
3278	0	2
3279	0	1
3280	0	4
3281	1	2
3282	0	4
3283	0	2
3284	1	5
3285	0	3
3286	1	1
3287	0	1
3288	1	1
3289	0	2
3290	1	0
3291	0	2
3292	1	2
3293	0	3
3294	2	3
3295	3	1
3296	0	1
3297	0	2
3298	1	2
3299	1	2
3300	2	0
3301	1	5
3302	2	1
3303	0	4
3304	0	2
3306	0	1
3307	1	2
3308	1	5
3309	2	0
3310	1	2
3311	0	2
3312	0	5
3313	1	0
3314	0	2
3315	1	0
3316	0	2
3318	1	3
3319	0	1
3321	0	1
3322	1	2
3323	0	3
3324	0	5
3325	1	3
3326	1	4
3327	0	3
3328	0	2
3329	2	1
3330	0	3
3331	0	1
3332	1	2
3333	1	2
3334	0	3
3335	1	2
3336	0	2
3337	0	1
3338	0	3
3339	0	4
3340	0	2
3341	1	4
3342	0	3
3343	2	1
3344	0	3
3345	2	2
3346	1	2
3347	1	3
3348	2	2
3349	0	4
3350	1	3
3351	0	2
3352	1	0
3353	1	5
3354	0	6
3355	0	1
3356	0	1
3357	2	4
3358	1	0
3360	2	3
3361	0	2
3362	0	2
3363	0	3
3364	0	1
3365	1	2
3367	2	3
3368	0	1
3369	0	2
3370	0	2
3371	2	1
3372	0	1
3373	0	6
3374	0	1
3375	0	6
3376	0	2
3377	0	2
3378	1	3
3379	0	3
3380	1	2
3381	1	2
3382	1	2
3383	1	2
3384	0	1
3385	1	2
3386	2	6
3387	0	6
3389	1	2
3390	0	5
3391	1	3
3392	0	4
3393	1	2
3394	1	0
3395	2	4
3396	0	2
3397	1	3
3398	0	2
3399	0	1
3400	1	1
3401	2	1
3402	2	3
3403	1	3
3404	0	3
3405	0	1
3406	1	1
3407	1	1
3408	1	4
3409	0	4
3410	0	7
3411	1	1
3412	0	4
3413	0	3
3414	0	4
3415	0	3
3416	0	5
3417	0	2
3418	0	2
3419	2	1
3420	0	1
3421	0	1
3422	2	2
3423	1	4
3424	1	1
3425	2	1
3426	1	1
3427	3	2
3428	1	0
3429	1	1
3430	1	2
3431	0	2
3432	1	4
3433	0	3
3434	0	3
3435	0	5
3436	0	3
3437	0	3
3438	0	2
3440	0	2
3441	1	5
3442	1	2
3443	0	4
3444	0	6
3445	1	2
3446	0	4
3447	0	2
3448	1	3
3449	1	0
3450	0	1
3451	0	2
3452	0	4
3453	0	1
3454	1	2
3455	0	4
3456	0	4
3457	0	3
3458	0	3
3459	0	2
3460	0	5
3461	0	2
3462	3	4
3463	0	2
3464	0	4
3465	0	5
3466	4	1
3468	0	3
3469	1	2
3470	1	1
3471	1	5
3472	2	1
3473	0	2
3474	1	3
3475	2	5
3476	0	3
3477	0	7
3478	2	1
3479	2	2
3480	1	3
3481	0	4
3482	1	3
3483	1	7
3484	0	2
3485	0	1
3486	1	1
3487	0	4
3488	1	1
3489	0	1
3490	0	3
3491	0	4
3492	0	3
3493	1	3
3494	0	1
3495	2	5
3496	1	6
3497	0	2
3498	0	1
3499	0	1
3500	0	4
3501	0	3
3502	0	2
3503	0	2
3504	1	2
3505	0	1
3506	0	3
3507	1	1
3508	1	3
3509	1	1
3510	1	3
3511	0	3
3512	2	5
3513	2	6
3514	2	6
3515	2	4
3516	3	2
3517	4	7
3518	1	1
3519	3	3
3520	4	1
3521	3	2
3522	1	1
3523	6	2
3524	3	1
3525	1	2
3526	2	3
3527	1	4
3528	0	3
3529	1	4
3530	0	1
3531	1	3
3532	0	3
3533	0	3
3534	0	1
3535	0	5
3536	2	1
3537	0	3
3538	0	3
3539	1	6
3540	1	3
3541	0	4
3542	2	5
3543	0	2
3544	0	1
3546	1	1
3547	0	2
3548	0	1
3549	1	2
3550	2	4
3551	2	3
3552	1	1
3553	0	2
3554	0	2
3555	1	1
3556	1	5
3557	0	3
3558	1	6
3559	1	1
3560	0	1
3561	2	2
3562	2	2
3563	0	5
3564	2	3
3565	1	4
3566	0	2
3567	0	2
3568	0	2
3569	0	3
3570	2	3
3571	0	2
3572	0	4
3573	3	0
3574	0	2
3575	0	3
3576	0	8
3577	0	4
3578	1	3
3579	3	2
3580	1	3
3581	1	5
3582	2	5
3583	4	4
3584	1	1
3585	3	2
3586	0	1
3587	1	2
3588	2	4
3589	0	1
3590	2	5
3591	1	4
3592	2	1
3593	2	2
3594	1	3
3595	0	2
3596	0	4
3597	1	4
3598	1	1
3599	1	1
3600	0	1
3601	0	5
3602	1	3
3603	1	3
3604	0	2
3605	0	1
3606	1	1
3607	0	2
3608	1	3
3609	0	2
3611	0	2
3612	1	3
3613	2	0
3614	2	3
3615	1	0
3616	1	0
3617	0	3
3618	0	5
3619	1	3
3620	0	2
3621	5	3
3622	3	4
3623	5	2
3624	3	1
3625	7	3
3626	2	2
3627	1	1
3629	1	2
3631	0	2
3632	0	2
3634	0	2
3636	1	3
3637	0	2
3639	2	1
3640	0	4
3641	0	2
3642	1	1
3643	1	2
3644	0	2
3645	1	2
3646	0	2
3647	0	2
3648	1	2
3649	1	1
3650	2	1
3651	0	1
3652	2	2
3653	0	1
3654	1	7
3655	2	1
3656	0	1
3657	0	6
3658	0	4
3659	0	3
3660	2	2
3661	0	3
3662	0	1
3663	0	3
3664	1	3
3665	1	1
3666	1	4
3667	0	6
3668	0	1
3669	0	1
3670	1	2
3671	0	3
3672	0	1
3673	0	1
3674	0	3
3675	2	2
3676	0	2
3677	0	2
3678	1	2
3679	1	2
3680	0	1
3681	1	2
3682	2	8
3683	0	2
3684	2	3
3685	0	1
3686	1	3
3687	3	4
3688	2	1
3689	0	4
3690	1	2
3691	2	2
3692	0	2
3693	0	1
3695	0	5
3696	1	2
3697	1	1
3698	3	5
3699	0	2
3700	1	1
3701	0	4
3702	0	5
3703	0	6
3704	0	2
3706	1	3
3707	1	1
3708	1	2
3709	0	2
3710	4	4
3711	2	6
3712	2	3
3713	4	3
3714	2	4
3715	5	0
3716	2	1
3717	4	1
3718	7	1
3719	5	3
3720	5	2
3721	4	0
3722	3	3
3723	2	4
3724	3	1
3725	6	2
3726	0	5
3727	6	1
3728	0	2
3729	0	1
3730	2	5
3731	0	4
3732	0	6
3733	1	3
3734	1	4
3735	0	4
3736	0	2
3737	0	6
3738	0	4
3739	0	1
3740	0	4
3741	0	4
3742	0	3
3743	1	1
3745	2	2
3746	1	3
3747	3	1
3748	2	1
3749	0	2
3750	1	8
3751	1	2
3752	0	1
3753	1	4
3754	0	4
3755	0	1
3756	0	4
3757	0	2
3758	2	4
3759	0	4
3760	0	1
3761	1	2
3762	0	7
3765	1	2
3766	0	1
3767	0	2
3768	1	5
3769	1	4
3770	0	1
3771	1	7
3772	0	5
3773	1	1
3774	2	1
3776	0	1
3777	0	4
3778	0	1
3779	4	3
3780	3	2
3781	5	4
3782	4	1
3783	1	2
3784	2	2
3785	1	2
3786	1	8
3787	0	3
3789	1	2
3790	1	5
3791	0	4
3792	1	1
3793	1	1
3794	0	6
3795	4	0