1	3	8
2	3	3
3	7	10
4	4	4
5	0	8
6	1	5
7	2	10
8	5	7
9	4	10
10	2	5
11	2	3
12	4	5
13	1	9
14	6	8
15	1	7
16	4	6
17	2	6
18	0	4
19	2	4
20	1	8
21	2	4
22	0	9
23	4	5
24	1	4
25	1	4
26	1	7
27	1	6
28	2	3
29	3	1
30	2	2
31	2	4
32	4	7
33	1	4
34	1	5
35	1	6
36	2	3
37	1	5
38	1	5
39	2	7
40	1	8
41	0	6
42	1	3
43	3	3
44	1	7
45	1	5
46	2	6
47	1	3
48	3	6
49	5	3
50	1	6
51	1	3
52	2	3
53	2	4
54	0	6
55	3	2
56	2	5
57	2	4
58	3	4
59	2	7
60	0	8
61	1	3
62	3	6
63	0	2
64	2	6
65	1	3
66	0	11
67	3	7
68	3	6
69	2	4
70	2	2
71	1	6
72	1	7
73	1	2
74	1	2
75	0	4
76	1	3
77	2	9
78	1	4
79	1	7
80	0	5
81	2	7
82	0	3
83	0	9
84	1	5
85	0	5
86	0	2
87	0	3
88	2	3
89	3	4
90	1	10
91	0	9
92	0	8
93	0	5
94	1	8
95	2	4
96	2	5
97	0	11
98	1	4
99	0	5
100	0	3
101	2	3
102	3	4
103	1	1
104	3	4
105	2	4
106	1	3
107	3	7
108	4	4
109	2	6
110	1	5
111	1	4
112	2	3
113	4	4
114	1	3
115	2	11
116	0	8
117	4	3
118	1	4
119	1	4
120	3	1
121	1	6
122	2	3
123	0	7
124	2	5
125	1	12
126	6	5
127	5	6
128	1	5
129	0	3
130	5	5
131	2	9
132	1	4
133	2	8
134	0	9
135	1	5
136	1	1
137	2	4
138	1	5
140	1	3
141	3	11
142	2	2
143	1	8
144	0	8
145	1	3
146	2	4
147	1	11
148	1	4
149	2	4
150	1	3
151	3	6
152	0	2
153	1	7
154	2	6
155	2	8
156	1	6
158	0	6
159	1	4
160	1	2
161	2	4
162	3	2
163	4	4
164	1	2
165	0	4
166	3	4
167	0	3
168	3	8
169	1	3
170	1	5
171	0	4
172	1	2
173	1	6
174	1	10
175	2	3
176	5	2
177	2	5
178	2	9
179	0	4
180	1	7
181	4	7
182	2	5
183	1	2
184	1	1
185	2	2
186	2	4
187	1	6
188	4	5
189	3	3
190	0	4
191	0	5
192	2	5
193	1	9
194	2	6
195	0	6
196	1	2
197	1	8
198	1	7
199	4	3
200	2	9
201	1	4
202	1	3
203	1	2
204	3	5
205	0	3
206	1	2
207	0	6
208	1	3
209	0	6
210	0	7
211	0	6
212	0	4
213	1	5
214	1	5
215	3	10
216	1	6
217	1	2
218	1	2
219	2	7
220	2	5
221	4	7
222	3	3
223	4	5
224	1	5
225	0	6
226	2	8
227	2	2
228	1	11
229	1	4
230	1	6
231	2	7
232	1	7
233	2	4
234	2	3
235	2	5
236	2	2
237	2	4
238	1	7
239	0	2
240	0	3
241	1	3
242	1	4
243	3	8
244	0	2
245	0	10
246	1	5
247	1	14
248	3	3
249	0	3
250	1	7
251	3	4
252	1	6
253	0	5
254	4	5
255	0	7
256	4	6
257	0	5
258	1	10
259	1	4
260	2	5
261	2	1
262	0	7
263	2	6
264	1	4
265	1	6
266	3	2
267	0	8
268	2	4
269	0	3
270	1	7
271	0	3
272	2	6
273	1	6
274	0	5
275	1	5
276	1	8
277	2	9
278	1	6
279	0	5
280	1	10
281	2	4
282	0	8
283	1	6
284	2	2
285	0	6
286	0	4
287	1	4
288	2	3
289	1	9
290	2	5
291	3	10
292	2	3
293	2	2
294	1	6
295	2	6
296	0	4
297	5	6
298	1	2
299	1	1
300	1	6
301	4	2
302	8	2
303	4	9
304	0	7
305	2	3
306	6	5
307	2	10
308	2	9
309	0	6
310	4	4
311	4	11
312	2	5
313	0	4
314	2	7
315	2	7
316	2	7
317	0	11
318	0	5
319	1	6
320	5	9
321	2	7
322	4	5
323	0	4
324	6	7
325	0	6
326	1	3
327	5	5
328	3	7
329	1	9
330	3	9
331	2	6
332	2	8
333	2	8
334	3	10
335	4	3
336	1	6
337	1	8
338	3	10
339	0	8
340	4	5
341	3	4
342	3	3
343	1	13
344	7	3
345	0	11
346	1	10
347	0	12
348	2	6
349	2	5
350	2	7
351	7	6
352	1	12
353	1	6
354	2	12
355	2	7
356	2	13
357	3	8
358	2	10
359	1	4
360	1	3
361	1	10
362	2	9
363	0	3
364	0	2
365	3	3
366	1	3
367	3	8
368	3	6
369	3	4
370	1	6
371	3	7
372	1	6
373	2	8
374	3	3
375	1	7
376	5	3
377	4	4
378	5	14
379	1	9
380	2	5
381	1	9
382	6	6
383	5	2
384	6	3
385	5	4
386	3	7
387	1	6
388	4	5
389	4	6
390	3	10
391	3	7
392	3	8
393	1	6
394	2	8
395	1	4
396	3	9
397	3	5
398	2	10
399	3	8
400	3	1
401	3	8
402	3	8
403	2	7
404	5	4
405	2	8
406	4	5
407	2	9
408	1	10
409	0	11
410	0	4
411	0	6
412	2	13
413	1	8
414	1	6
415	1	9
416	4	9
417	1	9
418	2	8
419	4	6
420	5	3
421	3	1
422	1	1
423	0	8
424	1	4
425	0	5
426	2	6
427	4	12
428	5	8
429	5	10
430	2	10
431	3	9
432	0	11
433	0	4
434	2	4
435	2	6
436	1	11
437	1	7
438	1	6
439	1	12
440	1	11
441	3	5
442	1	1
443	1	5
444	3	4
445	2	4
446	0	12
447	1	15
448	1	14
449	1	5
450	3	13
451	5	9
452	2	9
453	4	4
454	1	7
455	4	15
456	4	10
457	4	13
458	2	9
459	2	15
460	0	14
461	3	8
462	1	6
463	1	5
464	2	13
465	2	11
466	1	8
467	2	6
468	5	4
469	6	4
470	1	8
471	1	6
472	1	4
473	0	9
474	7	2
475	1	4
476	1	5
477	1	4
478	1	7
479	4	5
480	7	6
481	2	9
482	4	5
483	3	5
484	1	6
485	3	3
486	0	5
487	0	6
488	3	8
489	3	4
490	4	7
491	9	5
492	3	4
493	1	5
494	0	8
495	7	8
496	0	11
497	1	13
498	1	8
499	4	8
500	0	9
501	0	9
502	1	4
503	2	7
504	2	9
505	1	9
506	2	4
507	2	10
508	2	8
509	1	4
510	3	8
511	1	5
512	1	6
513	2	13
514	3	7
515	2	11
516	1	9
517	1	10
518	2	12
519	3	10
520	0	11
521	1	3
522	4	4
523	0	6
524	1	6
525	4	9
526	0	7
527	0	10
528	1	8
529	1	4
530	6	5
531	3	5
532	1	4
533	1	7
534	3	13
535	3	4
536	3	4
537	4	4
538	2	4
539	4	5
540	3	10
541	1	5
542	0	7
543	6	6
544	1	3
545	2	6
546	7	5
547	1	7
548	1	4
549	1	9
550	1	3
551	2	5
552	8	9
553	2	6
554	0	3
555	2	7
556	1	5
557	3	4
558	0	3
559	2	7
560	2	2
561	3	10
562	1	7
563	0	6
564	1	6
565	1	12
566	1	2
567	0	8
568	1	5
569	2	8
570	1	10
571	2	9
572	3	9
573	3	7
574	3	5
575	2	4
576	1	7
577	3	10
578	2	7
579	2	6
580	3	5
581	1	7
582	3	8
583	2	9
584	1	4
585	3	7
586	2	6
587	3	9
588	2	5
589	1	2
590	1	5
591	5	10
592	1	3
593	0	10
594	2	5
595	5	6
596	5	5
597	1	12
598	3	5
599	2	4
600	2	7
601	4	4
602	2	7
603	2	7
604	2	3
605	3	7
606	3	5
607	3	10
608	0	8
609	3	9
610	4	12
611	2	13
612	1	7
613	1	5
614	3	6
615	5	4
616	1	3
617	3	10
618	5	9
619	0	11
620	3	11
621	2	11
622	2	6
623	0	4
624	1	12
625	1	6
626	0	13
627	1	7
628	2	9
629	3	5
630	2	10
631	1	4
632	3	3
633	2	9
634	6	2
635	1	8
636	1	4
637	2	12
638	3	6
639	5	7
640	0	8
641	4	3
642	0	1
643	4	3
644	1	4
645	1	7
646	2	8
647	6	5
648	3	11
649	2	12
650	1	5
651	2	8
652	1	4
653	1	6
654	11	4
655	2	13
656	1	5
657	2	7
658	10	1
659	0	5
660	5	8
661	0	7
662	3	2
663	4	2
664	4	7
665	4	8
666	1	5
667	2	6
668	0	4
669	3	3
670	4	5
671	0	7
672	4	8
673	4	8
674	1	5
675	1	8
676	2	2
677	1	6
678	1	5
679	1	5
680	0	5
681	0	5
682	2	5
683	0	7
684	1	1
685	3	3
686	1	12
687	3	7
688	0	9
689	0	11
690	1	6
691	0	4
692	1	7
693	4	3
694	0	3
695	2	5
696	3	5
697	4	3
698	3	2
699	7	5
700	4	9
701	1	5
702	2	9
703	2	7
704	3	6
705	2	7
706	1	2
707	0	4
708	1	3
709	1	3
710	3	6
711	1	7
712	0	9
713	0	5
714	0	7
715	1	8
716	0	7
717	2	8
718	5	4
719	0	6
720	0	6
721	1	8
722	0	8
723	0	8
724	2	8
725	0	2
726	0	4
727	1	3
728	3	2
729	3	4
730	0	6
731	2	4
732	0	5
733	1	5
734	0	8
735	2	10
736	0	9
737	0	7
738	1	8
739	0	6
740	2	8
741	3	6
742	0	8
743	0	11
744	3	12
745	1	8
746	0	9
747	2	9
748	2	7
749	3	7
750	0	14
751	2	9
752	4	6
753	0	3
754	1	10
755	1	11
756	1	5
757	1	3
758	1	11
759	1	8
760	0	10
761	1	4
762	0	8
763	2	14
764	0	9
765	1	6
766	1	5
767	2	4
768	0	6
769	2	11
770	3	6
771	1	6
772	2	5
773	1	5
774	1	7
775	1	5
776	0	10
777	1	7
778	1	6
779	1	3
780	1	6
781	1	6
782	1	3
783	0	4
784	1	12
785	0	5
786	1	13
787	4	8
788	1	3
789	0	5
790	2	11
791	2	6
792	1	7
793	5	6
794	0	4
795	2	8
796	0	3
797	3	5
798	1	6
799	0	7
800	1	9
801	1	6
802	4	3
803	0	7
804	1	7
805	2	8
806	1	8
807	10	3
808	4	2
809	2	8
810	4	5
811	3	6
812	1	13
813	0	6
814	0	6
815	1	8
816	1	6
817	1	8
818	1	7
819	2	4
820	0	8
821	0	4
822	1	1
823	0	4
824	2	5
825	0	9
826	1	8
827	0	3
828	0	7
829	0	4
830	1	6
831	0	2
832	2	5
833	1	12
834	0	6
835	2	7
836	1	4
837	0	5
838	1	7
839	0	9
840	0	6
841	2	5
842	1	6
843	0	5
844	0	8
845	0	8
846	0	5
847	1	10
848	0	9
849	1	7
850	2	9
851	2	5
852	0	3
853	1	10
854	2	8
855	2	1
856	1	6
857	1	5
858	2	4
859	0	8
860	1	6
861	3	5
862	0	5
863	2	7
864	0	7
865	1	10
866	2	8
867	1	6
868	3	4
869	0	2
870	1	8
871	2	4
872	5	2
873	1	8
874	2	3
875	0	7
876	0	2
877	1	4
878	1	4
879	0	2
880	4	6
881	8	10
882	0	10
883	0	3
884	1	6
885	0	5
886	0	8
887	0	6
888	1	5
889	1	8
890	0	7
891	2	7
892	1	12
893	0	4
894	2	6
895	3	5
896	1	4
897	2	6
898	1	5
899	0	5
900	1	8
901	0	8
902	0	5
903	1	9
904	4	3
905	0	4
906	0	7
907	1	2
908	0	5
909	0	10
910	2	7
911	1	7
912	0	7
913	1	6
914	1	7
915	1	5
916	2	8
917	1	3
918	2	3
919	1	9
920	0	7
921	2	6
922	1	6
923	4	8
924	3	6
925	2	3
926	1	8
927	1	6
928	1	5
929	2	9
930	2	7
931	1	11
932	1	3
933	5	5
934	3	12
935	1	8
936	0	6
937	1	12
938	3	3
939	2	4
940	1	4
941	0	2
942	1	5
943	0	5
944	1	6
945	1	8
946	0	2
947	1	3
948	0	9
949	0	5
950	3	5
951	3	4
952	2	3
953	0	8
954	0	11
955	0	4
956	3	0
957	2	0
958	0	9
959	1	4
960	0	8
961	0	7
962	4	7
963	2	5
964	0	3
965	0	6
966	1	2
967	1	5
968	1	2
969	1	7
970	0	5
971	0	3
972	1	5
973	7	7
974	2	6
975	3	5
976	0	4
977	1	7
978	2	3
979	1	2
980	2	12
981	0	3
982	1	8
983	3	4
984	2	4
985	4	4
986	0	10
987	2	7
988	0	7
989	0	5
990	2	6
991	2	4
992	0	7
993	0	2
994	1	4
995	1	11
996	0	10
997	0	6
998	2	2
999	1	9
1000	2	8
1001	0	11
1002	1	5
1003	0	13
1004	2	6
1005	2	7
1006	1	3
1007	0	7
1008	0	4
1009	0	4
1010	1	8
1011	6	6
1012	4	4
1013	4	0
1014	5	2
1015	0	5
1016	0	3
1017	1	4
1018	5	4
1019	2	7
1020	0	8
1021	1	7
1022	1	10
1023	2	4
1024	0	8
1025	0	10
1026	2	10
1027	1	9
1028	2	8
1029	1	12
1030	2	9
1031	1	9
1032	2	12
1033	1	6
1034	0	14
1035	1	16
1036	1	9
1037	1	8
1038	5	8
1039	0	4
1040	1	6
1041	0	10
1042	4	5
1043	2	4
1044	1	3
1045	3	7
1046	0	8
1047	3	8
1048	5	4
1049	0	7
1050	2	6
1051	1	5
1052	1	6
1053	1	5
1054	0	10
1055	1	9
1056	2	7
1057	0	6
1058	0	7
1059	1	5
1060	1	8
1061	1	8
1062	3	9
1063	2	9
1064	2	10
1065	1	4
1066	1	12
1067	0	9
1068	2	9
1069	1	4
1070	0	8
1071	2	4
1072	2	6
1073	2	4
1074	1	3
1075	7	3
1076	0	9
1077	3	5
1078	1	9
1079	0	8
1080	0	1
1081	3	8
1082	0	8
1083	1	8
1084	1	11
1085	0	6
1086	0	13
1087	2	3
1088	3	5
1089	4	4
1090	3	7
1091	0	6
1092	3	6
1093	1	5
1094	2	11
1095	3	6
1096	1	5
1097	1	3
1098	2	6
1099	2	6
1100	4	7
1101	0	8
1102	1	3
1103	2	4
1104	1	5
1105	2	6
1106	0	8
1107	0	1
1108	2	6
1109	4	5
1110	3	4
1111	0	5
1112	0	10
1113	1	8
1114	2	2
1115	1	8
1116	3	8
1117	0	8
1118	0	6
1119	2	4
1120	1	3
1121	0	2
1122	0	7
1123	1	10
1124	0	8
1125	0	4
1126	0	5
1127	0	9
1128	0	4
1129	1	7
1130	0	6
1131	1	5
1132	0	5
1133	0	4
1134	0	9
1135	1	12
1136	1	5
1137	3	5
1138	0	7
1139	3	3
1140	0	8
1141	4	6
1142	5	5
1143	6	6
1144	5	4
1145	1	2
1146	3	7
1147	3	2
1148	1	8
1149	0	4
1150	0	3
1151	1	4
1152	5	7
1153	2	5
1154	0	7
1155	0	7
1156	2	5
1157	2	6
1158	1	8
1159	2	6
1160	1	5
1161	1	7
1162	3	11
1163	3	3
1164	1	5
1165	0	8
1166	0	11
1167	2	5
1168	0	6
1169	1	5
1170	1	7
1171	0	5
1172	0	10
1173	5	8
1174	1	4
1175	2	8
1176	1	6
1177	0	4
1178	0	7
1179	0	7
1180	4	10
1181	1	9
1182	1	5
1183	1	5
1184	1	2
1185	1	8
1186	1	4
1187	1	11
1188	2	10
1189	1	3
1190	4	10
1191	4	8
1192	3	8
1193	0	5
1194	1	4
1195	3	11
1196	2	0
1197	0	3
1198	0	8
1199	0	7
1200	1	6
1201	1	6
1202	0	7
1203	3	1
1204	1	10
1205	0	7
1206	1	5
1207	4	4
1208	2	3
1209	2	8
1210	2	3
1211	2	7
1212	1	4
1213	2	9
1214	0	5
1215	1	4
1216	1	5
1217	0	2
1218	0	2
1219	2	2
1220	1	4
1221	1	4
1222	0	12
1223	1	2
1224	0	5
1225	0	5
1226	0	7
1227	2	7
1228	2	10
1229	0	5
1230	3	6
1231	7	6
1232	3	5
1233	7	6
1234	1	4
1235	3	10
1236	1	9
1237	1	6
1238	1	6
1239	0	5
1240	0	8
1241	1	11
1242	0	3
1243	0	3
1244	1	10
1245	3	3
1246	1	3
1247	1	5
1248	4	8
1249	0	8
1250	0	4
1251	1	3
1252	1	8
1253	0	1
1254	4	8
1255	3	10
1256	3	6
1257	1	4
1258	2	5
1259	2	8
1260	0	12
1261	3	8
1262	0	4
1263	1	5
1264	4	7
1265	0	8
1266	4	7
1267	3	8
1268	0	8
1269	0	5
1270	1	3
1271	4	11
1272	2	5
1273	0	6
1274	1	6
1275	0	7
1276	1	7
1277	0	9
1278	0	6
1279	1	6
1280	0	10
1281	1	6
1282	0	6
1283	1	3
1284	1	7
1285	2	5
1286	2	5
1287	2	8
1288	0	6
1289	2	6
1290	2	6
1291	0	10
1292	1	5
1293	0	5
1294	4	9
1295	0	6
1296	0	6
1297	3	2
1298	3	12
1299	0	9
1300	4	5
1301	1	4
1302	0	7
1303	1	6
1304	0	6
1305	1	8
1306	2	3
1307	1	9
1308	2	3
1309	2	12
1310	2	5
1311	1	5
1312	2	7
1313	1	8
1314	1	3
1315	1	7
1316	2	7
1317	1	6
1318	2	4
1319	3	5
1320	0	2
1321	2	7
1322	4	7
1323	1	5
1324	0	11
1325	1	5
1326	1	4
1327	0	5
1328	1	4
1329	0	4
1330	1	7
1331	0	9
1332	0	9
1333	2	7
1334	0	4
1335	2	12
1336	1	4
1337	2	6
1338	0	9
1339	1	7
1340	1	7
1341	1	3
1342	1	3
1343	1	4
1344	2	5
1345	2	3
1346	1	5
1347	4	8
1348	2	5
1349	4	8
1350	2	5
1351	0	9
1352	0	6
1353	0	9
1354	1	11
1355	0	11
1356	1	7
1357	1	12
1358	1	9
1359	3	12
1360	1	6
1361	2	7
1362	0	14
1363	2	7
1364	1	7
1365	2	11
1366	2	12
1367	2	7
1368	2	4
1369	3	12
1370	0	3
1371	2	6
1372	3	6
1373	2	4
1374	3	2
1375	1	5
1376	0	2
1377	1	7
1378	2	8
1379	1	12
1380	1	9
1381	2	5
1382	7	3
1383	3	5
1384	0	11
1385	4	5
1386	0	6
1387	0	7
1388	1	9
1389	1	13
1390	1	11
1391	1	5
1392	0	7
1393	1	12
1394	1	9
1395	1	5
1396	0	16
1397	1	7
1398	1	8
1399	2	7
1400	0	3
1401	0	1
1402	3	3
1403	5	8
1404	3	9
1405	4	8
1406	2	4
1408	0	6
1409	0	10
1410	0	12
1411	0	5
1412	0	3
1413	2	4
1414	1	9
1415	0	8
1416	3	6
1417	0	13
1418	1	8
1419	1	9
1420	2	8
1421	1	10
1422	0	7
1423	0	6
1424	3	6
1425	0	8
1426	0	5
1427	1	10
1428	0	4
1429	1	9
1430	0	2
1431	2	9
1432	0	8
1433	2	5
1434	0	4
1435	0	8
1436	1	5
1437	1	5
1438	1	11
1439	3	8
1440	0	7
1441	1	13
1442	0	7
1443	0	5
1444	3	6
1445	0	3
1446	0	3
1447	3	9
1448	0	5
1449	3	5
1450	4	8
1451	2	4
1452	5	3
1453	4	7
1454	3	5
1455	2	10
1456	5	7
1457	1	10
1458	4	14
1459	0	4
1460	0	7
1461	0	4
1462	0	11
1463	2	5
1464	0	10
1465	0	10
1466	2	6
1467	4	4
1468	2	7
1469	1	6
1470	0	7
1471	0	5
1472	0	4
1473	1	7
1474	1	5
1475	1	10
1476	2	9
1477	2	4
1478	1	6
1479	0	5
1480	1	8
1481	3	11
1482	4	6
1483	4	4
1484	2	6
1485	2	7
1486	1	2
1487	6	13
1488	1	10
1489	2	5
1490	1	6
1491	2	6
1492	0	4
1493	0	7
1494	1	7
1495	1	4
1496	1	9
1497	2	2
1498	1	6
1499	2	8
1500	1	10
1501	0	6
1502	0	6
1503	3	5
1504	6	7
1505	2	8
1506	1	11
1507	0	6
1508	4	6
1509	0	4
1510	0	5
1511	5	2
1512	0	6
1513	2	6
1514	7	0
1515	0	8
1516	2	12
1517	1	7
1518	3	4
1519	2	3
1520	0	3
1521	2	4
1522	0	6
1523	0	2
1524	2	6
1525	2	6
1526	0	8
1527	1	8
1528	1	4
1529	2	5
1530	1	6
1531	1	4
1532	0	11
1533	0	4
1534	1	6
1535	1	3
1536	3	7
1537	0	6
1538	0	6
1539	0	4
1540	0	3
1541	1	9
1542	0	9
1543	2	8
1544	1	6
1545	2	4
1546	2	7
1547	1	5
1548	0	5
1549	0	6
1550	0	3
1551	1	7
1552	2	5
1553	5	9
1554	2	1
1555	1	6
1556	6	10
1557	3	4
1558	1	5
1559	1	8
1560	0	4
1561	4	8
1562	2	7
1563	5	3
1564	2	7
1565	2	6
1566	2	7
1567	1	12
1568	0	6
1569	1	6
1570	1	8
1571	2	11
1572	1	4
1573	1	7
1574	2	5
1575	0	6
1576	0	5
1577	1	5
1578	4	5
1579	0	5
1580	1	4
1581	0	3
1582	0	4
1583	2	3
1584	3	1
1585	3	5
1586	0	5
1587	1	2
1588	4	3
1589	6	2
1590	1	5
1591	1	9
1592	2	6
1593	4	5
1594	0	5
1595	2	10
1596	0	6
1597	1	6
1598	1	4
1599	5	2
1600	2	4
1601	0	5
1602	3	3
1603	4	6
1604	2	7
1605	1	6
1606	0	8
1607	2	6
1608	1	2
1609	0	4
1610	1	8
1611	4	11
1612	0	14
1613	1	9
1614	0	7
1615	2	8
1616	5	2
1617	3	4
1618	0	8
1619	2	4
1620	1	3
1621	0	5
1622	0	10
1623	0	4
1624	2	9
1625	1	9
1626	1	11
1627	0	8
1628	0	7
1629	0	8
1630	0	9
1631	0	3
1632	3	9
1633	2	2
1634	1	7
1635	1	9
1636	1	8
1637	1	4
1638	0	7
1639	1	9
1640	2	8
1641	0	5
1642	0	7
1643	0	9
1644	2	6
1645	1	8
1646	2	4
1647	3	10
1648	1	10
1649	2	9
1650	1	6
1651	3	7
1652	1	5
1653	1	6
1654	1	5
1655	1	4
1656	2	6
1657	2	7
1658	1	5
1659	1	10
1660	1	4
1661	3	8
1662	0	3
1663	1	3
1664	3	4
1665	1	8
1666	2	9
1667	1	7
1668	2	3
1669	0	5
1670	1	6
1671	1	1
1672	2	7
1673	0	3
1674	1	4
1675	2	5
1676	1	9
1677	1	7
1678	1	8
1679	0	5
1680	2	7
1681	0	16
1682	3	2
1683	3	2
1684	0	5
1685	1	4
1686	3	6
1687	3	7
1688	1	6
1689	5	5
1690	1	5
1691	0	9
1692	0	5
1693	2	6
1694	1	5
1695	1	4
1696	6	5
1697	2	4
1698	0	9
1699	3	9
1700	1	9
1701	0	5
1702	4	2
1703	2	4
1704	2	7
1705	2	4
1706	3	8
1707	4	13
1708	0	4
1709	2	11
1710	1	5
1711	1	2
1712	1	6
1713	0	6
1714	2	5
1715	3	8
1716	3	5
1717	1	6
1718	1	7
1719	0	10
1720	0	5
1721	0	11
1722	1	5
1723	4	8
1724	1	7
1725	1	7
1726	2	6
1727	1	7
1728	0	5
1729	2	8
1730	0	4
1731	0	2
1732	1	4
1733	0	2
1734	2	2
1735	0	4
1736	2	7
1737	6	3
1738	3	7
1739	4	7
1740	3	1
1741	0	6
1742	3	5
1743	3	7
1744	1	4
1745	1	6
1746	3	4
1747	1	8
1748	1	6
1749	0	4
1750	3	8
1751	0	4
1752	1	4
1753	0	6
1754	1	2
1755	0	9
1756	1	4
1757	1	8
1758	0	10
1759	2	10
1760	1	6
1761	1	4
1762	2	8
1763	1	5
1764	0	7
1765	0	5
1766	0	10
1767	2	15
1768	1	9
1769	2	7
1770	1	11
1771	1	11
1772	2	3
1773	0	14
1774	1	8
1775	1	13
1776	1	5
1777	0	5
1778	3	7
1779	0	8
1780	1	5
1781	0	6
1782	2	7
1783	1	8
1784	0	9
1785	2	10
1786	0	6
1787	0	1
1788	2	7
1789	1	5
1790	1	9
1791	0	7
1792	1	4
1793	0	5
1794	1	7
1795	0	11
1796	3	13
1797	1	11
1798	2	7
1799	1	9
1800	1	7
1801	2	7
1802	2	10
1803	1	11
1804	4	11
1805	2	5
1806	3	6
1807	0	5
1808	0	9
1809	3	6
1810	0	14
1811	1	5
1812	2	5
1813	4	7
1814	3	10
1815	1	14
1816	3	9
1817	1	4
1818	2	7
1819	1	7
1820	7	7
1821	3	3
1822	2	3
1823	4	5
1824	5	4
1825	1	10
1826	3	5
1827	5	4
1828	4	7
1829	0	9
1830	4	5
1831	1	9
1832	2	6
1833	1	14
1834	2	6
1835	0	5
1836	0	11
1837	1	9
1838	1	11
1839	3	9
1840	0	6
1841	1	3
1842	2	12
1843	0	4
1844	1	6
1845	2	7
1846	1	10
1847	1	11
1848	0	14
1849	0	8
1850	2	9
1851	3	9
1852	2	9
1853	2	8
1854	4	8
1855	1	7
1856	1	7
1857	1	10
1858	1	8
1859	0	3
1860	3	7
1861	3	5
1862	1	4
1863	1	3
1864	1	3
1865	3	7
1866	2	5
1867	2	6
1868	0	6
1869	1	7
1870	2	2
1871	1	10
1872	1	8
1873	0	2
1874	1	1
1875	1	7
1876	4	4
1877	0	9
1878	2	9
1879	1	6
1880	2	4
1881	2	3
1882	0	2
1883	0	11
1884	1	6
1885	0	10
1886	0	5
1887	2	5
1888	1	5
1889	4	10
1890	0	5
1891	2	11
1892	2	12
1893	0	5
1894	3	6
1895	2	4
1896	2	5
1897	2	5
1898	1	2
1899	2	4
1900	0	3
1901	1	6
1902	1	7
1903	0	3
1904	1	9
1905	6	7
1906	1	9
1907	2	5
1908	4	6
1909	2	9
1910	2	8
1911	3	8
1912	1	5
1913	3	4
1914	3	3
1915	0	2
1916	0	8
1917	0	6
1918	0	5
1919	4	9
1920	1	3
1921	2	5
1922	0	4
1923	5	4
1924	0	3
1925	1	4
1926	2	4
1927	1	4
1928	3	5
1929	1	7
1930	3	5
1931	2	1
1932	4	5
1933	1	7
1934	0	6
1935	0	8
1936	2	3
1937	0	7
1938	2	10
1939	4	7
1940	3	7
1941	2	2
1942	2	4
1943	1	5
1944	1	5
1945	0	4
1946	0	2
1947	0	1
1948	6	8
1949	0	7
1950	1	8
1952	1	7
1953	3	6
1954	4	7
1955	2	0
1956	0	6
1957	1	4
1958	3	4
1959	1	3
1960	6	6
1961	7	5
1962	2	8
1963	1	4
1964	3	4
1965	3	3
1966	0	10
1967	1	6
1968	3	6
1969	1	9
1970	2	10
1971	0	6
1972	0	8
1973	1	9
1974	1	4
1975	3	5
1976	1	7
1977	2	5
1978	1	6
1979	1	7
1980	1	3
1981	2	6
1982	1	5
1983	2	5
1984	2	3
1985	2	7
1986	1	8
1987	2	6
1988	5	6
1989	2	4
1990	3	7
1991	1	10
1992	1	8
1993	2	3
1994	5	2
1995	3	3
1996	2	4
1997	1	4
1998	2	6
1999	2	5
2000	0	2
2001	1	9
2002	0	4
2003	0	9
2004	3	8
2005	0	4
2006	0	8
2007	2	10
2008	0	3
2009	3	4
2010	0	3
2011	3	6
2012	1	7
2013	1	4
2014	1	15
2015	0	5
2016	2	7
2017	2	1
2018	1	10
2019	1	3
2020	0	3
2021	2	8
2022	1	7
2023	2	5
2024	3	5
2025	0	10
2026	0	7
2027	1	4
2028	2	10
2029	1	5
2030	0	7
2031	0	4
2032	4	5
2033	4	2
2034	1	3
2035	1	5
2036	1	6
2037	0	2
2038	3	7
2039	1	6
2040	0	9
2041	2	9
2042	0	3
2043	2	5
2044	2	9
2045	1	5
2046	3	8
2047	1	5
2048	2	8
2049	4	5
2050	0	4
2051	1	6
2052	3	5
2053	1	8
2054	3	4
2055	4	6
2056	2	9
2057	0	8
2058	2	4
2059	0	8
2060	0	2
2061	0	7
2062	1	3
2063	0	4
2064	1	2
2065	2	8
2066	1	9
2067	1	1
2068	0	3
2069	3	6
2070	6	2
2071	1	5
2072	2	9
2073	2	2
2074	1	6
2075	1	4
2076	3	3
2077	2	6
2078	0	6
2079	2	6
2080	2	4
2081	4	8
2082	1	11
2083	2	7
2084	1	10
2085	3	2
2086	0	9
2087	2	2
2088	1	6
2089	1	7
2090	0	6
2091	2	3
2092	1	5
2093	1	5
2094	3	6
2095	1	5
2096	1	3
2097	3	7
2098	0	7
2099	5	5
2100	1	7
2101	0	3
2102	1	4
2103	1	4
2104	0	5
2105	1	9
2106	1	4
2107	1	11
2108	0	3
2109	2	8
2110	1	8
2111	0	5
2112	4	6
2113	1	5
2114	3	7
2115	4	4
2116	0	5
2117	1	5
2118	0	7
2119	1	6
2120	4	8
2121	2	6
2122	1	8
2123	1	6
2124	2	6
2125	3	5
2126	1	2
2127	4	4
2128	2	3
2129	4	5
2130	1	8
2131	2	7
2132	0	7
2133	1	1
2134	0	6
2135	0	5
2136	0	9
2137	0	11
2138	0	7
2139	1	8
2140	0	5
2141	0	6
2142	1	8
2143	0	8
2144	2	7
2145	0	6
2146	2	4
2147	0	11
2148	0	11
2149	2	7
2150	2	6
2151	1	8
2152	0	6
2153	0	7
2154	1	4
2155	0	6
2156	0	8
2157	1	8
2158	2	11
2159	2	5
2160	1	7
2161	0	10
2162	1	12
2163	0	11
2164	0	10
2165	2	3
2166	0	9
2167	1	9
2168	0	10
2169	0	10
2170	0	10
2171	0	5
2172	0	11
2173	1	8
2174	0	12
2175	0	13
2176	0	10
2177	2	9
2178	0	6
2179	0	9
2180	0	10
2181	1	8
2182	0	6
2183	1	8
2184	0	7
2185	0	7
2186	1	6
2187	0	5
2188	1	10
2189	0	8
2190	2	7
2191	3	7
2192	2	7
2193	0	9
2194	1	6
2195	0	3
2196	0	5
2197	5	7
2198	5	2
2199	1	6
2200	0	5
2201	0	7
2202	1	2
2203	1	0
2204	2	4
2205	2	2
2206	1	2
2207	1	7
2208	2	3
2209	0	3
2210	0	6
2211	0	4
2212	0	5
2213	1	8
2214	1	5
2215	0	9
2216	0	4
2217	1	3
2218	0	4
2219	0	7
2220	0	5
2221	1	5
2222	1	5
2223	1	7
2224	0	6
2225	0	5
2226	0	6
2227	2	9
2228	0	4
2229	0	3
2230	0	3
2231	0	5
2232	0	4
2233	0	2
2234	1	1
2235	5	4
2236	3	4
2237	3	2
2238	1	3
2239	1	5
2240	0	2
2241	2	5
2242	0	8
2243	0	3
2244	0	9
2245	0	3
2246	4	3
2247	3	2
2248	4	4
2249	3	0
2250	5	1
2251	7	1
2252	3	0
2253	3	3
2254	7	0
2255	1	0
2256	7	1
2257	5	1
2258	2	0
2259	5	1
2260	8	1
2261	1	1
2262	7	5
2263	4	2
2264	2	1
2265	3	2
2266	4	2
2267	3	2
2268	2	2
2269	8	1
2270	4	1
2271	5	2
2272	3	2
2273	0	6
2274	0	5
2275	0	3
2276	1	7
2277	0	10
2278	1	3
2279	1	6
2280	0	4
2281	0	3
2282	2	6
2283	1	8
2284	0	5
2285	0	6
2286	0	6
2287	1	4
2288	0	5
2289	0	3
2290	2	8
2291	0	8
2292	0	2
2293	0	5
2294	1	6
2295	2	8
2296	1	0
2297	0	4
2298	0	4
2299	2	7
2300	0	5
2301	1	7
2302	0	4
2303	2	6
2304	0	5
2305	1	8
2306	0	2
2307	0	8
2308	2	4
2309	0	5
2310	0	8
2311	2	6
2312	0	2
2313	1	10
2314	1	8
2315	3	11
2316	1	3
2317	2	8
2318	1	6
2319	0	2
2320	0	2
2321	0	7
2322	0	4
2323	0	4
2324	2	4
2325	10	3
2326	1	8
2327	3	6
2328	0	5
2329	3	8
2330	0	7
2331	1	6
2332	0	6
2333	0	9
2334	0	7
2335	2	5
2336	5	1
2337	3	5
2338	5	4
2339	0	7
2340	0	10
2341	1	2
2342	0	8
2343	1	2
2344	2	4
2345	0	6
2346	1	2
2347	1	7
2348	0	2
2349	1	4
2350	0	8
2351	3	7
2352	1	3
2354	0	1
2355	2	1
2356	1	8
2357	2	8
2358	0	11
2359	1	5
2360	0	8
2361	1	5
2362	3	6
2363	0	6
2364	0	6
2365	1	2
2366	1	5
2367	0	7
2368	7	5
2369	0	7
2370	1	7
2371	1	11
2372	0	4
2373	0	4
2374	2	11
2375	0	6
2376	0	6
2377	0	4
2378	0	5
2379	0	7
2380	1	8
2381	0	7
2382	1	4
2383	1	9
2384	1	12
2385	0	13
2386	1	10
2387	1	12
2388	3	6
2389	2	10
2390	0	9
2391	1	7
2392	0	3
2393	5	4
2394	1	6
2395	3	6
2396	1	5
2397	1	3
2398	0	5
2399	0	13
2400	0	5
2401	1	7
2402	0	5
2403	1	8
2404	0	6
2405	0	11
2406	1	4
2407	2	5
2408	3	5
2409	3	6
2410	2	3
2411	0	7
2412	0	8
2413	0	15
2414	1	5
2415	1	5
2416	1	7
2417	0	6
2418	1	13
2419	0	14
2420	3	14
2421	1	10
2422	2	6
2423	0	7
2424	1	7
2425	0	4
2426	0	4
2427	0	8
2428	0	10
2429	1	6
2430	0	4
2431	0	9
2432	0	15
2433	1	9
2434	1	9
2435	1	11
2436	0	10
2437	2	10
2438	0	10
2439	1	10
2440	0	8
2441	0	12
2442	0	10
2443	1	6
2444	1	5
2445	0	3
2446	0	6
2447	0	5
2448	1	5
2449	0	6
2450	0	5
2451	1	8
2452	1	6
2453	0	6
2454	1	5
2455	1	0
2456	1	4
2457	1	6
2458	0	5
2459	0	2
2460	0	4
2461	1	5
2462	3	3
2463	3	4
2464	1	6
2465	3	10
2466	0	12
2467	3	7
2468	2	9
2469	3	4
2470	4	2
2471	0	6
2472	1	3
2473	1	4
2474	2	8
2475	0	8
2476	0	5
2477	0	8
2478	0	4
2479	1	6
2480	1	5
2481	0	4
2482	1	9
2483	0	3
2484	1	5
2485	0	6
2486	0	7
2487	0	3
2488	0	2
2489	2	9
2490	0	8
2491	5	9
2492	0	4
2493	2	6
2494	0	8
2495	1	4
2496	2	5
2497	1	5
2498	0	3
2499	2	10
2500	2	8
2501	0	8
2502	0	5
2503	1	6
2504	0	6
2505	0	3
2506	1	15
2507	0	6
2508	1	13
2509	2	4
2510	0	14
2511	3	11
2512	0	7
2513	1	12
2514	0	2
2515	4	6
2516	6	2
2517	1	7
2518	1	8
2519	1	6
2520	1	3
2521	1	3
2522	0	6
2523	5	11
2524	1	1
2525	0	9
2526	2	5
2527	2	3
2528	0	5
2529	1	3
2530	0	7
2531	1	6
2532	1	5
2533	2	11
2534	0	6
2535	1	4
2536	0	7
2537	1	3
2538	1	5
2539	0	3
2540	2	5
2541	3	3
2542	4	5
2543	3	5
2544	0	10
2545	1	4
2546	1	10
2547	4	4
2548	1	7
2549	0	4
2550	1	6
2551	3	6
2552	3	2
2553	0	7
2554	1	4
2555	3	8
2556	0	5
2557	0	3
2558	0	8
2559	1	8
2560	0	7
2561	2	4
2562	1	5
2563	4	4
2564	6	5
2565	0	3
2566	0	4
2567	1	3
2568	1	9
2569	0	8
2570	0	6
2571	4	7
2572	0	7
2573	2	3
2574	5	3
2575	2	6
2576	4	5
2577	2	5
2578	0	3
2579	0	4
2580	3	3
2581	5	4
2582	1	5
2583	0	5
2584	0	4
2585	0	7
2586	1	4
2587	2	7
2588	0	9
2589	0	4
2590	1	5
2591	0	5
2592	0	9
2593	0	1
2594	1	8
2595	0	7
2596	1	9
2597	0	6
2598	0	9
2599	2	3
2600	1	6
2601	3	4
2602	1	3
2603	2	6
2604	3	7
2605	0	11
2606	3	10
2607	0	3
2608	1	4
2609	0	5
2610	0	5
2611	2	5
2612	1	8
2613	3	2
2614	0	8
2615	2	10
2616	1	8
2617	1	6
2618	1	5
2619	1	7
2620	0	3
2621	1	3
2622	0	4
2623	1	5
2624	0	8
2625	0	5
2626	0	4
2627	2	8
2628	0	7
2629	0	7
2630	1	8
2631	1	9
2632	1	10
2633	0	3
2634	0	8
2635	0	1
2636	1	6
2637	1	9
2638	0	3
2639	0	9
2640	0	3
2641	0	6
2642	0	8
2643	0	4
2644	0	1
2645	1	10
2646	0	4
2647	0	4
2648	0	3
2649	0	8
2650	1	6
2651	2	6
2652	0	6
2653	1	7
2654	2	6
2655	0	5
2656	0	10
2657	1	6
2658	0	6
2659	4	7
2660	1	3
2661	2	4
2662	0	3
2663	0	8
2664	0	4
2665	0	6
2666	0	7
2667	1	1
2668	0	5
2669	0	4
2670	1	6
2671	1	3
2672	0	3
2673	0	6
2674	0	10
2675	0	9
2676	1	6
2677	1	12
2678	1	8
2679	0	4
2680	0	5
2681	0	4
2682	0	4
2683	1	3
2684	0	6
2685	1	6
2686	1	6
2687	1	7
2688	1	8
2689	3	4
2690	1	6
2692	1	3
2693	0	4
2694	0	4
2695	3	7
2696	0	15
2697	1	6
2698	1	8
2699	1	3
2700	0	7
2701	0	5
2702	1	7
2703	1	3
2704	0	4
2705	1	9
2706	1	6
2707	1	8
2708	1	1
2709	0	5
2710	2	7
2711	0	3
2712	5	4
2713	3	9
2714	0	7
2715	3	8
2716	0	6
2717	1	4
2718	0	3
2719	2	3
2720	1	6
2721	2	6
2722	1	7
2723	1	11
2724	0	8
2725	0	10
2726	0	11
2727	0	4
2728	0	6
2729	1	10
2730	1	6
2731	2	8
2732	1	5
2733	2	5
2734	1	10
2735	3	6
2736	0	10
2737	0	8
2738	1	9
2739	0	6
2740	1	10
2741	0	6
2742	0	7
2743	1	5
2744	0	8
2745	0	8
2746	0	7
2747	1	3
2748	0	6
2749	0	5
2750	0	9
2751	0	7
2752	0	6
2753	0	11
2754	2	12
2755	0	14
2756	0	8
2757	0	4
2758	0	5
2759	0	9
2760	0	9
2761	2	10
2762	0	8
2763	0	6
2764	1	13
2765	1	11
2766	0	11
2767	1	6
2768	1	8
2769	1	2
2770	0	7
2771	4	4
2772	3	3
2773	3	4
2774	0	2
2775	2	9
2776	0	6
2777	1	7
2778	1	11
2779	1	10
2780	0	4
2781	2	12
2782	1	10
2783	1	3
2784	1	10
2785	1	5
2786	1	9
2787	4	6
2788	0	6
2789	3	8
2790	4	6
2791	3	3
2792	1	6
2793	1	9
2794	0	12
2795	2	6
2796	1	11
2797	1	5
2798	0	6
2799	0	7
2800	3	4
2801	1	3
2802	0	7
2803	4	13
2804	2	8
2805	1	5
2806	0	7
2807	0	6
2808	2	5
2809	1	8
2810	1	5
2811	0	6
2812	0	1
2813	0	5
2814	0	6
2815	1	7
2816	1	8
2817	1	5
2818	2	5
2819	1	5
2820	1	3
2821	0	3
2822	0	4
2823	1	5
2824	1	11
2825	1	4
2826	1	3
2827	2	7
2828	0	5
2829	0	6
2830	3	3
2831	0	8
2832	0	10
2833	3	4
2834	2	11
2835	0	6
2836	2	8
2837	0	8
2838	0	7
2839	0	6
2840	0	8
2841	1	6
2842	1	6
2843	0	10
2844	1	8
2846	4	3
2847	0	3
2848	0	5
2849	1	2
2850	1	8
2851	2	8
2852	0	5
2853	0	3
2854	0	5
2855	0	4
2856	0	7
2857	0	5
2858	0	7
2859	1	12
2860	0	8
2861	0	6
2862	1	6
2863	0	6
2864	1	3
2865	0	5
2866	0	7
2867	2	5
2868	2	7
2869	3	3
2870	0	7
2871	1	4
2872	2	9
2873	0	3
2874	1	10
2875	2	4
2876	4	4
2877	2	1
2878	2	8
2879	1	8
2880	1	5
2881	1	8
2882	0	2
2883	2	3
2884	1	5
2885	0	7
2886	1	4
2887	1	7
2888	0	4
2889	0	7
2890	1	5
2891	1	4
2892	0	5
2893	2	2
2894	3	14
2895	4	7
2896	1	9
2897	0	6
2898	1	7
2899	0	7
2900	1	6
2901	0	6
2902	0	2
2903	0	6
2904	1	11
2905	1	10
2906	0	12
2907	1	5
2908	0	7
2909	3	4
2910	1	6
2911	1	9
2912	1	8
2913	2	6
2914	0	6
2915	0	6
2916	0	8
2917	0	6
2918	1	9
2919	1	12
2920	1	6
2921	1	8
2922	2	5
2923	2	11
2924	1	5
2925	0	12
2926	1	7
2927	0	3
2928	0	11
2929	1	8
2930	1	7
2931	2	10
2932	0	6
2933	3	9
2934	0	6
2935	2	8
2936	0	6
2937	2	6
2938	2	2
2939	3	10
2940	0	6
2941	0	5
2942	2	8
2943	4	5
2944	1	3
2945	3	4
2946	0	10
2947	0	6
2948	0	4
2949	1	3
2950	1	4
2951	0	14
2952	1	5
2953	0	3
2954	0	2
2955	1	7
2956	5	5
2957	1	3
2958	2	8
2959	1	5
2960	1	7
2961	1	4
2962	1	9
2963	0	4
2964	0	4
2965	1	1
2966	0	6
2967	0	6
2968	0	7
2969	2	5
2970	0	3
2971	1	5
2972	0	5
2973	0	4
2974	0	1
2975	0	4
2976	0	4
2977	0	10
2978	1	9
2979	3	14
2980	0	7
2981	0	10
2982	1	4
2983	0	9
2984	2	11
2985	3	10
2986	0	6
2987	0	11
2988	1	11
2989	0	6
2990	0	8
2991	1	9
2992	1	3
2993	1	11
2994	1	10
2995	1	13
2996	1	6
2997	0	8
2998	1	4
2999	1	10
3000	0	6
3001	1	6
3002	0	6
3003	1	9
3004	0	2
3005	3	5
3006	0	8
3007	1	9
3008	0	7
3009	0	4
3010	3	2
3011	0	7
3012	0	12
3013	0	7
3014	0	3
3015	2	11
3016	0	9
3017	0	3
3018	0	9
3019	2	11
3020	0	4
3021	0	13
3022	1	9
3023	0	6
3024	0	7
3025	2	9
3026	6	3
3027	1	6
3028	0	3
3029	0	5
3030	1	3
3031	0	11
3032	0	7
3033	0	6
3034	1	3
3035	1	6
3036	1	4
3037	0	7
3038	1	9
3039	0	3
3040	1	4
3041	0	10
3042	0	11
3043	0	9
3044	1	11
3045	1	7
3046	0	6
3047	2	9
3048	0	7
3049	2	6
3050	0	2
3051	0	8
3052	1	5
3053	0	2
3054	0	4
3055	0	5
3056	1	5
3057	2	5
3058	0	5
3059	2	3
3060	2	6
3061	0	4
3062	0	3
3063	2	4
3064	1	0
3065	0	4
3066	1	7
3067	1	5
3068	0	6
3069	0	3
3070	0	6
3071	2	5
3072	0	6
3073	4	10
3074	1	3
3075	0	7
3076	1	6
3077	0	4
3078	1	3
3079	0	5
3080	0	5
3081	1	2
3082	0	7
3083	1	3
3084	0	6
3085	1	5
3086	0	3
3087	3	5
3088	1	8
3089	1	3
3090	0	7
3091	0	7
3092	0	7
3093	1	7
3094	0	4
3095	0	8
3096	0	7
3097	0	6
3098	3	4
3099	2	4
3100	0	5
3101	2	4
3102	0	6
3103	1	4
3104	3	5
3105	1	5
3106	1	6
3107	0	4
3108	3	8
3109	0	5
3110	0	4
3111	0	6
3112	0	5
3113	4	6
3114	2	6
3115	2	8
3116	1	8
3117	0	10
3118	1	7
3119	1	4
3120	0	6
3121	1	7
3122	1	8
3123	0	8
3124	0	4
3125	1	8
3126	2	7
3127	3	8
3128	1	8
3129	0	3
3130	0	10
3131	0	8
3132	1	8
3133	2	7
3134	1	5
3135	0	8
3136	4	13
3137	0	6
3138	0	9
3139	1	11
3140	0	5
3141	0	6
3142	0	5
3143	0	2
3144	0	7
3145	0	5
3146	4	5
3147	3	5
3148	0	9
3149	1	7
3150	1	5
3151	2	0
3152	3	7
3153	6	5
3154	3	7
3155	0	8
3156	0	8
3157	0	5
3158	2	5
3159	0	5
3160	1	10
3161	1	6
3162	1	2
3163	1	5
3164	3	3
3165	3	7
3166	0	5
3167	1	6
3168	0	8
3169	2	9
3170	0	3
3171	0	7
3172	0	17
3173	1	12
3174	2	7
3175	1	5
3176	1	4
3177	1	5
3178	0	3
3179	0	3
3180	0	5
3181	1	9
3182	0	7
3183	1	4
3184	0	1
3185	0	3
3186	1	10
3187	1	7
3188	2	8
3189	0	8
3190	0	5
3191	0	5
3192	0	2
3193	2	5
3194	1	5
3195	3	7
3196	1	4
3197	0	12
3198	0	8
3199	0	7
3200	0	7
3201	0	6
3202	2	6
3203	0	8
3204	0	2
3205	1	2
3206	1	8
3207	0	4
3208	1	3
3209	0	1
3210	1	7
3211	0	9
3212	2	10
3213	0	4
3214	0	9
3215	1	6
3216	1	9
3217	0	4
3218	0	5
3219	7	7
3220	3	6
3221	2	4
3222	1	7
3223	1	4
3224	0	8
3225	1	10
3226	0	8
3227	1	4
3228	1	4
3229	0	10
3230	1	7
3231	1	8
3232	1	9
3233	1	11
3234	0	5
3235	0	5
3236	0	2
3237	0	9
3238	0	4
3239	1	4
3240	0	4
3241	0	11
3242	2	6
3243	0	6
3244	0	6
3245	0	4
3246	0	3
3247	2	2
3248	0	4
3249	1	7
3250	1	7
3251	2	3
3252	0	6
3253	0	5
3254	0	8
3255	1	3
3256	2	11
3257	0	3
3258	1	5
3259	1	7
3260	1	5
3261	2	3
3262	3	4
3263	2	4
3264	1	5
3265	0	2
3266	0	7
3267	3	2
3268	1	5
3269	3	4
3270	0	9
3271	0	4
3272	2	3
3273	0	5
3274	1	9
3275	2	7
3276	0	2
3277	2	3
3278	1	10
3279	4	5
3280	0	10
3281	0	4
3282	1	2
3283	1	10
3284	1	3
3285	0	6
3286	0	7
3287	1	6
3288	0	3
3289	1	8
3290	0	6
3291	2	5
3292	0	8
3293	0	5
3294	2	3
3295	0	4
3296	0	6
3297	1	6
3298	0	5
3299	0	5
3300	3	6
3301	0	5
3302	2	6
3303	0	5
3304	1	2
3305	4	5
3306	6	3
3307	1	9
3308	3	5
3309	3	8
3310	3	4
3311	1	8
3312	3	3
3313	2	7
3314	2	3
3315	4	2
3316	1	8
3317	0	11
3318	1	4
3319	0	4
3320	0	3
3321	0	10
3322	1	2
3323	1	6
3324	0	8
3325	1	3
3326	0	6
3327	0	4
3328	2	4
3329	2	3
3330	1	4
3331	3	3
3332	2	4
3333	0	5
3334	0	4
3335	2	7
3336	3	4
3337	0	5
3338	2	5
3339	1	8
3340	0	5
3341	0	6
3342	1	1
3343	1	5
3344	2	4
3345	1	7
3346	2	1
3347	2	7
3348	1	3
3349	0	9
3350	1	3
3351	3	8
3352	5	5
3353	0	5
3354	4	5
3355	3	2
3356	3	6
3357	0	5
3358	1	6
3359	0	5
3360	0	5
3361	3	8
3362	3	7
3363	1	6
3364	0	9
3365	1	7
3366	1	9
3367	1	8
3368	1	8
3369	1	6
3370	1	1
3371	1	9
3372	2	7
3373	0	3
3374	2	4
3375	3	8
3376	1	4
3377	0	8
3378	1	2
3379	5	9
3380	2	6
3381	1	1
3382	1	10
3383	0	6
3384	0	9
3385	0	1
3386	1	2
3387	1	13
3388	0	6
3389	2	5
3390	2	9
3391	0	4
3392	0	5
3393	1	8
3394	5	8
3395	0	2
3396	0	9
3397	1	6
3398	1	6
3399	0	5
3400	0	6
3401	1	9
3402	0	7
3403	1	7
3404	0	5
3405	0	8
3406	1	5
3407	8	2
3408	2	9
3409	0	7
3410	2	4
3411	0	5
3412	1	5
3413	2	9
3414	0	12
3415	0	5
3416	0	6
3417	0	12
3418	1	9
3419	1	14
3420	1	9
3421	1	11
3422	1	12
3423	0	8
3424	0	9
3425	2	7
3426	2	3
3427	0	6
3428	0	8
3429	1	7
3430	2	7
3431	2	8
3432	0	7
3433	0	10
3434	0	11
3435	1	8
3436	0	4
3437	1	12
3438	0	2
3439	2	7
3440	2	6
3441	0	12
3442	0	7
3443	0	12
3444	1	6
3445	2	5
3446	1	3
3447	2	11
3448	0	6
3449	0	7
3450	1	11
3451	2	5
3452	0	11
3453	0	9
3454	0	6
3455	1	9
3456	0	6
3457	0	12
3458	2	5
3459	6	7
3460	0	12
3461	0	8
3462	1	7
3463	0	8
3464	0	5
3465	0	5
3466	0	6
3467	0	2
3468	6	6
3469	0	4
3470	0	4
3471	3	9
3472	0	7
3473	0	4
3474	1	10
3475	1	5
3476	2	7
3477	2	4
3478	1	5
3479	1	6
3480	0	4
3481	2	6
3482	0	2
3483	1	10
3484	0	3
3485	0	3
3486	2	2
3487	4	12
3488	1	6
3489	0	8
3490	1	5
3491	1	7
3492	1	12
3493	2	3
3494	2	9
3495	2	11
3496	0	9
3497	2	11
3498	1	7
3499	0	3
3500	0	8
3501	1	6
3502	1	5
3503	2	4
3504	2	10
3505	1	5
3506	0	3
3507	0	3
3508	4	5
3509	1	4
3510	1	3
3511	0	5
3512	0	7
3513	0	6
3514	0	6
3515	2	7
3516	0	6
3517	1	4
3518	2	9
3519	2	4
3520	0	3
3521	0	3
3522	0	8
3523	3	7
3524	2	3
3525	3	5
3526	2	8
3527	2	7
3528	2	9
3529	1	8
3530	6	6
3531	7	3
3532	1	5
3533	0	4
3534	1	2
3535	0	2
3536	0	7
3537	2	6
3538	0	7
3539	3	7
3540	0	7
3541	0	5
3542	0	4
3543	1	3
3544	0	4
3545	4	2
3546	0	1
3547	1	5
3548	2	7
3549	3	10
3550	1	8
3551	1	9
3552	4	6
3553	0	2
3554	1	7
3555	0	17
3556	1	4
3557	0	7
3558	0	3
3559	0	3
3560	0	4
3561	2	4
3562	0	4
3563	0	5
3564	1	7
3565	1	10
3566	4	7
3567	2	6
3568	1	6
3569	1	7
3570	1	11
3571	1	4
3572	1	7
3573	1	4
3574	0	9
3575	2	6
3576	1	4
3577	11	6
3578	2	7
3579	2	10
3580	1	4
3581	1	4
3582	0	6
3583	1	3
3584	0	5
3585	0	5
3586	0	6
3587	0	4
3588	1	7
3589	1	3
3590	1	7
3591	0	4
3592	0	10
3593	0	4
3594	0	3
3595	1	7
3596	0	7
3597	0	11
3598	1	12
3599	2	8
3600	1	14
3601	0	6
3602	0	4
3603	0	8
3604	0	3
3605	1	4
3606	1	3
3607	0	3
3608	1	1
3609	0	7
3610	0	7
3611	0	6
3612	0	10
3613	0	2
3614	0	9
3615	1	5
3616	1	7
3617	0	1
3618	0	7
3619	1	8
3620	1	3
3621	2	2
3622	0	2
3623	0	7
3624	0	3
3625	0	3
3626	1	8
3627	2	3
3628	0	13
3629	2	3
3630	0	2
3631	1	7
3632	0	8
3633	0	6
3634	0	6
3635	0	9
3636	1	6
3637	0	6
3638	0	5
3639	1	6
3640	2	4
3641	1	5
3642	1	5
3643	0	9
3644	0	6
3645	1	6
3646	0	6
3647	0	7
3648	2	4
3649	1	3
3650	0	9
3651	0	6
3652	0	5
3653	0	5
3654	1	4
3655	0	2
3656	0	3
3657	0	7
3658	0	5
3659	0	6
3660	1	4
3661	2	8
3662	1	5
3663	1	4
3664	1	9
3665	1	3
3666	0	7
3667	0	10
3668	0	6
3669	3	4
3670	0	6
3671	1	8
3672	0	6
3673	1	4
3674	1	8
3675	1	7
3676	1	2
3677	3	12
3678	0	7
3679	2	8
3680	2	7
3681	1	3
3682	5	8
3683	5	4
3684	0	4
3685	1	7
3686	1	6
3688	3	2
3689	1	3
3690	1	5
3691	0	2
3692	4	6
3693	2	4
3694	0	7
3695	0	9
3696	0	9
3697	1	8
3698	0	5
3699	0	12
3700	0	5
3701	0	5
3702	2	5
3703	0	6
3704	1	7
3705	0	8
3706	1	2
3707	7	7
3708	2	5
3709	0	5
3710	0	3
3711	2	2
3712	2	5
3713	7	8
3714	0	5
3715	0	5
3716	0	4
3717	2	7
3718	0	5
3719	3	9
3720	1	4
3721	1	7
3722	0	3
3723	2	4
3724	0	5
3725	0	3
3726	1	1
3727	0	4
3728	0	10
3729	2	7
3730	1	7
3731	0	4
3732	0	2
3733	1	11
3734	0	4
3735	2	3
3736	0	5
3737	5	5
3738	1	5
3739	0	9
3740	0	5
3741	1	8
3742	1	4
3743	0	9
3744	0	5
3745	0	8
3746	1	3
3747	2	5
3748	0	5
3749	0	3
3750	2	6
3751	1	10
3752	3	6
3753	4	5
3754	2	7
3755	2	10
3756	0	7
3757	0	9
3758	3	12
3759	0	5
3760	0	8
3761	3	5
3762	1	6
3763	0	8
3764	2	5
3765	0	13
3766	1	10
3767	0	7
3768	0	9
3769	0	4
3770	0	8
3771	1	8
3772	0	9
3773	1	8
3774	2	5
3775	0	6
3776	0	8
3777	1	9
3778	0	4
3779	1	8
3780	1	7
3781	0	9
3782	0	3
3783	1	5
3784	4	7
3785	1	5
3786	5	4
3787	1	6
3788	1	3
3789	1	9
3790	0	3
3791	1	5
3792	1	9
3793	0	3
3794	0	7
3795	4	6
3796	0	2
3797	2	7
3798	1	4
3799	0	5
3800	1	8
3801	1	5
3802	1	5
3803	0	5
3804	1	4
3805	1	2
3806	3	5
3807	0	7
3808	0	9
3809	2	4
3810	0	8
3811	2	7
3812	1	8
3813	0	4
3814	1	6
3815	2	9
3816	0	8
3817	0	10
3818	0	3
3819	1	5
3820	1	11
3821	3	5
3822	1	9
3823	0	7
3824	0	3
3825	2	7
3826	0	8
3827	0	8
3828	2	1
3829	1	8
3830	0	3
3831	0	8
3832	1	12
3833	1	2
3834	1	5
3835	1	5
3836	0	4
3837	0	6
3838	0	8
3839	2	2
3840	1	9
3841	1	7
3842	1	4
3843	0	3
3844	0	4
3845	0	8
3846	0	6
3847	0	4
3848	3	6
3849	2	5
3850	2	5
3851	2	2
3852	0	5
3853	2	8
3854	0	9
3855	0	4
3856	0	5
3857	0	7
3858	0	8
3859	0	6
3860	2	5
3861	2	4
3862	3	5
3863	1	7
3864	0	2
3865	1	6
3866	0	2
3867	0	5
3868	1	5
3869	1	7
3870	0	6
3871	0	4
3872	1	10
3873	1	5
3874	0	10
3875	1	7
3876	0	7
3877	1	10
3878	2	4
3879	0	7
3880	0	2
3881	1	7
3882	0	5
3883	0	3
3884	1	5
3885	0	6
3886	0	2
3887	2	13
3888	1	4
3889	0	4
3890	1	1
3891	1	5
3892	3	9
3893	1	5
3894	1	7
3895	1	2
3896	3	4
3897	2	4
3898	0	1
3899	2	3
3900	1	7
3901	0	5
3902	1	5
3903	0	4
3904	0	8
3905	2	8
3906	0	5
3907	0	5
3908	1	3
3909	0	8
3910	0	5
3911	1	8
3912	0	6
3913	4	10
3914	1	3
3915	0	2
3916	1	5
3917	0	3
3918	0	3
3919	1	7
3920	0	3
3921	1	8
3922	0	3
3923	1	5
3924	1	6
3925	0	5
3926	1	7
3927	1	2
3928	0	4
3929	2	8
3930	1	3
3931	1	4
3932	1	6
3933	0	4
3934	0	7
3935	0	2
3936	1	10
3937	1	3
3938	1	5
3939	2	5
3940	1	2
3941	1	4
3942	2	8
3943	3	6
3944	1	3
3945	0	6
3946	2	1
3947	1	8
3948	1	3
3950	0	8
3951	1	6
3952	0	4
3953	0	3
3954	1	7
3955	0	2
3956	0	3
3957	0	8
3958	2	9
3959	1	5
3960	0	6
3961	1	6
3962	2	2
3963	2	6
3964	2	6
3965	1	7
3966	0	10
3967	3	14
3968	1	8
3969	1	7
3970	2	7
3971	1	4
3972	0	10
3973	2	10
3974	2	7
3975	1	4
3976	0	3
3977	1	8
3978	1	6
3979	0	3
3980	0	2
3981	0	9
3982	0	5
3983	2	5
3984	1	2
3985	0	9
3986	0	4
3987	0	12
3988	3	4
3989	0	11
3990	2	17
3991	0	12
3992	0	10
3993	0	10
3994	0	11
3995	2	6
3996	0	8
3997	0	10
3998	0	8
3999	0	8
4000	2	0
4001	0	4
4002	0	7
4003	1	5
4004	2	5
4005	1	9
4006	0	7
4007	1	10
4008	0	4
4009	0	4
4010	0	2
4011	0	6
4012	0	4
4013	0	5
4014	3	3
4015	3	6
4016	3	10
4017	0	5
4018	0	5
4019	0	3
4020	0	3
4021	2	6
4022	1	7
4023	1	6
4024	0	3
4025	0	4
4026	0	2
4027	0	4
4028	3	1
4029	0	4
4030	1	5
4031	0	6
4032	0	7
4033	1	3
4034	0	2
4035	0	4
4036	0	4
4037	0	4
4038	0	11
4039	0	9
4040	4	4
4041	5	5
4042	1	7
4043	2	4
4044	1	2
4045	0	7
4046	1	10
4047	0	1
4048	1	6
4049	3	7
4050	0	9
4051	0	4
4052	0	8
4053	0	5
4054	1	12
4055	1	6
4056	1	11
4057	0	7
4058	2	15
4059	0	7
4060	1	14
4061	1	9
4062	2	5
4063	1	11
4064	1	5
4065	3	3
4066	0	4
4067	1	12
4068	0	7
4069	1	5
4070	0	6
4071	0	13
4072	3	14
4073	0	12
4074	0	11
4075	0	4
4076	1	11
4077	1	2
4078	2	3
4079	0	10
4080	1	10
4081	1	4
4082	2	10
4083	1	9
4084	1	6
4085	0	9
4086	2	5
4087	2	6
4088	0	3
4089	0	9
4090	2	2
4091	0	7
4092	1	15
4093	2	11
4094	0	8
4095	1	4
4096	0	10
4097	3	5
4098	0	7
4099	2	3
4100	1	3
4101	0	3
4102	0	2
4103	0	8
4104	0	3
4105	0	4
4106	1	9
4107	0	2
4108	1	3
4109	3	4
4110	0	4
4111	0	8
4112	1	9
4113	1	4
4114	0	6
4115	0	3
4116	2	9
4117	1	8
4118	0	9
4119	1	4
4120	2	9
4121	1	3
4122	1	4
4123	1	3
4124	1	4
4125	0	5
4126	1	3
4127	3	8
4128	0	5
4129	1	5
4130	0	7
4131	1	8
4132	1	5
4133	1	9
4134	1	7
4135	1	5
4136	2	6
4137	2	8
4138	2	6
4139	1	14
4140	2	7
4141	0	10
4142	0	5
4143	0	5
4144	0	4
4145	3	3
4146	4	3
4147	3	3
4148	1	6
4149	0	5
4150	0	3
4151	0	11
4152	1	7
4153	0	7
4154	0	9
4155	2	6
4156	2	8
4157	7	3
4158	3	6
4159	0	3
4160	1	13
4161	1	9
4162	2	14
4163	3	6
4164	2	8
4165	1	6
4166	1	3
4167	3	3
4168	1	4
4169	0	15
4170	0	12
4171	1	4
4172	1	5
4173	3	11
4174	3	6
4175	0	12
4176	0	8
4177	0	8
4178	1	11
4179	0	8
4180	0	12
4181	0	7
4182	1	8
4183	0	7
4184	2	9
4185	0	11
4186	2	8
4187	0	10
4188	3	6
4189	0	10
4190	0	3
4191	1	5
4192	1	6
4193	2	7
4194	0	8
4195	0	8
4196	0	6
4197	5	6
4198	3	4
4199	0	12
4200	0	12
4201	1	10
4202	2	4
4203	0	8
4204	1	10
4205	0	11
4206	0	7
4207	2	0
4208	3	9
4209	0	7
4210	0	8
4211	1	6
4212	1	12
4213	1	10
4214	0	11
4215	1	9
4216	1	8
4217	0	8
4218	0	5
4219	1	6
4220	0	7
4221	0	7
4222	0	3
4223	2	6
4224	0	8
4225	0	3
4226	0	6
4227	1	4
4228	0	6
4229	1	4
4230	0	5
4231	2	8
4232	0	2
4233	0	1
4234	1	6
4235	1	9
4236	2	2
4237	7	2
4238	2	4
4239	1	2
4240	0	7
4241	8	8
4242	2	6
4243	0	5
4244	1	6
4245	0	3
4246	1	3
4247	1	8
4248	0	4
4249	1	5
4250	1	5
4251	1	4
4252	0	5
4253	1	7
4254	1	3
4255	0	2
4256	1	8
4257	0	6
4258	1	5
4259	4	5
4260	0	7
4261	1	9
4262	1	5
4263	0	6
4264	1	8
4265	0	6
4266	0	1
4267	0	4
4268	1	5
4269	1	5
4270	1	4
4271	1	4
4272	0	7
4273	0	4
4274	2	9
4275	0	8
4276	0	10
4277	1	5
4278	3	7
4279	0	11
4280	0	11
4281	0	8
4282	4	4
4283	0	3
4284	0	4
4285	5	5
4286	1	8
4287	0	4
4288	2	5
4289	0	5
4290	1	4
4291	0	4
4292	1	9
4293	1	4
4294	1	5
4295	0	7
4296	2	9
4297	1	5
4298	0	7
4299	1	3
4300	2	9
4301	0	3
4302	1	7
4303	1	9
4304	1	6
4305	1	7
4306	0	7
4307	1	3
4308	1	6
4309	0	6
4310	1	3
4311	2	2
4312	2	6
4313	1	5
4314	0	3
4315	0	7
4316	3	2
4317	0	4
4318	2	3
4319	0	8
4320	1	3
4321	2	6
4322	3	8
4323	1	4
4324	1	1
4325	0	4
4326	0	5
4327	1	2
4328	1	3
4329	0	5
4330	0	4
4331	1	4
4332	1	9
4333	0	9
4334	0	2
4335	1	2
4336	0	8
4337	0	5
4338	1	5
4339	0	4
4340	1	9
4341	1	10
4342	0	6
4343	1	6
4344	0	1
4345	1	6
4346	0	4
4347	0	7
4348	1	2
4349	1	4
4350	0	8
4351	2	4
4352	0	7
4353	1	6
4354	3	5
4355	0	8
4356	0	3
4357	1	5
4358	1	7
4359	0	4
4360	2	8
4361	0	3
4362	0	7
4363	1	4
4364	1	2
4365	0	8
4366	0	2
4367	0	7
4368	0	12
4369	0	5
4370	2	15
4371	1	6
4372	0	7
4373	2	6
4374	1	6
4375	0	6
4376	0	3
4377	0	2
4378	0	13
4379	0	10
4380	1	1
4381	4	10
4382	1	4
4383	7	5
4384	2	4
4385	1	3
4386	3	8
4387	2	8
4388	0	7
4389	2	5
4390	3	7
4391	4	7
4392	2	1
4393	0	5
4394	0	5
4395	1	4
4396	0	9
4397	0	6
4398	1	5
4399	0	5
4400	0	6
4401	1	5
4402	1	6
4403	1	1
4404	0	4
4405	0	7
4406	0	1
4407	0	6
4408	0	8
4409	0	3
4410	1	4
4411	0	5
4412	0	5
4413	0	3
4414	0	5
4415	0	5
4416	1	3
4417	3	10
4418	1	8
4419	1	3
4420	0	3
4421	0	3
4422	1	3
4423	0	5
4424	0	10
4425	0	3
4426	1	2
4427	0	9
4428	0	8
4429	6	5
4430	1	6
4431	1	6
4432	2	7
4433	0	10
4434	0	7
4435	0	5
4436	1	5
4437	2	5
4438	0	7
4439	2	5
4440	0	8
4441	0	7
4442	0	7
4443	1	9
4444	0	4
4445	0	5
4446	1	5
4447	0	8
4448	2	3
4449	0	7
4450	1	2
4451	2	11
4452	0	5
4453	0	7
4454	1	7
4455	3	8
4456	0	8
4457	3	7
4458	1	2
4459	1	3
4460	0	2
4461	1	5
4462	1	4
4463	1	7
4464	0	4
4465	1	5
4466	1	1
4468	2	4
4469	1	4
4470	0	2
4471	1	3
4472	0	4
4473	2	8
4474	0	6
4475	0	5
4476	0	5
4477	1	10
4478	0	9
4479	1	6
4480	0	6
4481	1	9
4482	3	2
4483	4	4
4484	2	1
4485	1	13
4486	1	4
4487	2	2
4488	2	8
4489	1	5
4490	1	6
4491	0	6
4492	0	4
4493	2	2
4494	2	10
4495	0	6
4496	0	9
4497	0	4
4498	3	2
4499	0	6
4500	0	9
4501	1	2
4502	2	3
4503	0	5
4504	1	4
4505	2	1
4506	1	5
4507	1	5
4508	1	8
4509	0	5
4510	0	6
4511	2	5
4512	1	7
4513	0	6
4514	1	10
4515	0	4
4516	0	4
4517	0	2
4518	1	7
4519	1	3
4520	2	4
4521	0	5
4522	1	9
4523	0	6
4524	0	8
4525	0	6
4526	0	4
4527	0	4
4528	0	2
4529	0	1
4530	1	3
4531	1	4
4532	1	6
4533	0	6
4534	1	5
4535	1	12
4536	1	5
4537	0	3
4538	0	7
4539	3	5
4540	0	9
4541	0	1
4542	1	6
4543	0	5
4544	0	7
4545	0	4
4546	0	2
4547	1	4
4548	0	4
4549	0	6
4550	0	5
4551	2	6
4552	1	6
4553	0	12
4554	2	6
4555	0	7
4556	1	7
4557	2	8
4558	0	5
4559	0	5
4560	3	6
4561	0	4
4562	0	6
4563	0	4
4564	0	6
4565	0	7
4566	0	5
4567	2	4
4568	0	7
4569	0	3
4570	0	7
4571	3	7
4572	1	7
4573	0	7
4574	0	4
4575	1	2
4576	0	7
4577	4	5
4578	0	10
4579	0	7
4580	1	1
4581	1	9
4582	2	5
4583	1	2
4584	0	4
4585	0	4
4586	0	3
4587	1	5
4588	1	4
4589	5	6
4590	1	4
4591	2	9
4592	2	6
4593	0	8
4594	1	2
4595	0	8
4596	0	6
4597	2	7
4598	0	4
4599	1	5
4600	1	9
4601	1	11
4602	3	5
4603	0	2
4604	0	6
4605	1	3
4606	0	4
4607	0	4
4608	1	4
4609	2	2
4610	1	6
4611	4	7
4612	7	5
4613	3	1
4614	1	9
4615	0	9
4616	1	6
4617	3	10
4618	7	6
4619	3	6
4620	3	6
4621	0	5
4622	2	11
4623	4	11
4624	3	6
4625	5	2
4626	3	3
4627	0	3
4628	0	11
4629	1	6
4630	2	12
4631	0	7
4632	0	10
4633	0	6
4634	3	2
4635	2	5
4636	2	8
4637	1	6
4638	2	8
4639	0	9
4640	0	6
4641	5	6
4642	1	4
4643	4	2
4644	1	6
4645	3	6
4646	0	6
4647	0	7
4648	0	4
4649	0	6
4650	1	4
4651	0	5
4652	1	6
4653	1	4
4654	0	6
4655	0	6
4656	0	3
4657	0	4
4658	0	6
4659	1	4
4660	2	3
4661	0	7
4662	5	6
4663	0	7
4664	4	5
4665	1	7
4666	7	2
4667	2	4
4668	1	5
4669	0	1
4670	0	6
4671	4	6
4672	1	4
4673	0	3
4674	2	9
4675	0	4
4676	3	5
4677	0	6
4678	0	5
4679	0	7
4680	1	3
4681	0	7
4682	2	3
4683	0	11
4684	0	5
4685	1	7
4686	1	9
4687	0	3
4688	3	6
4689	0	7
4690	3	5
4691	0	9
4692	0	6
4693	0	5
4694	0	8
4695	0	7
4696	0	6
4697	1	5
4698	0	7
4699	0	5
4700	1	6
4701	0	6
4702	1	6
4703	1	14
4704	0	7
4705	1	9
4706	1	12
4707	1	9
4708	1	7
4709	0	4
4710	0	6
4711	1	7
4712	0	8
4713	0	6
4714	0	7
4715	1	5
4716	0	5
4717	1	6
4718	2	5
4719	2	5
4720	2	4
4721	0	3
4722	2	3
4723	5	6
4724	0	4
4725	1	9
4726	0	6
4727	2	8
4728	1	3
4729	1	13
4730	2	5
4731	0	3
4732	0	2
4733	0	8
4734	2	8
4735	0	5
4736	1	5
4737	1	7
4738	2	2
4739	0	3
4740	1	8
4741	2	3
4742	4	4
4743	2	10
4744	0	9
4745	0	7
4746	0	6
4747	0	3
4748	3	6
4749	0	9
4750	0	7
4751	0	2
4752	3	5
4753	1	3
4754	0	3
4755	0	3
4756	1	5
4757	0	5
4758	0	7
4759	2	9
4760	0	3
4761	1	2
4762	0	4