1	1	4
2	0	3
3	0	1
4	0	3
5	0	3
6	2	4
7	0	3
8	1	3
9	0	2
10	3	1
11	0	3
12	0	1
13	2	4
14	1	5
15	0	2
16	0	3
17	1	4
18	1	0
19	0	4
20	0	2
21	0	5
22	2	3
23	1	3
24	0	4
25	0	4
26	0	2
27	2	3
28	0	4
29	0	3
30	0	6
31	2	5
32	2	0
33	0	3
34	1	5
35	2	5
36	0	5
37	0	9
38	1	8
39	3	3
40	1	6
41	1	4
42	1	1
43	1	5
44	0	6
45	0	3
46	1	1
47	1	6
48	2	3
49	0	3
50	0	4
51	2	5
52	1	5
53	3	1
54	0	5
55	0	8
56	0	6
57	0	3
58	1	2
59	0	2
60	1	1
61	0	2
62	1	2
63	0	5
64	1	2
65	2	0
66	0	1
67	0	3
69	1	5
70	0	6
71	0	3
72	2	3
73	1	1
74	0	2
75	0	6
76	0	3
77	1	5
78	2	0
79	0	4
80	0	5
81	2	3
82	2	3
83	2	5
84	1	4
85	1	1
86	1	2
87	0	9
88	0	1
89	1	2
90	0	3
91	2	6
92	1	6
93	1	3
95	0	4
96	1	2
97	0	8
98	0	4
99	0	5
100	0	2
101	0	5
102	2	6
103	1	3
104	0	1
105	0	3
106	0	5
107	0	2
108	0	2
109	0	2
110	1	2
111	0	8
112	0	5
113	0	3
114	1	4
115	1	3
116	0	3
118	3	0
119	1	2
121	0	1
122	1	6
123	2	5
124	0	6
126	0	2
127	1	3
128	1	1
129	0	5
130	0	1
131	0	5
132	1	3
133	0	4
134	0	5
135	2	4
136	1	3
138	3	4
139	0	5
140	0	3
141	1	1
142	1	4
143	2	5
144	0	5
145	1	8
146	1	3
147	0	9
148	0	3
149	2	2
150	0	6
151	0	7
152	0	5
153	1	6
154	1	6
155	0	2
156	1	5
157	4	5
158	1	4
159	0	2
160	0	3
161	3	7
162	0	3
163	1	1
164	1	4
165	5	7
166	1	1
167	0	2
168	0	3
169	1	3
170	0	6
171	0	2
172	3	6
173	2	4
174	1	2
175	1	5
176	1	3
177	1	5
178	0	6
179	0	2
180	3	3
181	0	3
182	1	1
183	1	1
184	1	4
185	1	1
186	0	4
187	3	5
188	2	4
189	0	4
190	0	3
191	2	7
192	1	2
193	1	1
194	0	4
195	1	2
196	1	8
197	2	4
198	0	1
199	0	3
200	1	4
201	0	6
202	1	2
203	0	3
204	0	4
205	0	4
206	1	2
207	0	4
208	0	4
209	0	2
210	0	3
211	1	2
212	1	4
213	2	1
214	0	3
215	0	3
216	1	1
217	0	5
218	0	4
219	2	2
220	2	4
221	1	0
222	1	6
223	0	2
224	0	5
225	0	3
226	0	1
227	0	5
228	1	4
229	0	5
230	0	6
231	0	1
232	0	2
233	0	2
234	1	2
235	0	3
236	0	4
237	1	4
238	1	2
239	0	3
240	0	2
241	1	2
242	0	2
243	2	4
244	0	7
245	1	1
246	1	1
247	2	2
248	1	1
249	0	4
250	0	3
251	0	5
252	0	3
253	1	3
254	1	3
255	0	3
256	0	6
257	3	3
258	1	1
259	1	3
260	0	2
261	2	2
262	0	3
263	0	8
264	1	2
265	0	9
266	1	3
267	0	3
268	0	5
269	1	2
270	0	4
271	0	4
272	0	5
273	0	1
274	1	1
275	0	5
276	0	3
277	0	3
278	0	6
279	1	1
280	0	3
281	2	3
282	0	1
283	3	1
284	0	7
285	1	4
286	1	5
287	1	6
288	1	6
290	1	1
291	0	1
292	1	3
293	0	2
294	1	5
295	1	2
296	0	5
297	0	8
298	1	5
299	0	3
300	0	4
301	1	5
302	0	4
303	0	4
304	0	1
305	0	2
306	0	5
307	0	1
308	1	6
309	1	3
310	1	5
311	1	3
312	0	2
313	0	3
314	0	7
315	2	4
316	3	5
317	2	5
318	1	3
319	0	4
320	0	3
321	1	3
322	0	4
323	0	4
324	0	4
325	2	4
326	1	2
327	1	6
328	0	2
329	1	4
330	1	1
331	3	3
332	1	4
333	0	2
334	1	1
335	0	6
336	1	5
337	0	1
338	0	4
339	1	1
340	1	2
341	0	2
342	1	3
343	1	4
344	1	5
345	3	3
346	0	3
347	1	1
348	0	6
349	0	1
350	0	4
351	0	2
352	1	2
353	0	4
354	1	1
355	2	4
356	3	0
357	0	3
358	0	4
359	0	4
360	0	5
361	1	3
362	0	2
363	1	6
364	0	2
365	1	4
366	1	8
368	0	2
369	1	0
370	1	3
371	3	5
372	1	6
373	0	1
374	1	1
375	0	8
376	0	1
377	0	2
378	0	5
379	0	1
380	1	0
381	3	2
382	1	2
383	2	6
384	0	1
385	1	3
386	0	1
387	0	1
388	0	6
389	0	1
390	0	2
391	0	2
393	0	2
394	0	3
395	0	3
396	0	2
397	0	2
398	2	7
399	0	1
400	1	3
401	1	3
402	2	4
403	0	4
404	1	2
405	1	1
406	0	3
407	1	2
408	0	6
409	1	3
410	1	3
411	0	2
412	0	2
413	0	4
414	0	4
415	2	4
416	0	1
417	1	2
418	0	6
419	1	3
420	1	6
421	2	3
422	0	4
423	0	5
424	0	2
425	0	3
426	1	1
428	1	4
429	0	3
430	0	4
431	0	3
432	0	5
433	1	3
434	1	5
435	0	4
436	2	5
437	0	3
438	1	0
439	1	2
440	0	5
441	1	5
442	1	1
443	1	4
444	0	3
445	1	5
446	0	1
447	3	5
448	0	4
449	1	8
450	2	0
451	1	1
452	1	2
453	0	2
454	1	3
455	0	5
456	0	3
457	0	3
458	1	2
459	0	6
460	0	2
461	1	4
462	2	2
463	0	3
464	0	4
465	0	1
466	1	7
467	0	3
468	1	4
469	0	3
470	0	1
471	0	7
472	1	2
473	1	4
474	1	1
475	0	2
476	1	1
477	0	1
478	0	7
479	1	5
480	0	5
481	0	5
482	0	4
483	0	8
484	0	1
485	1	0
486	0	3
487	0	4
488	0	5
489	1	1
490	0	2
491	0	4
492	0	2
493	0	2
494	1	4
495	0	4
496	1	2
497	0	2
498	0	3
499	0	4
500	0	5
501	1	1
502	0	3
503	1	2
504	1	1
505	1	1
506	0	3
507	1	5
508	4	4
509	1	2
510	0	3
511	0	1
512	2	4
513	0	1
514	1	1
515	1	3
516	0	1
517	0	3
518	0	2
519	2	2
520	0	4
521	0	4
522	2	3
523	0	3
524	0	1
525	1	4
526	0	5
527	1	5
528	0	2
529	1	3
530	0	2
531	0	5
532	0	1
533	4	2
534	1	2
535	2	4
536	2	3
537	1	4
538	1	4
539	0	1
540	0	4
541	0	5
542	1	2
543	1	1
544	0	4
545	1	0
546	1	2
547	1	1
548	0	1
549	0	2
550	0	1
551	1	3
552	0	3
553	0	3
554	0	2
555	0	4
556	1	4
557	0	2
558	1	2
559	0	1
560	0	1
561	1	3
562	0	3
563	0	5
564	1	2
568	1	2
569	0	1
570	0	5
571	1	2
572	0	4
573	1	3
574	0	1
575	1	3
576	0	7
577	1	3
578	2	3
579	1	5
580	1	2
581	0	4
582	1	4
583	0	1
584	0	5
585	0	7
586	0	3
587	0	2
588	0	4
589	0	4
590	2	1
591	1	4
592	0	4
593	0	3
594	0	4
595	0	6
596	0	3
597	1	3
598	1	4
599	0	1
600	2	3
601	0	5
602	1	3
603	1	0
604	0	6
605	0	7
606	2	4
607	1	3
608	0	5
609	1	1
610	0	1
611	1	2
612	1	3
614	1	3
615	0	2
616	1	5
617	0	4
618	0	4
619	0	4
620	2	3
621	0	1
623	1	5
624	1	1
625	2	3
626	1	3
627	2	1
628	0	3
629	0	2
630	0	2
631	0	1
632	0	4
633	0	2
634	1	3
635	0	4
636	0	5
637	0	6
638	0	1
639	1	4
640	1	7
641	0	3
642	0	2
643	1	5
644	1	3
645	0	1
646	0	1
648	0	5
649	1	1
650	0	4
651	2	1
652	0	3
653	1	4
654	0	3
655	0	3
656	0	2
657	1	4
658	0	2
659	0	1
660	0	5
661	2	10
662	1	2
663	1	2
664	0	3
665	0	1
666	2	1
667	0	6
668	0	5
669	0	4
670	0	5
672	2	1
673	1	5
674	1	2
675	1	2
676	1	4
677	1	3
678	0	2
679	0	3
680	0	6
681	1	1
682	1	2
683	0	2
684	0	3
686	0	3
687	1	4
688	0	3
689	0	1
690	0	9
691	0	3
692	0	2
693	0	3
694	1	7
695	1	2
696	0	3
697	0	2
698	2	2
699	1	3
700	1	4
701	0	2
702	0	4
703	1	3
704	4	1
705	0	3
706	2	2
707	1	2
709	0	4
710	2	3
711	1	4
712	1	1
713	1	2
714	2	4
715	2	6
716	0	2
717	0	9
718	0	2
719	1	3
720	1	3
721	1	0
722	0	3
723	1	1
724	0	5
725	0	8
726	1	4
727	1	5
728	0	5
729	0	1
730	1	1
731	0	3
732	1	4
733	0	1
734	0	2
735	1	1
736	0	2
737	0	3
738	0	5
740	1	1
741	0	3
742	2	1
743	0	3
744	1	3
745	1	3
746	1	3
748	0	3
749	0	4
750	2	2
751	0	2
752	3	6
753	3	1
755	1	4
756	1	4
757	3	1
758	0	1
759	0	1
760	0	3
761	1	4
762	0	3
763	1	7
764	0	1
765	1	4
766	0	3
767	0	4
768	3	4
769	2	7
770	2	4
771	1	2
772	1	2
773	2	3
774	1	4
775	0	3
776	0	5
777	0	4
778	2	5
779	0	2
780	2	1
781	1	1
782	1	2
783	1	4
784	1	5
785	1	3
786	1	3
787	1	2
788	0	3
789	2	3
790	0	2
791	0	2
792	1	3
793	2	1
794	0	2
795	0	3
796	0	4
797	2	2
798	1	1
799	3	2
800	2	3
801	3	5
802	2	4
803	3	3
804	4	3
805	1	0
806	2	4
807	3	5
808	0	7
809	2	2
810	0	8
811	1	5
812	0	4
813	1	3
814	1	2
815	4	4
816	2	1
817	1	1
818	1	5
819	2	3
820	0	4
821	5	1
822	1	3
823	2	4
824	3	4
825	1	3
826	1	2
827	1	6
828	3	4
829	1	0
830	3	2
831	1	1
832	0	1
833	2	3
834	2	3
835	0	1
836	1	0
837	0	2
838	2	2
839	0	4
840	2	4
841	1	3
842	2	9
843	0	3
844	1	3
845	1	5
846	1	5
847	2	6
848	0	4
849	2	2
850	1	7
851	1	3
852	1	3
853	1	7
854	2	5
855	1	5
856	0	2
857	1	3
858	1	1
859	2	4
860	0	2
861	0	2
862	1	6
863	1	2
864	2	9
865	1	2
866	2	3
867	0	3
868	3	1
869	1	1
870	2	4
871	0	2
872	1	2
873	3	1
874	0	3
875	4	3
876	0	9
877	2	5
878	0	2
879	1	3
880	1	2
881	0	2
882	1	2
883	1	5
884	1	1
885	1	3
886	0	1
887	2	4
888	1	3
889	2	2
890	0	1
891	1	2
892	0	6
893	1	2
894	2	2
895	1	4
896	5	3
897	2	5
898	1	1
899	2	1
900	3	3
901	1	6
902	4	1
903	0	1
904	2	2
905	1	3
906	1	2
907	3	3
908	3	3
909	2	5
910	2	2
911	2	4
912	2	3
913	1	2
914	1	4
915	1	1
916	2	3
917	0	3
918	3	4
919	1	2
920	0	5
921	1	1
922	0	2
923	0	4
924	0	2
925	1	2
926	1	3
927	2	1
928	1	7
929	2	2
930	0	1
931	0	5
932	2	2
933	0	7
934	2	3
935	1	0
936	0	4
937	1	2
938	1	4
939	0	3
940	2	0
941	0	2
943	4	6
944	0	5
945	1	1
946	1	1
947	1	5
948	0	3
949	0	7
950	1	6
951	0	6
952	0	4
953	2	1
954	2	4
955	0	5
956	2	2
957	2	1
958	0	4
959	3	4
960	2	3
961	0	2
962	0	5
963	1	5
964	1	4
965	1	1
966	2	0
967	2	3
968	0	2
969	0	3
970	1	4
972	0	2
973	1	4
974	0	3
975	1	4
976	0	4
977	2	4
978	0	1
979	4	4
980	0	3
981	1	4
982	1	3
983	1	6
984	1	5
985	2	3
986	0	7
987	1	2
988	0	4
989	2	3
990	0	4
991	0	2
992	1	3
993	2	1
994	0	1
995	2	4
996	1	4
997	0	2
998	3	2
999	2	6
1000	2	4
1001	1	0
1002	0	1
1003	2	1
1004	4	3
1005	1	4
1006	0	5
1007	0	2
1008	1	4
1009	0	3
1010	1	1
1011	1	5
1012	1	4
1013	1	4
1014	0	5
1015	0	7
1016	1	5
1017	2	5
1018	1	3
1019	2	3
1020	0	3
1021	2	0
1022	2	4
1023	0	2
1024	0	2
1026	1	6
1027	1	2
1028	2	4
1029	0	3
1030	1	6
1031	3	4
1032	2	2
1033	1	0
1034	0	4
1035	0	3
1036	2	4
1037	1	5
1038	2	1
1039	1	2
1040	0	2
1041	4	5
1042	3	2
1043	0	4
1044	1	1
1045	1	2
1046	1	2
1047	1	3
1048	2	5
1049	0	3
1050	2	6
1051	0	5
1052	2	0
1053	2	4
1054	0	1
1055	1	1
1056	0	2
1057	3	2
1058	1	6
1059	0	2
1060	2	3
1061	2	4
1062	2	4
1063	1	2
1064	3	3
1065	3	4
1066	4	2
1067	2	2
1068	0	3
1069	0	3
1070	2	2
1071	3	4
1072	1	1
1073	2	3
1074	0	4
1075	0	4
1076	0	5
1077	0	4
1078	4	3
1079	0	1
1080	1	3
1081	1	4
1082	0	7
1083	1	2
1084	3	4
1085	1	4
1086	1	1
1087	0	3
1088	1	4
1089	0	8
1090	0	6
1091	2	6
1092	2	4
1093	3	2
1094	0	3
1095	0	4
1096	3	7
1097	5	1
1098	2	6
1099	1	2
1100	2	2
1102	1	1
1103	1	7
1104	2	2
1105	1	4
1106	4	2
1107	2	4
1108	2	2
1109	0	5
1110	0	6
1111	1	3
1112	0	1
1113	1	1
1114	3	0
1115	1	4
1116	1	5
1117	1	5
1118	0	3
1119	1	2
1120	0	3
1121	0	2
1122	0	5
1123	0	2
1124	3	3
1125	2	9
1126	3	3
1127	4	5
1128	0	2
1129	3	4
1130	3	4
1131	1	2
1132	1	1
1133	1	3
1134	0	3
1135	4	2
1136	3	3
1137	0	3
1138	1	2
1139	3	4
1140	0	3
1141	2	2
1142	0	6
1143	1	4
1144	1	4
1145	0	6
1146	1	2
1147	4	1
1148	0	5
1149	0	3
1150	0	2
1151	0	5
1152	1	2
1153	1	4
1154	1	5
1155	0	2
1156	1	5
1157	0	3
1158	3	3
1159	0	3
1160	0	2
1161	2	5
1162	1	5
1163	2	1
1164	2	3
1165	0	5
1166	1	0
1167	1	2
1168	0	3
1169	2	5
1170	6	2
1171	1	2
1172	1	2
1173	0	1
1174	2	1
1175	0	2
1176	3	2
1177	0	2
1178	0	6
1179	0	1
1180	1	5
1181	0	4
1182	1	4
1183	2	5
1184	2	2
1185	0	4
1186	0	3
1187	1	1
1188	1	4
1189	0	1
1190	0	3
1191	0	5
1192	0	1
1193	1	2
1194	0	7
1195	0	1
1196	1	7
1197	1	2
1198	0	2
1199	0	4
1200	2	1
1201	0	2
1202	0	2
1203	2	4
1204	0	1
1205	1	0
1206	2	2
1207	1	3
1208	1	0
1209	1	2
1210	0	5
1211	3	3
1212	3	3
1213	3	2
1214	0	7
1215	1	3
1216	1	4
1217	3	6
1218	0	3
1219	1	2
1220	3	5
1221	4	3
1222	3	5
1223	1	5
1224	0	5
1225	2	5
1226	0	3
1227	3	5
1228	1	4
1229	1	3
1230	4	2
1231	0	6
1232	0	3
1233	0	1
1234	1	3
1235	1	3
1236	2	3
1237	1	2
1238	0	2
1239	1	4
1240	0	4
1241	0	5
1242	1	4
1243	2	5
1244	1	3
1245	1	3
1246	1	6
1247	0	7
1248	0	1
1249	2	2
1250	1	4
1251	1	6
1252	1	2
1253	3	4
1254	1	1
1255	0	3
1256	0	2
1258	0	4
1259	0	4
1260	1	3
1261	3	6
1262	2	1
1263	2	3
1264	0	3
1265	1	1
1266	1	3
1267	1	1
1268	2	2
1269	0	7
1270	0	1
1271	0	3
1272	2	7
1273	1	5
1274	2	4
1275	0	8
1276	1	4
1277	1	2
1278	2	2
1279	1	2
1281	0	5
1282	0	3
1283	4	2
1284	1	4
1285	1	3
1286	1	9
1287	1	5
1288	0	7
1289	2	4
1290	3	2
1291	1	2
1292	2	1
1293	2	2
1294	1	5
1295	0	5
1296	3	2
1297	0	2
1298	3	2
1299	2	3
1300	0	3
1301	3	3
1302	2	0
1303	1	8
1304	0	5
1305	1	3
1306	0	5
1307	1	1
1308	0	4
1309	0	1
1310	4	2
1311	0	5
1312	1	2
1313	0	3
1314	0	4
1315	0	2
1316	1	2
1317	0	1
1318	0	1
1319	2	5
1320	1	2
1321	0	4
1322	0	1
1323	1	6
1324	1	1
1325	4	4
1326	1	2
1327	3	3
1328	0	7
1329	1	1
1330	3	2
1331	1	5
1332	2	1
1333	2	4
1334	1	7
1335	1	0
1336	1	2
1337	1	1
1339	1	2
1340	0	1
1341	0	2
1342	0	4
1343	4	3
1344	0	1
1345	1	2
1346	1	3
1347	3	3
1348	2	3
1349	2	4
1350	2	2
1351	2	2
1352	0	2
1353	1	5
1354	2	5
1355	0	3
1356	2	1
1357	1	0
1358	2	2
1359	1	4
1360	1	4
1361	1	2
1362	1	3
1363	3	4
1364	1	3
1365	2	4
1366	1	5
1367	0	3
1368	1	3
1369	1	6
1370	0	1
1371	1	3
1372	1	2
1373	0	2
1374	0	3
1375	3	0
1376	0	3
1377	1	2
1378	1	2
1379	3	5
1380	0	1
1381	4	1
1382	1	4
1383	1	3
1384	1	1
1385	0	4
1386	0	2
1387	4	2
1388	0	4
1389	2	3
1390	1	1
1391	2	2
1392	2	1
1393	1	4
1394	1	3
1395	2	5
1396	2	5
1397	2	1
1398	1	6
1399	1	5
1400	2	3
1401	0	2
1402	0	6
1403	1	6
1404	1	1
1405	0	1
1406	5	4
1407	4	2
1408	0	3
1409	3	2
1410	1	3
1411	1	4
1412	0	3
1413	3	4
1414	0	3
1415	0	3
1416	1	0
1417	1	3
1418	0	3
1419	0	5
1420	0	1
1421	1	3
1422	2	3
1423	0	4
1424	0	1
1425	2	1
1426	5	1
1427	0	2
1428	3	2
1429	0	2
1430	1	5
1431	0	5
1432	1	3
1434	0	2
1435	0	1
1436	2	1
1437	0	2
1438	1	0
1439	0	2
1440	1	5
1441	1	3
1442	1	3
1443	2	4
1444	1	0
1445	0	5
1446	0	3
1447	5	1
1448	1	2
1449	2	4
1450	2	7
1451	0	3
1452	0	2
1453	2	4
1454	3	6
1455	1	2
1456	2	4
1457	0	2
1458	0	1
1459	5	0
1460	0	1
1461	2	2
1462	2	1
1463	3	5
1464	1	3
1465	1	4
1466	0	4
1467	0	2
1469	0	1
1470	1	3
1471	2	2
1472	1	5
1473	1	1
1474	3	5
1475	1	3
1476	1	0
1477	5	2
1478	1	4
1479	1	2
1480	1	3
1481	2	3
1482	2	1
1484	0	5
1485	0	3
1486	1	9
1487	0	3
1488	1	4
1489	1	4
1490	0	3
1491	2	2
1492	2	3
1493	6	4
1494	1	0
1495	3	1
1496	0	2
1497	1	4
1498	2	5
1499	3	3
1501	1	4
1502	0	6
1503	4	1
1504	3	3
1506	0	2
1508	2	3
1509	3	3
1510	0	4
1511	0	2
1512	1	4
1513	1	1
1514	1	1
1515	1	2
1516	3	3
1517	0	2
1518	2	5
1519	0	2
1520	1	4
1521	1	3
1522	1	2
1523	2	3
1524	2	1
1525	2	0
1526	1	2
1527	1	3
1528	2	1
1529	2	1
1530	2	2
1531	1	2
1532	1	4
1533	0	2
1534	1	5
1535	2	6
1536	0	1
1537	1	1
1538	1	2
1539	0	3
1540	1	3
1541	0	1
1542	0	2
1543	1	1
1544	3	1
1545	3	1
1546	1	2
1547	4	2
1548	1	2
1549	2	1
1550	2	5
1551	1	4
1552	2	3
1553	4	3
1554	3	2
1555	3	1
1556	1	3
1557	2	6
1558	0	7
1559	1	0
1560	1	3
1561	5	4
1562	2	2
1563	2	3
1564	4	2
1565	1	4
1566	1	3
1567	1	3
1568	1	1
1569	2	5
1570	1	3
1571	3	1
1572	2	5
1573	1	0
1574	0	2
1575	2	4
1576	3	5
1577	3	2
1578	2	3
1579	2	3
1580	1	4
1581	1	4
1582	0	3
1583	1	6
1584	4	1
1585	1	4
1586	1	4
1587	0	4
1588	0	4
1589	3	1
1590	1	2
1591	1	2
1592	1	7
1593	3	1
1594	2	2
1595	2	5
1596	1	6
1597	1	2
1598	0	2
1599	1	3
1600	1	2
1601	1	3
1602	0	3
1603	1	2
1604	2	8
1605	3	5
1606	1	4
1607	1	6
1608	2	3
1609	1	5
1610	1	6
1611	1	6
1612	0	1
1613	1	2
1614	1	3
1615	0	5
1616	1	2
1617	1	2
1618	3	2
1619	1	3
1620	0	4
1621	0	3
1622	2	2
1623	0	4
1624	0	2
1625	2	5
1626	0	2
1627	2	0
1628	0	5
1629	1	4
1630	1	2
1631	2	2
1632	0	4
1633	0	3
1634	1	5
1635	0	8
1636	1	4
1637	2	1
1638	2	2
1639	3	2
1640	1	1
1641	4	0
1642	2	2
1643	1	3
1644	0	2
1645	3	4
1646	1	1
1647	1	7
1648	5	2
1649	0	2
1650	0	2
1651	1	2
1652	5	1
1653	3	3
1654	1	7
1655	2	2
1656	4	2
1657	1	2
1658	0	4
1659	2	5
1660	1	5
1661	0	1
1662	2	7
1663	2	1
1664	1	1
1665	3	4
1666	0	1
1667	0	5
1668	1	4
1669	1	1
1670	2	5
1671	1	0
1672	2	4
1673	0	2
1674	3	4
1675	2	4
1676	1	1
1677	1	5
1678	1	1
1679	0	4
1680	0	1
1681	2	3
1682	0	3
1683	0	3
1684	1	2
1685	0	5
1686	0	1
1687	1	1
1688	2	3
1689	3	3
1690	0	2
1691	0	2
1692	0	4
1693	1	1
1694	2	4
1695	3	3
1696	2	3
1697	5	5
1698	0	3
1699	1	5
1700	2	4
1701	0	2
1702	1	1
1703	1	2
1704	2	3
1705	0	2
1706	2	1
1707	2	2
1708	0	2
1709	1	6
1710	4	1
1711	2	3
1712	2	1
1713	1	2
1716	2	3
1717	1	4
1718	3	4
1719	0	2
1720	0	1
1721	0	4
1722	2	7
1723	0	2
1724	1	2
1725	0	5
1726	0	1
1728	2	4
1729	1	3
1730	1	6
1731	1	3
1732	3	3
1733	2	2
1734	0	2
1735	0	2
1736	0	1
1737	1	2
1738	2	1
1739	0	5
1740	0	3
1741	0	1
1742	0	2
1743	2	5
1744	5	3
1745	3	1
1746	1	6
1747	1	2
1748	1	1
1749	2	3
1750	2	1
1751	1	4
1752	3	4
1753	1	5
1754	2	3
1755	2	6
1756	0	3
1757	3	2
1758	0	1
1759	1	2
1760	2	6
1761	0	3
1762	0	4
1764	0	3
1765	2	3
1766	4	2
1767	0	9
1768	0	1
1769	0	6
1770	2	2
1771	1	2
1772	2	2
1773	2	2
1774	1	8
1775	0	2
1776	1	2
1777	0	5
1778	0	3
1779	1	3
1780	0	3
1781	3	4
1782	1	4
1783	2	4
1784	2	1
1785	0	5
1786	2	4
1787	0	4
1788	2	1
1789	2	1
1790	1	2
1791	0	4
1792	0	2
1793	1	4
1794	0	3
1795	1	5
1796	0	2
1797	0	3
1798	0	3
1799	1	5
1800	0	2
1801	0	5
1802	2	5
1803	0	1
1804	0	2
1805	2	5
1806	2	1
1807	2	4
1808	1	0
1809	2	1
1810	1	2
1811	3	6
1812	0	5
1813	2	2
1814	4	1
1815	0	4
1816	2	5
1817	2	6
1818	2	3
1819	1	1
1821	3	2
1822	0	5
1823	2	4
1824	0	3
1825	4	3
1826	4	2
1827	2	3
1828	1	2
1829	2	5
1830	2	2
1831	0	5
1832	2	1
1833	1	6
1834	2	2
1835	4	1
1836	3	7
1837	2	2
1838	2	2
1839	1	3
1840	0	1
1841	1	1
1842	3	2
1843	1	0
1844	4	3
1845	3	4
1846	3	3
1847	0	6
1848	0	4
1849	2	2
1850	2	4
1851	0	3
1852	2	0
1853	3	1
1854	0	6
1855	3	3
1856	1	3
1857	3	4
1858	0	3
1859	0	1
1860	1	2
1861	0	6
1862	0	4
1863	0	1
1864	0	2
1865	1	2
1866	0	2
1867	1	2
1868	1	3
1869	0	3
1870	1	4
1871	1	4
1872	1	4
1873	1	6
1874	0	2
1875	3	2
1876	1	4
1877	0	2
1878	0	3
1879	3	2
1880	0	3
1882	1	1
1883	1	2
1884	2	4
1885	1	3
1886	1	1
1887	1	6
1888	2	2
1889	1	2
1890	0	1
1891	1	1
1892	2	2
1893	1	3
1894	0	5
1895	3	4
1896	1	2
1897	0	1
1898	1	2
1899	3	4
1900	0	6
1901	0	5
1902	2	6
1903	2	4
1904	0	5
1905	1	4
1906	0	6
1907	0	3
1908	0	4
1909	1	2
1910	3	3
1911	2	2
1912	0	4
1913	2	2
1914	2	2
1915	1	3
1916	1	2
1917	1	2
1918	0	6
1919	1	2
1920	1	2
1921	3	5
1922	1	3
1923	2	2
1924	2	3
1925	1	1
1926	2	4
1927	0	2
1928	3	2
1929	1	4
1930	2	4
1931	1	3
1932	1	3
1933	1	1
1934	0	4
1935	0	4
1936	2	3
1937	0	2
1938	2	4
1939	1	3
1940	2	1
1941	3	4
1942	1	6
1943	1	1
1944	3	4
1945	2	6
1946	2	5
1947	4	2
1948	0	1
1949	1	3
1950	1	2
1951	1	0
1952	1	4
1953	2	1
1954	1	1
1955	0	2
1956	2	1
1957	0	4
1958	2	2
1959	0	2
1960	2	2
1961	1	5
1962	2	0
1963	3	7
1964	0	1
1965	0	3
1966	0	5
1967	0	2
1968	3	1
1969	2	3
1970	1	7
1971	1	2
1972	1	4
1973	2	3
1974	0	7
1975	2	7
1976	0	5
1977	2	4
1978	2	2
1980	0	3
1981	0	2
1982	1	2
1983	3	4
1984	6	4
1985	1	3
1986	0	4
1987	2	2
1988	3	1
1989	2	0
1990	0	2
1991	1	2
1992	0	2
1993	0	4
1994	2	2
1995	1	2
1996	0	3
1997	2	1
1998	1	3
1999	0	3
2000	0	2
2001	1	0
2002	1	0
2003	1	5
2004	2	3
2005	2	2
2006	1	5
2007	1	1
2008	0	2
2009	0	1
2010	2	2
2011	0	3
2012	0	5
2013	0	4
2014	2	3
2015	2	0
2016	0	5
2017	1	1
2018	0	2
2019	2	7
2020	1	0
2021	0	5
2022	0	5
2023	1	1
2024	0	6
2025	1	4
2026	0	2
2027	2	3
2028	1	3
2029	0	2
2030	1	6
2031	2	3
2032	0	3
2033	1	0
2034	0	1
2035	1	2
2036	1	2
2037	1	2
2038	2	3
2039	1	4
2040	1	2
2041	0	2
2042	1	1
2043	0	3
2044	0	3
2045	0	2
2046	3	7
2047	4	4
2048	1	3
2049	2	2
2050	3	3
2051	1	3
2052	0	1
2053	3	1
2054	1	6
2055	4	3
2056	2	4
2057	1	2
2058	3	2
2059	3	4
2060	1	1
2061	1	2
2062	0	3
2063	4	2
2064	2	2
2065	0	3
2066	1	1
2067	3	2
2068	1	2
2069	1	2
2070	0	6
2071	2	4
2072	2	5
2073	2	10
2074	3	1
2075	0	6
2076	2	2
2077	1	4
2078	0	3
2079	0	2
2080	2	1
2081	0	7
2082	3	0
2083	1	2
2084	2	3
2085	2	1
2086	0	6
2087	1	2
2088	1	1
2089	1	5
2090	2	1
2091	1	4
2092	0	1
2093	1	3
2094	3	8
2095	2	3
2096	0	5
2097	3	4
2098	0	10
2099	2	0
2100	2	7
2101	0	3
2102	0	2
2103	0	1
2105	1	2
2106	1	4
2107	0	1
2108	1	1
2109	1	3
2110	0	2
2111	0	4
2112	0	5
2113	2	4
2114	1	0
2115	1	4
2116	0	2
2117	0	4
2118	2	6
2119	0	1
2120	0	3
2122	2	3
2123	1	5
2124	0	2
2125	0	2
2126	1	1
2127	1	1
2128	1	3
2129	0	5
2130	0	1
2131	1	3
2132	0	3
2133	0	3
2134	1	2
2135	0	2
2136	1	2
2137	0	6
2138	2	3
2139	1	3
2140	1	4
2141	1	3
2142	0	4
2143	0	1
2144	2	6
2145	3	7
2146	1	3
2147	0	3
2148	2	2
2149	0	6
2150	1	4
2151	0	8
2152	2	3
2153	4	6
2154	1	4
2155	0	2
2156	4	2
2157	2	2
2158	5	5
2159	2	2
2160	2	6
2161	1	4
2162	2	3
2163	1	2
2164	1	2
2165	1	1
2167	1	1
2168	1	6
2170	1	0
2171	1	4
2172	2	4
2173	0	2
2174	0	3
2175	0	3
2177	0	2
2178	0	5
2179	0	1
2180	1	5
2181	1	5
2182	0	2
2183	1	2
2184	1	0
2185	1	0
2186	2	3
2187	0	3
2188	0	4
2189	0	1
2190	0	4
2191	1	3
2192	3	2
2193	4	0
2194	0	5
2195	0	1
2196	3	2
2197	1	3
2198	0	1
2199	2	4
2200	4	8
2201	1	2
2202	0	1
2203	2	7
2204	2	4
2205	0	5
2206	2	2
2207	3	2
2208	0	4
2209	0	3
2210	4	3
2211	2	4
2212	1	3
2213	4	4
2214	1	1
2215	1	4
2216	1	2
2217	1	1
2218	2	1
2219	3	2
2220	1	4
2221	0	1
2222	0	3
2223	0	1
2224	1	4
2225	2	3
2226	2	3
2227	1	1
2228	3	1
2229	0	6
2230	1	8
2231	1	3
2232	0	3
2233	1	7
2234	1	4
2235	4	1
2236	3	5
2237	2	2
2238	1	1
2239	2	7
2240	2	2
2241	1	3
2242	2	0
2243	0	3
2244	0	2
2245	2	2
2246	0	3
2247	1	3
2248	1	4
2249	1	2
2250	2	2
2251	2	1
2252	0	5
2253	1	3
2254	1	3
2255	1	1
2256	2	5
2257	3	2
2258	0	4
2259	2	5
2260	1	1
2261	1	3
2262	3	4
2263	0	1
2264	2	3
2265	1	2
2266	2	3
2267	1	3
2268	2	9
2269	2	4
2270	0	5
2271	2	3
2272	0	2
2273	6	2
2274	2	5
2275	1	1
2276	0	4
2277	1	4
2278	0	1
2279	1	3
2280	2	1
2281	0	2
2282	1	4
2284	2	3
2286	0	1
2287	2	2
2288	0	5
2289	2	1
2290	0	3
2291	2	1
2292	1	2
2293	3	3
2294	1	1
2295	3	3
2296	4	5
2297	0	6
2298	3	5
2299	1	1
2300	2	3
2301	1	3
2302	1	2
2303	0	3
2304	0	4
2305	0	2
2306	3	5
2307	1	1
2308	0	3
2309	1	3
2310	0	6
2311	0	3
2312	2	2
2313	2	4
2314	1	3
2315	0	5
2316	1	5
2317	2	1
2318	2	1
2319	0	2
2320	0	3
2321	1	6
2322	0	5
2323	1	0
2324	4	6
2325	0	1
2326	0	1
2328	1	1
2329	2	3
2330	1	5
2331	0	2
2332	0	6
2333	3	5
2334	1	5
2335	0	3
2336	1	4
2337	1	3
2338	0	6
2339	2	3
2340	2	2
2341	0	2
2342	1	0
2343	0	5
2344	0	4
2345	4	2
2346	1	2
2347	2	3
2348	1	2
2349	1	1
2350	2	8
2351	0	1
2352	0	7
2353	2	2
2354	1	6
2355	1	3
2356	1	2
2357	1	1
2358	0	4
2359	3	3
2360	1	1
2361	0	2
2362	2	2
2363	0	2
2364	1	3
2365	0	2
2366	1	3
2367	0	5
2368	2	3
2369	2	3
2370	2	2
2372	1	6
2373	1	5
2374	0	1
2375	1	1
2376	0	2
2377	2	0
2378	3	4
2379	3	1
2380	1	4
2381	0	2
2382	0	3
2383	2	3
2384	0	1
2385	1	3
2386	1	0
2387	0	1
2388	1	1
2389	3	2
2390	1	1
2391	1	7
2392	1	4
2393	0	4
2394	1	2
2395	1	3
2396	1	2
2397	1	3
2398	3	6
2399	1	0
2400	2	1
2401	1	5
2402	1	3
2403	2	2
2404	2	4
2405	0	6
2406	5	1
2407	0	2
2408	2	2
2409	3	3
2410	2	1
2411	1	2
2412	1	1
2413	0	7
2414	1	4
2415	2	3
2416	1	5
2417	2	2
2418	3	2
2419	0	3
2420	1	4
2421	2	0
2422	1	4
2423	1	2
2424	1	3
2425	1	5
2426	1	4
2427	2	12
2428	1	3
2429	0	7
2430	2	5
2431	1	1
2432	0	1
2433	0	2
2434	1	3
2435	0	5
2436	0	1
2437	1	6
2438	1	1
2439	3	3
2440	2	3
2441	1	3
2442	2	5
2443	0	1
2444	1	1
2445	2	3
2446	1	2
2447	1	3
2448	1	4
2450	4	2
2451	0	4
2452	1	3
2453	1	2
2454	0	3
2455	0	4
2456	0	3
2457	1	1
2458	3	1
2459	1	2
2460	1	3
2461	2	3
2462	0	2
2463	5	9
2464	1	6
2465	0	2
2466	0	4
2467	1	1
2468	0	5
2469	2	6
2470	1	1
2471	1	4
2472	0	4
2473	1	2
2474	2	2
2475	2	3
2476	0	2
2477	4	2
2478	1	5
2479	3	1
2480	0	2
2481	1	3
2482	2	1
2483	1	2
2484	3	1
2485	0	5
2486	2	2
2487	3	3
2488	1	2
2489	3	7
2490	2	2
2491	3	4
2492	1	3
2493	6	3
2494	0	3
2495	2	5
2496	1	2
2497	2	3
2498	3	3
2499	4	2
2500	0	3
2501	1	2
2502	0	1
2503	1	3
2504	1	0
2505	4	4
2506	1	9
2507	2	3
2508	1	3
2509	0	2
2510	1	2
2511	1	2
2512	0	4
2513	1	6
2514	0	6
2515	0	3
2516	1	5
2517	2	0
2518	1	2
2519	0	3
2520	0	1
2521	1	5
2522	1	1
2523	0	9
2524	0	4
2525	0	3
2526	0	2
2527	2	3
2528	3	4
2529	0	2
2530	0	3
2531	0	4
2532	0	3
2533	0	4
2534	2	2
2535	1	4
2536	2	0
2537	1	5
2538	2	1
2539	2	4
2540	2	4
2541	0	7
2542	1	4
2543	2	4
2544	3	2
2545	2	1
2546	0	5
2547	1	0
2548	3	4
2549	1	4
2550	1	3
2551	0	3
2552	2	2
2553	3	2
2554	1	5
2555	1	5
2556	0	1
2557	1	4
2558	3	3
2559	0	2
2560	0	3
2561	0	3
2562	1	3
2563	0	3
2564	2	6
2565	1	1
2566	0	2
2567	2	8
2568	1	0
2569	4	2
2570	1	5
2571	0	4
2572	2	6
2573	0	2
2574	2	5
2575	0	4
2576	0	5
2577	3	2
2578	0	3
2579	0	4
2580	2	1
2581	2	3
2582	3	3
2583	3	1
2584	0	4
2585	0	1
2586	0	7
2587	1	5
2588	1	6
2589	4	1
2590	6	0
2591	2	3
2592	1	3
2593	2	3
2594	2	4
2595	0	3
2596	1	4
2597	1	1
2598	0	4
2599	0	1
2600	1	7
2601	0	4
2602	4	5
2603	2	3
2604	0	5
2605	1	0
2606	2	3
2607	0	6
2608	0	5
2609	0	4
2610	1	3
2611	0	3
2612	1	3
2613	2	3
2614	0	4
2615	0	4
2616	1	4
2617	3	3
2618	0	4
2619	0	4
2620	0	1
2621	0	3
2622	1	6
2623	0	1
2624	2	6
2625	0	3
2626	2	1
2627	1	4
2628	1	3
2629	2	5
2630	0	1
2631	0	3
2632	0	5
2633	1	2
2634	1	4
2635	1	5
2636	2	2
2637	1	2
2638	0	3
2639	1	5
2640	0	3
2641	1	4
2642	0	4
2643	0	2
2644	1	0
2645	1	6
2646	0	1
2647	2	3
2648	2	3
2649	4	3
2650	1	2
2651	0	5
2652	0	1
2653	2	4
2654	2	3
2655	0	2
2656	0	6
2657	1	2
2658	2	3
2659	1	3
2660	1	3
2661	2	4
2662	1	1
2663	2	2
2664	1	4
2665	2	2
2666	0	3
2667	0	3
2668	2	4
2669	1	1
2670	0	3
2671	1	6
2672	0	2
2673	0	2
2674	0	4
2675	1	1
2676	1	2
2677	0	3
2678	4	0
2680	2	1
2681	5	4
2682	1	3
2683	2	2
2684	1	3
2685	1	3
2686	5	2
2687	1	1
2688	0	4
2689	0	4
2690	3	3
2691	0	3
2692	1	4
2693	2	2
2694	0	4
2695	1	4
2696	2	5
2697	2	5
2698	2	3
2699	0	4
2700	0	2
2701	0	4
2702	2	3
2703	1	3
2704	1	6
2705	0	2
2706	0	3
2707	1	4
2708	1	3
2709	2	2
2710	0	1
2711	1	2
2712	2	1
2713	1	4
2714	0	2
2715	1	4
2716	0	4
2717	2	4
2718	2	2
2719	0	5
2720	3	1
2721	0	4
2722	1	0
2723	1	1
2724	2	2
2725	0	2
2726	3	1
2727	2	3
2728	0	7
2729	1	3
2730	0	7
2731	1	1
2732	0	5
2733	2	1
2734	0	2
2735	1	2
2736	3	3
2737	1	0
2738	2	0
2739	0	1
2740	0	4
2741	2	2
2742	0	4
2743	0	3
2744	2	1
2745	1	3
2746	1	3
2747	1	4
2748	0	3
2749	1	3
2750	1	3
2751	3	4
2752	1	3
2753	2	4
2754	3	4
2755	0	2
2756	2	1
2757	0	3
2758	2	4
2759	1	1
2760	1	3
2761	2	2
2762	0	2
2763	2	0
2764	1	5
2765	3	3
2766	4	3
2767	0	4
2768	2	5
2769	0	1
2770	1	2
2771	1	1
2772	0	5
2773	3	13
2774	2	5
2775	0	3
2776	1	4
2777	4	0
2778	1	0
2779	2	1
2780	1	2
2781	2	3
2783	1	3
2784	0	1
2785	3	1
2786	0	4
2787	1	2
2788	0	4
2789	0	3
2790	1	6
2791	0	2
2792	1	1
2793	0	2
2794	0	8
2795	3	1
2797	0	3
2798	3	4
2799	0	1
2800	1	3
2801	0	3
2802	1	0
2803	1	3
2804	1	4
2805	1	2
2806	0	1
2807	0	3
2808	0	3
2809	0	1
2810	1	1
2811	0	5
2812	0	1
2813	1	2
2814	1	1
2815	0	2
2816	1	3
2817	2	4
2818	1	4
2819	2	5
2820	0	3
2821	0	3
2822	0	1
2823	3	1
2824	0	1
2825	0	1
2826	0	5
2827	0	6
2828	1	7
2829	1	6
2830	0	2
2831	0	2
2832	1	2
2833	0	3
2834	2	5
2835	1	4
2836	0	2
2837	0	2
2838	0	5
2839	0	2
2840	2	2
2841	0	5
2842	0	4
2843	0	1
2844	1	1
2845	0	3
2846	3	3
2847	1	5
2848	0	4
2849	1	4
2850	0	4
2851	3	2
2852	2	3
2853	0	6
2854	2	4
2855	1	3
2856	1	3
2857	1	3
2858	0	8
2859	1	4
2860	0	1
2861	3	1
2862	1	1
2863	0	4
2864	4	3
2865	1	3
2866	2	1
2867	0	3
2868	1	3
2869	1	1
2870	1	5
2871	1	2
2872	1	1
2873	0	1
2874	1	6
2875	1	1
2876	0	1
2877	0	1
2878	0	3
2879	3	4
2880	1	3
2881	1	4
2882	1	2
2883	3	0
2884	0	4
2885	2	0
2886	1	2
2887	3	1
2888	1	7
2889	2	3
2890	1	7
2891	1	2
2892	2	2
2893	0	3
2894	2	3
2895	1	4
2896	0	1
2897	1	6
2898	1	3
2899	0	5
2900	1	8
2901	5	5
2902	0	4
2903	0	1
2904	0	4
2905	4	1
2906	0	4
2907	1	2
2908	1	7
2909	2	2
2910	2	1
2911	1	1
2912	1	3
2913	1	2
2914	2	5
2915	2	7
2916	0	1
2917	2	6
2918	2	5
2919	0	2
2920	2	1
2921	1	1
2922	0	6
2923	0	6
2924	3	4
2925	4	3
2926	3	2
2927	0	4
2928	0	4
2929	0	6
2930	2	8
2931	3	1
2932	1	2
2933	5	2
2934	1	1
2935	3	3
2936	0	2
2937	4	4
2938	1	6
2939	1	5
2940	0	2
2941	3	3
2942	0	3
2943	1	2
2944	3	2
2945	1	5
2946	0	1
2947	1	3
2948	1	4
2949	1	6
2950	1	2
2952	1	3
2953	3	3
2954	0	6
2955	0	3
2956	0	4
2957	0	5
2958	2	2
2959	2	5
2960	1	3
2961	1	0
2962	1	3
2963	2	7
2964	0	3
2965	1	0
2966	1	4
2967	1	3
2968	2	1
2969	0	4
2970	4	1
2971	0	3
2972	0	3
2973	1	7
2974	3	2
2975	1	3
2976	2	3
2977	1	5
2978	1	3
2979	2	2
2980	1	2
2981	2	4
2982	0	5
2983	1	1
2984	2	1
2985	0	5
2986	0	4
2987	0	4
2988	0	5
2989	2	2
2990	1	2
2991	2	0
2992	1	4
2993	0	8
2994	1	2
2995	0	3
2996	1	2
2997	2	0
2998	1	2
2999	4	2
3000	0	1
3001	1	3
3002	1	3
3003	1	5
3004	2	3
3005	0	2
3006	0	1
3007	1	1
3008	1	3
3009	2	4
3010	1	5
3011	5	0
3012	0	5
3013	2	0
3014	0	5
3017	1	2
3019	2	4
3020	2	2
3021	2	2
3022	1	2
3023	0	1
3024	1	3
3025	1	5
3026	0	3
3027	0	7
3028	3	5
3029	2	2
3030	0	5
3031	1	3
3032	0	3
3033	0	3
3034	3	1
3035	0	2
3036	2	2
3037	1	4
3038	1	3
3039	1	7
3040	1	2
3041	1	0
3042	2	4
3043	4	3
3044	3	3
3045	1	0
3046	0	2
3047	0	3
3048	0	2
3049	3	2
3050	2	1
3051	0	1
3052	1	3
3053	2	2
3054	1	2
3055	2	2
3056	1	5
3057	1	0
3059	0	2
3060	0	2
3061	2	2
3062	0	5
3063	2	5
3064	0	1
3065	2	0
3066	2	2
3067	2	6
3068	1	5
3069	0	1
3070	2	6
3071	1	2
3072	1	1
3073	0	4
3074	0	4
3075	1	2
3076	0	1
3077	0	2
3078	2	0
3079	3	3
3080	2	4
3081	1	5
3082	0	2
3083	2	2
3084	1	0
3085	0	3
3086	2	5
3087	1	1
3088	2	2
3089	0	2
3090	1	2
3091	0	2
3092	1	2
3093	0	5
3094	1	3
3095	0	2
3096	0	2
3097	3	2
3098	1	2
3099	2	6
3100	0	5
3101	2	0
3102	0	4
3103	1	3
3104	0	1
3105	3	2
3106	2	4
3107	4	3
3108	4	1
3109	3	6
3110	1	4
3111	3	4
3112	1	3
3113	1	1
3114	2	3
3115	1	3
3116	0	2
3117	0	2
3118	1	7
3119	0	3
3120	0	3
3121	0	2
3122	1	3
3123	0	3
3124	1	3
3125	2	1
3126	2	4
3127	3	4
3128	0	4
3129	1	2
3130	0	3
3131	1	5
3132	1	2
3133	3	2
3134	3	4
3135	1	3
3136	3	8
3137	2	3
3138	0	2
3139	1	2
3140	1	3
3141	2	2
3142	2	5
3143	0	5
3144	2	3
3145	1	3
3146	0	1
3147	1	4
3148	0	2
3149	0	4
3150	0	3
3151	1	0
3152	1	5
3153	0	4
3154	2	5
3155	0	5
3156	2	6
3157	0	6
3158	0	3
3159	1	4
3160	2	2
3161	0	4
3162	1	5
3163	0	2
3164	2	5
3165	2	1
3166	4	2
3167	1	4
3168	0	6
3169	0	2
3170	0	3
3171	0	4
3172	1	4
3173	0	3
3174	2	4
3175	2	4
3176	1	2
3177	4	3
3178	2	3
3179	3	3
3180	1	3
3181	1	3
3182	1	4
3183	0	4
3184	1	4
3185	1	2
3186	0	1
3187	3	3
3188	3	0
3189	0	4
3190	1	2
3191	2	7
3192	3	2
3193	1	2
3194	1	5
3195	3	3
3196	1	4
3197	1	2
3198	1	2
3199	2	2
3200	2	1
3201	3	6
3202	2	4
3203	0	2
3204	1	5
3205	1	7
3206	0	6
3207	1	2
3208	1	3
3209	2	7
3210	1	2
3211	1	1
3212	0	4
3213	2	4
3214	1	5
3215	1	2
3216	0	1
3217	0	4
3218	1	2
3219	3	3
3220	1	4
3221	0	1
3222	2	6
3223	1	5
3224	0	2
3225	1	6
3226	1	2
3227	1	2
3228	0	1
3229	1	3
3230	0	5
3231	3	1
3232	1	5
3233	2	3
3234	0	5
3235	0	6
3236	0	2
3237	0	2
3238	0	2
3239	3	4
3240	2	4
3241	0	4
3242	2	3
3243	1	3
3244	1	4
3245	3	7
3246	0	3
3247	1	3
3248	2	0
3249	1	2
3250	0	1
3251	1	3
3252	0	4
3253	2	4
3254	2	2
3255	0	1
3256	1	2
3257	2	1
3258	0	4
3259	0	1
3260	0	4
3261	1	5
3262	2	3
3263	0	4
3264	2	1
3265	0	3
3266	0	3
3267	2	7
3268	1	1
3269	0	4
3270	0	3
3271	0	4
3272	0	4
3273	0	1
3274	3	3
3275	4	2
3276	1	3
3277	2	3
3278	0	6
3279	0	2
3280	1	5
3281	1	7
3282	1	3
3283	3	1
3284	0	4
3285	0	4
3286	0	5
3287	1	1
3288	0	1
3289	0	3
3290	0	3
3291	4	4
3292	2	2
3293	1	2
3294	2	7
3295	1	0
3296	1	2
3297	0	6
3298	0	2
3299	2	0
3300	1	5
3301	2	1
3302	1	2
3303	1	0
3304	1	6
3305	2	5
3306	2	2
3307	2	3
3308	0	2
3309	0	5
3310	2	5
3311	0	2
3312	0	3
3313	2	4
3314	0	3
3315	1	3
3316	2	4
3317	5	2
3318	0	2
3319	0	8
3320	2	3
3321	0	4
3322	0	6
3323	3	3
3324	0	1
3325	4	3
3326	0	4
3327	0	4
3328	1	1
3329	1	5
3330	2	4
3331	2	4
3332	0	7
3333	3	2
3334	2	3
3335	0	4
3336	1	4
3337	1	4
3338	2	2
3339	1	3
3340	1	4
3341	0	2
3342	1	1
3343	2	3
3344	1	5
3345	5	1
3346	1	1
3347	0	1
3348	1	3
3349	1	3
3350	6	5
3351	1	3
3352	0	4
3353	0	1
3354	0	4
3355	2	4
3356	1	6
3357	0	5
3358	1	2
3359	2	2
3360	1	2
3361	1	3
3362	0	7
3363	1	1
3364	3	0
3365	1	3
3366	2	0
3367	1	1
3368	3	5
3369	2	5
3371	2	2
3372	1	4
3373	0	2
3374	4	1
3375	0	4
3376	1	4
3377	2	5
3378	3	3
3379	2	3
3380	2	3
3381	0	2
3382	2	6
3383	1	2
3384	3	2
3385	2	3
3386	1	3
3387	2	5
3388	0	3
3389	2	2
3390	2	3
3391	4	3
3392	6	6
3393	0	4
3394	0	6
3395	1	2
3396	1	0
3397	0	3
3398	2	3
3399	0	2
3400	1	0
3401	2	1
3402	2	2
3403	1	5
3404	1	3
3405	4	4
3406	2	3
3407	0	3
3408	2	1
3409	1	5
3410	2	0
3411	1	5
3412	0	4
3413	4	2
3414	3	1
3415	1	0
3416	1	2
3417	0	3
3418	2	4
3419	2	5
3420	1	4
3421	3	1
3422	1	2
3423	0	4
3424	0	7
3425	2	2
3426	1	2
3427	1	0
3428	0	5
3429	4	1
3430	0	3
3431	0	2
3432	0	1
3433	0	4
3434	0	5
3435	0	6
3436	0	4
3437	2	1
3438	1	6
3439	1	6
3440	1	2
3441	1	1
3442	1	0
3443	0	2
3444	2	6
3445	3	0
3446	2	1
3447	0	2
3448	1	2
3449	0	4
3450	0	5
3451	1	2
3452	1	3
3453	1	5
3454	0	2
3455	4	3
3456	0	3
3457	0	4
3458	0	3
3459	0	7
3460	0	4
3461	1	7
3462	3	4
3463	2	8
3464	2	1
3465	1	4
3466	1	3
3467	1	4
3468	1	0
3469	1	4
3470	0	2
3471	3	1
3472	2	1
3473	0	2
3474	1	3
3475	0	2
3476	1	6
3477	1	2
3478	4	3
3479	2	2
3480	1	2
3481	3	4
3482	1	3
3483	0	4
3484	1	3
3485	0	3
3486	1	4
3487	2	3
3488	0	2
3489	0	3
3490	1	1
3492	2	3
3493	0	1
3494	2	1
3495	0	4
3497	0	3
3498	0	3
3499	2	0
3500	1	4
3501	1	2
3502	0	1
3503	0	6
3504	2	7
3505	1	2
3506	0	2
3507	1	3
3508	1	2
3509	1	3
3510	2	3
3511	1	3
3512	6	1
3513	1	3
3514	1	2
3515	2	0
3516	0	8
3517	3	4
3518	0	1
3519	2	3
3520	2	3
3521	2	5
3522	2	1
3523	1	5
3524	1	4
3525	1	4
3526	3	4
3527	0	4
3528	1	6
3529	4	2
3530	1	7
3531	0	2
3532	0	2
3533	1	3
3534	0	1
3535	0	3
3536	1	2
3537	2	6
3538	1	1
3539	3	2
3540	2	4
3541	0	2
3542	2	4
3543	2	2
3544	0	6
3545	1	0
3546	4	5
3547	2	3
3548	1	2
3549	1	9
3550	2	3
3551	0	1
3552	0	2
3553	0	3
3554	1	1
3555	2	3
3556	3	3
3557	1	4
3558	1	1
3559	1	3
3560	0	3
3561	2	3
3562	0	5
3563	0	4
3564	1	1
3565	1	0
3566	0	3
3567	0	7
3568	1	1
3569	0	3
3570	2	2
3571	3	7
3572	1	4
3573	2	6
3574	1	1
3575	1	2
3576	1	1
3577	2	2
3578	2	3
3579	1	2
3580	0	5
3581	1	4
3582	1	2
3583	6	2
3584	1	5
3585	1	3
3586	0	3
3587	0	2
3588	1	3
3589	1	3
3590	0	3
3591	3	2
3592	1	2
3593	0	4
3594	0	4
3595	2	4
3596	1	2
3597	1	2
3598	1	3
3599	0	6
3600	0	7
3601	1	4
3602	1	0
3603	3	2
3604	0	7
3605	2	2
3606	1	0
3607	1	4
3608	2	4
3609	2	4
3610	1	1
3611	1	0
3612	0	1
3613	2	1
3614	0	4
3615	1	3
3616	1	5
3617	0	8
3618	2	5
3619	1	5
3620	1	1
3621	2	4
3622	3	2
3623	3	2
3624	1	0
3625	1	4
3626	0	1
3627	0	5
3628	0	1
3629	0	2
3630	2	2
3631	3	1
3632	0	3
3633	0	2
3634	1	2
3635	1	6
3636	0	2
3637	4	2
3638	0	4
3639	1	7
3640	0	1
3641	0	5
3643	2	1
3644	2	3
3645	2	7
3646	1	4
3647	4	3
3648	1	6
3649	0	1
3650	2	7
3651	0	3
3652	2	1
3653	0	3
3654	1	3
3655	2	1
3657	2	4
3658	1	4
3659	1	1
3660	1	1
3661	0	4
3662	0	4
3663	0	3
3665	4	3
3666	1	3
3667	0	4
3668	1	4
3669	3	3
3670	2	5
3671	1	0
3672	1	5
3673	0	4
3674	1	2
3675	1	1
3676	1	1
3677	0	2
3678	2	1
3680	1	1
3681	0	2
3682	1	3
3683	2	2
3684	4	3
3685	2	3
3686	0	2
3687	1	4
3688	1	3
3689	3	9
3690	2	4
3691	3	2
3692	0	2
3693	3	1
3694	0	2
3695	2	3
3696	0	4
3697	1	3
3698	1	6
3699	1	5
3700	2	2
3701	1	3
3702	0	3
3703	1	5
3704	0	4
3705	0	3
3706	1	3
3707	1	2
3708	0	2
3709	2	2
3710	1	2
3711	0	3
3712	2	2
3713	2	1
3714	2	3
3715	1	4
3716	0	5
3717	1	3
3718	3	2
3719	0	2
3720	0	1
3721	2	2
3722	0	4
3723	2	1
3724	1	2
3725	0	4
3726	1	2
3727	1	4
3728	0	4
3729	5	2
3730	2	4
3731	1	3
3732	0	3
3733	2	2
3734	2	2
3735	2	2
3736	1	4
3737	2	3
3738	0	7
3739	0	5
3740	2	3
3741	0	4
3742	0	3
3743	3	4
3744	2	2
3745	1	1
3746	1	7
3747	1	2
3748	0	3
3749	2	2
3750	0	4
3751	2	6
3752	1	3
3753	2	4
3754	0	2
3755	0	2
3756	0	2
3757	1	2
3758	1	3
3759	0	2
3760	0	3
3761	0	2
3762	0	3
3763	0	4
3764	3	4
3765	2	3
3766	2	3
3767	0	3
3768	0	4
3769	1	2
3770	0	4
3771	2	4
3772	0	5
3773	2	2
3774	0	3
3775	3	2
3776	1	4
3777	0	4
3778	1	2
3779	0	1
3780	0	2
3781	2	4
3782	0	3
3783	4	4
3784	2	4
3785	1	4
3786	2	3
3787	2	3
3788	1	4
3789	1	3
3790	4	2
3791	1	2
3792	1	8
3793	4	3
3794	1	4
3795	1	3
3796	0	3
3798	2	2
3799	1	2
3800	0	5
3801	1	3
3802	1	2
3803	0	5
3804	0	2
3805	0	4
3806	2	3
3807	0	5
3808	1	0
3809	0	4
3810	3	3
3811	1	2
3812	1	2
3813	1	2
3814	2	2
3815	1	3
3816	2	3
3817	0	2
3818	1	4
3819	0	2
3820	0	6
3821	3	2
3822	1	1
3823	0	6
3824	1	3
3825	1	4
3826	4	4
3827	0	1
3828	3	5
3829	1	4
3830	1	5
3831	0	3
3832	0	3
3833	0	5
3834	2	1
3835	1	4
3836	3	5
3837	0	1
3838	0	5
3839	3	4
3840	1	6
3841	2	4
3842	1	2
3843	0	6
3844	1	3
3845	1	1
3846	1	5
3847	0	4
3848	1	1
3849	1	3
3850	0	2
3851	1	3
3852	0	1
3853	0	1
3854	0	1
3855	2	5
3856	0	5
3857	0	3
3858	0	1
3859	0	7
3860	2	3
3861	2	3
3862	0	4
3863	1	7
3864	2	4
3865	1	2
3866	1	3
3867	0	1
3868	1	1
3869	1	4
3870	1	0
3871	1	2
3872	1	2
3873	1	6
3874	0	2
3875	1	1
3876	4	3
3877	1	3
3878	0	2
3879	0	1
3880	0	4
3881	2	1
3882	0	4
3883	1	3
3884	3	2
3885	0	5
3886	0	4
3887	1	4
3888	3	8
3889	1	4
3890	1	2
3891	0	7
3892	0	3
3893	1	2
3894	2	2
3895	1	4
3896	0	1
3897	1	2
3898	2	2
3899	0	4
3900	1	2
3901	2	1
3902	1	3
3903	1	4
3904	1	1
3905	0	2
3906	1	4
3907	0	1
3908	3	5
3909	3	4
3910	2	4
3911	1	1
3912	2	4
3913	0	2
3914	1	2
3915	0	5
3916	0	4
3917	1	2
3918	3	1
3919	2	4
3920	1	1
3921	1	5
3922	2	2
3923	3	2
3924	1	5
3925	0	5
3926	0	7
3927	0	1
3928	1	5
3929	1	2
3930	0	4
3931	0	4
3932	0	2
3933	1	2
3934	0	2
3935	1	4
3936	1	0
3937	0	2
3938	2	2
3939	3	0
3940	2	4
3941	0	1
3942	1	3
3943	1	3
3944	0	2
3945	1	1
3946	2	4
3947	0	8
3948	0	3
3949	1	4
3950	0	3
3951	0	1
3952	2	2
3953	0	2
3954	2	3
3955	1	3
3956	1	4
3957	1	2
3958	0	2
3959	2	1
3960	4	2
3961	1	2
3962	2	3
3963	3	1
3964	0	2
3965	1	2
3966	0	3
3967	2	3
3968	1	4
3969	1	1
3970	1	5
3971	1	2
3972	1	5
3973	0	5
3974	0	1
3975	2	3
3976	0	4
3977	2	2
3978	2	2
3979	1	3
3980	0	4
3981	0	2
3982	2	4
3983	1	1
3984	0	7
3985	0	2
3986	0	4
3987	1	3
3988	1	3
3989	1	2
3990	1	3
3991	1	3
3992	1	5
3993	0	5
3994	0	2
3995	1	2
3996	3	4
3997	0	3
3998	3	2
3999	0	3
4000	1	2
4001	1	1
4002	1	2
4003	0	5
4004	0	2
4005	1	2
4006	1	2
4007	1	3
4008	0	2
4009	1	2
4010	1	8
4011	5	1
4012	1	1
4013	0	5
4014	2	3
4015	2	3
4016	0	4
4017	0	4
4018	1	4
4019	2	3
4020	0	1
4021	0	3
4022	2	3
4023	0	5
4024	0	5
4025	1	0
4026	0	6
4027	0	4
4028	1	0
4029	0	1
4031	2	4
4032	0	4
4033	2	2
4034	1	3
4035	0	2
4036	0	4
4037	2	4
4038	0	5
4039	0	3
4040	2	7
4041	0	2
4042	0	4
4043	6	2
4044	6	2
4045	6	2
4046	3	2
4047	6	2
4048	1	3
4049	1	1
4050	0	3
4051	0	4
4052	0	7
4053	1	5
4054	2	3
4055	4	5
4056	0	2
4057	0	1
4058	0	2
4059	0	2
4060	1	4
4061	2	1
4062	2	4
4063	0	2
4064	0	4
4065	1	4
4067	0	3
4068	0	3
4069	3	2
4070	0	4
4072	0	3
4073	1	5
4074	0	1
4075	0	3
4076	1	6
4077	0	2
4078	1	4
4079	0	1
4080	0	5
4081	0	3
4082	1	3
4083	2	2
4084	3	4
4085	0	2
4086	1	3
4087	1	1
4088	0	4
4089	2	2
4090	0	1
4091	0	2
4092	0	1
4093	1	3
4094	2	1
4095	0	2
4096	1	2
4097	2	2
4098	3	4
4099	2	2
4100	1	5
4101	0	2
4102	2	3
4103	0	2
4104	1	5
4105	0	4
4106	4	2
4107	1	4
4108	2	7
4109	3	4
4110	1	0
4111	1	2
4112	2	4
4113	2	5
4114	0	2
4115	0	5
4116	1	5
4117	1	1
4118	3	2
4119	0	6
4120	1	5
4121	0	4
4122	1	4
4123	1	7
4124	1	2
4125	2	2
4126	0	1
4127	1	2
4128	2	1
4129	1	4
4130	1	2
4131	1	3
4132	1	5
4133	1	3
4134	0	4
4135	0	2
4136	3	5
4137	0	2
4138	1	2
4139	0	3
4140	1	2
4141	1	2
4142	1	3
4143	3	1
4144	1	6
4145	0	2
4146	4	2
4147	1	4
4148	1	5
4149	1	4
4150	0	3
4151	0	4
4152	4	3
4153	0	3
4154	2	1
4155	5	2
4156	3	7
4157	0	5
4158	0	2
4159	0	4
4160	0	5
4161	1	5
4162	2	4
4163	0	1
4164	2	2
4165	0	3
4166	0	8
4167	1	1
4168	1	0
4169	1	3
4170	1	2
4171	0	2
4172	1	3
4173	0	2
4174	3	1
4176	0	4
4177	2	4
4178	2	5
4179	4	5
4180	0	2
4181	0	2
4182	2	2
4183	2	4
4184	0	4
4185	2	3
4186	2	4
4187	2	5
4188	0	2
4189	2	4
4190	1	1
4191	0	1
4192	0	5
4193	1	2
4194	2	6
4195	3	1
4196	2	6
4197	3	0
4198	0	4
4199	1	2
4200	0	3
4201	1	5
4202	1	1
4203	1	0
4204	0	2
4205	1	6
4206	0	4
4207	2	1
4208	1	4
4209	1	5
4210	3	2
4211	1	3
4212	0	4
4213	2	4
4214	0	6
4215	1	3
4216	2	1
4217	1	1
4218	1	1
4219	0	4
4220	1	4
4221	2	1
4222	1	3
4223	1	2
4224	1	2
4225	1	4
4226	2	3
4227	1	5
4228	0	2
4229	1	3
4230	0	2
4231	1	5
4232	0	1
4233	0	4
4234	2	5
4235	1	3
4236	2	2
4237	3	2
4238	1	1
4239	1	2
4240	0	4
4241	0	2
4242	2	5
4243	0	1
4244	1	1
4245	0	5
4246	2	2
4247	0	4
4248	2	3
4249	1	4
4250	1	3
4251	0	5
4252	3	2
4253	3	2
4254	0	3
4255	0	2
4256	2	4
4257	2	1
4258	0	1
4259	3	4
4260	4	4
4261	2	2
4262	4	9
4263	0	6
4264	0	6
4265	0	2
4266	2	6
4267	1	3
4268	1	5
4269	2	3
4270	2	2
4271	0	5
4272	1	2
4273	2	3
4274	2	3
4275	3	5
4276	1	1
4277	0	6
4278	1	5
4279	3	3
4280	1	5
4281	0	4
4282	0	3
4283	3	3
4284	1	5
4285	0	2
4286	0	5
4287	2	3
4288	1	1
4289	2	3
4290	4	3
4291	2	5
4292	2	3
4293	5	2
4294	1	2
4295	2	3
4296	0	4
4297	1	4
4298	1	1
4299	1	2
4300	2	2
4301	1	3
4302	2	4
4303	2	4
4304	1	3
4305	1	3
4306	0	2
4307	0	2
4308	0	5
4309	0	2
4310	2	5
4311	1	2
4312	1	1
4313	4	2
4314	2	2
4315	0	2
4316	0	2
4317	2	4
4318	1	1
4319	0	3
4320	0	2
4321	0	4
4322	2	4
4323	1	2
4324	2	1
4325	2	1
4326	3	4
4327	2	4
4328	1	1
4329	0	4
4330	0	5
4331	2	4
4332	1	1
4333	1	4
4334	1	2
4335	0	2
4336	2	4
4337	1	5
4338	3	2
4339	2	4
4340	1	1
4341	1	1
4342	1	1
4343	0	3
4344	1	1
4345	0	2
4346	1	4
4347	0	3
4348	0	2
4349	1	0
4350	0	2
4352	0	3
4353	2	1
4354	1	6
4355	2	2
4356	1	2
4357	3	5
4358	0	1
4359	2	2
4360	1	1
4361	0	1
4362	1	2
4363	1	2
4364	3	3
4365	1	4
4366	1	1
4367	0	6
4368	0	4
4369	0	1
4370	1	2
4371	0	2
4372	1	2
4373	2	1
4374	2	1
4375	0	3
4376	2	0
4377	3	1
4378	1	5
4379	1	2
4380	1	5
4381	0	6
4382	1	2
4383	3	1
4384	0	2
4385	0	4
4386	2	3
4387	0	2
4388	2	5
4390	3	3
4391	0	5
4392	0	9
4393	0	4
4394	0	3
4395	1	4
4396	0	6
4397	0	4
4398	2	2
4399	2	5
4400	2	3
4401	0	3
4402	1	2
4403	2	1
4404	0	3
4405	2	3
4406	3	7
4407	5	3
4408	0	6
4409	2	3
4410	2	5
4411	1	3
4412	4	3
4413	1	3
4414	0	3
4415	1	4
4416	0	5
4417	3	0
4418	1	2
4419	0	2
4420	1	4
4421	0	1
4422	1	2
4423	0	4
4424	1	3
4425	0	3
4426	1	2
4427	2	3
4428	1	2
4429	4	1
4430	1	5
4431	1	0
4432	1	1
4433	1	4
4434	1	5
4435	0	6
4436	1	5
4437	0	2
4438	1	2
4439	1	2
4440	0	2
4441	0	3
4442	1	4
4443	1	3
4444	1	2
4445	1	3
4446	1	0
4447	1	6
4448	0	1
4449	1	3
4450	2	1
4451	1	2
4452	5	3
4453	3	3
4454	1	4
4455	2	4
4456	4	6
4457	1	3
4458	2	2
4459	4	1
4460	1	4
4461	1	4
4462	1	2
4463	3	5
4464	1	1
4465	3	2
4466	2	1
4467	1	3
4468	1	3
4469	1	4
4470	1	3
4471	1	2
4472	1	4
4473	5	7
4474	2	2
4475	2	2
4476	2	2
4477	2	3
4479	3	3
4480	0	2
4481	0	1
4482	1	3
4483	2	4
4484	2	6
4485	0	2
4486	2	2
4487	1	4
4488	0	1
4489	2	4
4490	1	5
4491	4	4
4492	1	3
4493	0	7
4494	0	4
4495	2	4
4496	1	1
4497	0	4
4498	1	2
4499	2	5
4500	0	4
4501	0	6
4502	1	1
4503	2	4
4504	0	3
4505	2	3
4506	0	2
4507	1	1
4508	0	2
4509	3	1
4510	1	4
4511	1	4
4512	0	1
4513	0	2
4514	1	2
4515	0	1
4516	0	2
4517	1	2
4518	0	1
4519	0	2
4520	1	4
4521	1	3
4522	2	2
4523	0	4
4524	0	8
4525	0	4
4526	0	1
4527	0	1
4528	0	4
4529	0	6
4530	1	1
4531	0	2
4532	1	4
4533	5	3
4534	3	5
4535	1	3
4536	2	5
4537	0	6
4538	1	6
4539	0	6
4540	1	7
4541	0	7
4542	0	3
4543	0	3
4544	0	4
4546	0	3
4547	0	5
4549	4	1
4550	1	1
4551	1	5
4552	1	3
4553	0	2
4555	3	4
4557	2	0
4558	1	3
4559	0	4
4560	2	1
4561	1	4
4562	3	0
4563	2	3
4564	1	0
4565	1	2
4566	0	6
4567	3	3
4568	0	2
4569	3	5
4570	2	3
4571	1	3
4572	0	4
4573	1	3
4574	2	0
4575	0	3
4576	1	5
4577	0	4
4578	0	3
4579	2	4
4580	1	4
4581	2	1
4582	0	2
4583	0	4
4584	3	2
4585	0	4
4586	0	1
4587	2	1
4588	3	7
4589	0	2
4590	2	3
4591	0	7
4592	2	4
4593	1	0
4594	1	4
4595	1	4
4596	3	3
4597	0	1
4598	1	3
4599	0	2
4600	2	3
4601	1	4
4602	2	4
4603	2	4
4604	0	2
4605	3	2
4606	0	5
4607	3	1
4608	2	1
4609	3	3
4610	3	1
4611	0	6
4612	1	0
4613	2	5
4614	0	1
4615	2	2
4616	0	3
4617	1	2
4618	1	2
4619	0	3
4620	1	2
4621	1	4
4622	2	1
4623	0	4
4624	2	1
4625	2	0
4626	0	1
4627	2	0
4628	1	2
4629	2	3
4630	0	3
4631	1	2
4632	1	4
4633	1	2
4634	3	3
4635	0	3
4636	0	6
4637	0	1
4638	0	2
4639	1	3
4640	1	2
4641	0	3
4642	1	4
4643	1	1
4644	1	2
4645	2	6
4646	0	2
4647	2	2
4648	1	3
4649	0	4
4650	1	4
4651	0	3
4652	3	3
4653	2	5
4654	0	3
4655	1	1
4656	0	1
4657	0	3
4658	0	5
4659	2	2
4660	1	0
4661	6	2
4662	1	1
4663	2	4
4664	1	4
4665	3	2
4666	1	0
4667	0	3
4668	0	2
4669	2	5
4670	2	0
4671	0	4
4672	2	5
4673	0	3
4674	5	3
4675	2	4
4676	1	5
4677	1	4
4678	0	3
4679	1	0
4680	1	4
4681	0	4
4682	1	5
4683	2	1
4684	1	0
4685	1	5
4686	1	5
4687	3	4
4688	0	2
4689	0	6
4690	1	1
4691	3	6
4692	1	2
4693	0	3
4694	0	6
4695	1	5
4696	2	2
4697	0	3
4698	0	3
4699	2	2
4700	1	1
4701	0	3
4702	2	1
4703	1	3
4704	1	3
4705	1	5
4706	0	4
4707	0	6
4708	1	2
4709	3	4
4710	1	1
4711	0	2
4713	3	6
4714	0	5
4715	0	2
4716	0	1
4717	1	2
4718	0	2
4719	1	5
4720	2	4
4721	1	4
4722	0	5
4723	1	0
4724	0	6
4725	0	2
4726	1	7
4727	2	0
4728	1	6
4729	1	2
4730	5	2
4731	0	5
4732	1	3
4733	1	0
4734	0	3
4735	1	3
4736	0	1
4737	2	2
4738	0	3
4739	0	6
4740	2	4
4741	0	8
4742	1	3
4743	1	8
4744	1	2
4745	1	2
4746	0	1
4747	1	1
4749	3	2
4750	1	2
4751	0	1
4752	0	2
4753	1	9
4754	0	3
4755	0	6
4756	3	3
4757	0	1
4758	3	2
4759	1	5
4760	0	3
4761	2	3
4762	1	2
4763	0	3
4764	1	1
4765	0	1
4766	0	4
4767	1	2
4768	0	1
4769	2	3
4770	1	4
4771	2	1
4772	1	3
4773	2	3
4774	0	5
4775	2	3
4776	0	2
4777	1	0
4778	2	3
4779	1	1
4780	1	2
4781	1	4
4782	0	3
4783	0	1
4784	0	2
4785	0	1
4786	0	5
4787	0	2
4788	2	0
4789	0	3
4790	1	3
4791	1	4
4792	2	3
4793	2	4
4794	1	2
4795	2	0
4796	1	7
4797	3	5
4798	1	5
4799	1	4
4800	2	5
4801	2	3
4802	0	4
4804	0	3
4805	2	6
4806	1	1
4807	2	3
4808	1	2
4809	1	2
4810	1	2
4811	0	2
4812	1	4
4813	0	4
4814	0	2
4815	4	5
4816	1	7
4817	1	4
4818	1	3
4820	0	2
4821	1	2
4822	1	0
4823	1	5
4824	1	3
4825	1	2
4826	1	2
4827	0	4
4828	1	1
4829	0	4
4830	0	1
4831	2	2
4832	0	2
4833	0	1
4834	0	4
4835	1	2
4836	1	3
4837	0	2
4838	1	3
4839	0	1
4840	2	5
4841	1	2
4842	3	2
4843	1	0
4844	1	4
4845	3	5
4846	6	3
4847	0	2
4849	0	8
4850	0	3
4851	0	4
4852	0	4
4853	1	1
4854	1	7
4855	0	6
4856	1	4
4857	1	3
4858	0	4
4859	1	4
4860	2	2
4861	1	6
4862	2	4
4863	1	7
4864	1	4
4865	1	2
4866	2	2
4867	0	2
4868	1	1
4869	1	3
4870	0	3
4871	3	5
4872	1	2
4873	1	5
4874	2	5
4875	0	2
4876	1	5
4877	0	3
4878	1	3
4879	3	5
4880	1	1
4881	0	4
4882	0	6
4883	0	4
4884	1	3
4885	0	2
4887	1	4
4888	1	3
4889	1	3
4890	1	4
4891	0	4
4892	0	3
4893	3	3
4894	0	1
4895	0	1
4896	0	1
4897	1	5
4898	0	1
4899	0	3
4900	0	8
4901	2	3
4902	1	1
4903	1	4
4904	0	4
4905	1	1
4906	1	3
4907	0	5
4908	1	3
4909	5	2
4910	2	1
4911	2	4
4912	3	7
4913	2	4
4914	0	1
4915	3	1
4916	1	2
4918	1	3
4919	0	2
4920	0	2
4921	3	0
4922	1	1
4923	2	1
4924	1	5
4925	2	5
4926	2	3
4927	1	1
4928	2	0
4929	1	1
4930	1	3
4931	3	3
4932	0	3
4933	2	3
4934	0	3
4935	0	3
4936	0	7
4937	0	2
4938	0	3
4939	2	5
4940	2	3
4941	4	2
4942	0	2
4943	1	1
4944	1	1
4945	2	2
4946	2	2
4947	0	2
4948	1	1
4949	0	3
4950	2	5
4951	1	4
4952	2	2
4953	0	2
4954	0	1
4955	2	1
4956	2	4
4957	0	4
4958	2	4
4959	0	1
4960	2	0
4961	0	2
4962	1	4
4963	1	2
4964	0	4
4965	1	3
4966	2	2
4967	2	1
4968	1	1
4969	0	3
4970	1	8
4971	1	4
4972	3	0
4974	0	4
4975	0	2
4976	1	2
4977	1	2
4978	2	7
4979	1	3
4980	0	1
4981	4	1
4982	0	3
4983	1	2
4984	0	2
4985	1	8
4986	3	3
4987	2	5
4988	2	2
4989	0	2
4990	0	3
4991	0	4
4992	1	4
4993	0	4
4994	1	3
4995	2	1
4996	0	3
4997	1	4
4998	2	5
4999	0	4
5000	4	3
5001	0	2
5002	1	7
5003	0	5
5004	3	2
5005	3	3
5006	1	2
5007	0	1
5008	0	1
5009	0	3
5010	5	2
5011	2	4
5012	2	5
5013	0	1
5014	0	1
5015	0	4
5016	0	3
5017	2	2
5018	1	6
5019	4	3
5020	1	2
5021	3	0
5022	2	1
5023	1	3
5024	1	0
5025	0	6
5026	1	1
5028	0	1
5029	1	0
5030	1	3
5031	1	5
5032	0	2
5033	1	3
5034	3	2
5035	0	4
5036	1	3
5037	1	4
5038	2	4
5039	0	1
5040	1	1
5041	0	1
5042	0	4
5043	2	3
5044	1	3
5045	1	4
5046	2	5
5047	3	5
5048	1	2
5049	1	3
5050	0	1
5051	0	3
5052	1	2
5053	0	2
5054	1	3
5055	1	3
5056	3	2
5057	1	5
5058	3	7
5059	0	2
5060	1	2
5061	1	4
5062	1	5
5063	0	2
5064	0	1
5065	0	3
5066	0	5
5067	1	1
5068	2	2
5069	1	6
5070	0	3
5071	1	3
5072	1	3
5073	0	2
5074	1	4
5075	1	3
5076	1	4
5077	2	2
5078	1	5
5079	0	1
5080	3	5
5081	1	3
5082	1	5
5083	0	3
5084	0	6
5085	2	4
5086	1	7
5087	1	1
5088	0	2
5089	0	2
5090	2	2
5091	0	7
5092	2	3
5093	2	1
5094	1	1
5095	1	3
5096	2	3
5097	1	2
5098	0	1
5099	0	6
5100	1	1
5101	1	5
5102	0	5
5103	1	2
5104	3	6
5105	2	2
5106	2	4
5107	1	0
5108	0	3
5109	0	2
5110	0	4
5111	1	3
5112	0	2
5113	0	2
5114	0	7
5115	1	2
5116	2	2
5117	0	4
5118	0	2
5119	2	1
5120	0	2
5121	0	6
5122	1	2
5123	0	4
5124	0	5
5125	1	3
5126	1	3
5127	0	2
5128	1	0
5129	1	3
5130	1	2
5131	2	0
5132	2	1
5133	1	5
5134	0	3
5135	3	0
5136	1	4
5137	0	1
5138	1	3
5140	0	2
5141	1	1
5142	3	2
5144	2	3
5145	0	4
5146	0	2
5147	3	5
5148	0	2
5149	1	5
5150	1	1
5151	1	3
5152	0	3
5153	0	4
5154	1	4
5155	1	1
5156	0	2
5157	0	4
5158	0	2
5159	1	1
5160	2	0
5161	1	1
5162	0	2
5163	0	2
5164	0	2
5165	0	4
5166	2	3
5167	1	3
5168	2	3
5169	1	3
5170	3	3
5171	1	4
5172	1	2
5173	1	3
5174	1	3
5175	3	3
5176	1	0
5177	0	2
5178	0	5
5179	1	3
5180	1	1
5181	1	4
5182	3	4
5183	1	3
5184	1	3
5185	3	4
5186	1	0
5187	2	1
5188	2	3
5189	0	3
5190	0	3
5191	0	1
5192	1	3
5193	3	2
5194	1	0
5195	1	3
5196	2	0
5197	0	4
5198	0	3
5199	1	3
5200	0	2
5201	1	1
5202	0	1
5203	1	3
5204	0	4
5205	5	3
5206	0	7
5207	1	1
5208	1	4
5209	0	1
5210	1	1
5211	1	3
5212	1	2
5213	1	4
5214	0	2
5215	0	1
5216	1	2
5217	0	3
5218	0	5
5219	0	1
5220	0	2
5221	0	4
5222	2	2
5223	0	5
5224	0	1
5225	0	4
5227	1	1
5228	1	2
5229	3	3
5230	3	2
5231	1	1
5232	1	5
5233	1	2
5234	1	2
5235	1	3
5236	1	0
5237	3	5
5238	3	5
5239	1	4
5240	2	6
5241	2	3
5242	2	2
5243	1	2
5244	2	3
5245	2	5
5246	0	2
5247	0	3
5248	3	2
5249	1	6
5250	1	3
5251	0	2
5252	1	1
5253	0	2
5254	0	3
5255	0	5
5256	0	6
5257	2	2
5258	1	3
5259	1	2
5260	0	3
5261	0	2
5262	1	3
5263	0	4
5264	4	6
5265	2	6
5266	0	2
5267	1	1
5268	1	5
5269	1	1
5270	1	3
5271	1	3
5272	1	3
5273	0	4
5274	1	1
5275	1	3
5276	1	6
5277	2	1
5278	3	3
5279	0	3
5280	0	1
5281	2	4
5282	2	2
5283	0	3
5284	0	4
5285	3	1
5286	0	3
5287	0	1
5288	1	2
5289	0	2
5290	0	2
5291	2	3
5292	0	3
5293	2	2
5294	3	4
5295	0	1
5296	0	2
5297	0	3
5298	4	4
5299	1	0
5300	2	3
5301	1	4
5302	3	2
5303	1	2
5304	1	0
5305	1	2
5306	2	2
5307	0	4
5308	2	1
5309	0	5
5310	1	2
5311	1	5
5312	1	2
5313	1	5
5314	1	1
5315	2	5
5316	0	6
5317	1	5
5318	2	4
5319	1	2
5320	1	5
5321	0	3
5322	0	6
5323	2	2
5324	1	1
5325	2	0
5326	3	2
5327	2	5
5329	4	4
5330	4	4
5331	2	1
5332	0	3
5333	1	1
5334	1	1
5335	2	2
5336	1	2
5337	3	3
5338	1	2
5339	2	3
5340	2	1
5341	0	3
5342	0	1
5343	2	1
5344	2	4
5345	0	3
5346	1	1
5347	4	5
5348	2	4
5349	3	1
5350	3	0
5351	0	5
5352	1	3
5353	0	4
5354	0	3
5355	4	4
5356	1	1
5357	0	1
5358	1	4
5359	1	5
5360	0	2
5361	1	0
5362	0	3
5363	1	3
5364	1	3
5365	1	3
5366	1	4
5367	0	4
5368	2	4
5369	0	4
5370	1	2
5371	0	5
5372	1	1
5373	2	1
5374	2	2
5375	2	5
5376	1	4
5377	2	2
5378	1	1
5379	0	3
5380	1	2
5382	3	2
5383	2	3
5384	0	3
5385	0	2
5386	0	1
5387	1	1
5388	0	6
5390	2	1
5391	3	0
5392	0	1
5393	1	4
5394	0	3
5395	1	3
5396	1	8
5397	5	3
5398	3	1
5399	2	5
5400	0	3
5401	0	1
5402	3	2
5403	1	0
5404	2	1
5405	2	1
5406	0	1
5407	1	2
5408	2	2
5409	3	5
5410	0	5
5411	2	6
5412	2	2
5413	1	5
5414	1	1
5415	0	4
5416	2	1
5417	0	2
5418	1	2
5419	2	3
5420	2	3
5421	0	4
5422	4	4
5423	0	3
5424	1	3
5426	0	4
5427	2	3
5428	1	2
5429	0	7
5430	1	2
5431	1	0
5432	2	6
5433	4	3
5434	1	3
5435	2	2
5437	1	3
5438	2	3
5439	2	1
5440	1	2
5441	1	4
5442	1	1
5443	1	2
5444	0	1
5445	0	1
5446	0	2
5447	0	1
5448	0	3
5449	4	3
5450	2	1
5451	0	2
5452	1	3
5453	1	3
5454	3	6
5455	3	1
5456	0	1
5457	0	1
5458	1	3
5459	0	1
5460	1	7
5461	1	5
5462	2	2
5463	4	3
5464	0	2
5465	0	4
5466	1	4
5467	1	5
5468	1	2
5469	0	2
5470	2	3
5471	4	4
5472	0	1
5473	2	1
5474	0	1
5475	3	1
5476	0	2
5477	0	1
5478	3	2
5479	1	3
5480	3	1
5481	0	2
5482	2	2
5483	2	5
5484	2	8
5485	1	4
5486	0	3
5487	1	1
5488	3	5
5489	1	5
5490	0	3
5491	1	2
5492	1	3
5493	0	3
5494	1	3
5495	0	4
5497	0	7
5498	1	6
5499	1	1
5500	2	4
5501	0	4
5502	0	3
5503	2	2
5504	2	0
5505	0	4
5506	0	1
5507	0	2
5508	1	6
5509	0	4
5510	1	3
5511	2	0
5512	4	3
5513	3	3
5514	7	0
5515	1	4
5516	1	3
5517	0	3
5518	1	3
5519	2	2
5520	1	5
5521	0	2
5522	1	1
5523	2	4
5524	1	3
5525	1	2
5526	1	4
5527	3	0
5528	1	3
5529	0	3
5530	1	2
5531	1	5
5532	2	3
5533	3	3
5534	1	1
5535	1	4
5536	0	1
5537	1	2
5538	2	0
5539	0	1
5540	2	7
5541	0	6
5542	0	3
5543	2	2
5544	0	4
5545	1	1
5546	0	3
5547	2	0
5548	0	3
5549	0	2
5550	1	6
5551	1	2
5552	2	1
5553	0	5
5554	0	2
5555	0	2
5556	1	5
5558	2	5
5559	0	2
5560	2	4
5561	0	3
5562	1	1
5563	3	0
5564	2	6
5565	1	2
5566	2	4
5567	2	2
5568	2	5
5569	1	1
5570	2	3
5571	1	4
5572	2	6
5573	0	1
5574	2	3
5575	4	2
5576	3	3
5577	3	5
5578	0	1
5579	1	2
5581	1	1
5582	1	0
5583	2	3
5584	0	1
5585	4	3
5586	1	1
5587	0	3
5588	2	1
5589	0	2
5590	3	5
5591	0	3
5592	0	2
5593	0	5
5594	0	3
5595	0	5
5596	0	2
5597	0	4
5598	1	3
5599	0	3
5600	0	3
5601	1	0
5602	1	4
5603	2	6
5604	3	2
5605	1	7
5606	0	3
5607	4	0
5608	1	5
5609	1	4
5610	1	2
5611	0	2
5612	0	4
5614	1	5
5615	1	3
5616	1	3
5617	0	1
5618	3	0
5619	3	6
5620	0	3
5621	1	4
5622	3	2
5623	0	2
5624	1	2
5625	0	4
5626	1	3
5627	3	4
5628	1	1
5629	0	4
5630	1	3
5631	0	1
5632	1	1
5633	0	3
5634	2	2
5635	1	2
5636	0	3
5637	0	3
5638	1	8
5639	1	4
5640	0	3
5641	2	4
5642	0	4
5643	1	1
5644	0	5
5645	1	2
5646	1	1
5647	0	6
5648	2	3
5649	0	4
5650	0	3
5651	1	2
5652	1	5
5653	0	1
5654	1	3
5655	0	3
5656	0	3
5657	0	2
5658	0	2
5659	0	2
5660	0	1
5661	0	2
5662	0	2
5663	0	1
5664	0	1
5665	2	2
5666	0	1
5667	1	5
5668	0	3
5669	1	6
5670	0	1
5671	0	2
5672	1	2
5673	0	3
5674	1	2
5675	0	4
5676	3	5
5677	0	4
5678	1	2
5679	0	3
5680	0	2
5681	1	3
5682	0	2
5683	1	2
5684	0	1
5685	0	3
5686	0	3
5687	0	3
5688	2	2
5689	1	3
5690	1	6
5691	0	4
5692	0	2
5693	0	2
5694	2	5
5695	1	2
5697	1	0
5698	0	2
5699	2	2
5700	0	4
5701	4	0
5702	0	1
5703	1	2
5704	0	3
5705	1	4
5706	0	2
5707	3	2
5708	1	5
5709	0	2
5710	2	4
5711	0	4
5712	0	5
5713	1	2
5714	1	3
5715	1	3
5716	1	2
5717	0	2
5718	0	6
5719	0	2
5720	2	2
5721	0	1
5722	1	3
5723	4	4
5724	2	3
5725	1	3
5727	0	2
5728	4	1
5729	1	4
5731	0	1
5732	0	3
5733	0	1
5734	2	6
5735	1	0
5736	0	3
5737	2	5
5738	0	1
5739	2	4
5740	0	6
5741	2	2
5742	7	8
5743	1	2
5744	0	3
5745	1	6
5746	1	1
5747	0	2
5748	1	1
5749	0	1
5750	2	2
5751	2	2
5752	1	2
5753	4	5
5754	2	4
5755	0	1
5756	3	4
5757	2	1
5758	1	3
5759	1	5
5761	3	3
5762	1	5
5763	2	2
5764	0	1
5765	4	4
5766	2	0
5767	2	4
5768	0	2
5769	1	1
5770	0	5
5771	0	1
5772	3	3
5773	2	3
5774	2	2
5775	0	2
5776	2	4
5777	0	3
5778	0	3
5779	0	1
5780	2	3
5781	0	3
5782	1	2
5783	1	3
5784	1	1
5785	0	5
5786	0	4
5787	2	2
5788	3	8
5789	2	2
5790	1	5
5791	1	3
5792	2	2
5793	1	2
5794	3	4
5795	0	2
5796	0	5
5797	1	3
5798	2	3
5799	1	2
5800	0	1
5801	6	4
5802	2	6
5803	0	4
5804	4	4
5805	1	3
5806	1	4
5807	1	2
5808	1	5
5809	0	1
5810	1	4
5811	3	1
5812	2	2
5813	1	4
5814	2	7
5815	2	3
5816	1	0
5817	1	2
5818	2	3
5819	1	2
5820	2	3
5821	1	3
5822	0	4
5823	4	4
5824	0	3
5825	0	4
5826	0	2
5827	2	3
5828	0	3
5829	0	4
5830	2	1
5831	0	4
5832	0	3
5833	2	4
5834	2	2
5835	4	4
5836	2	3
5838	1	3
5839	0	4
5840	1	5
5841	2	1
5842	1	5
5843	0	3
5844	0	4
5845	0	2
5846	1	2
5847	1	5
5848	1	1
5849	2	2
5850	4	1
5851	2	5
5852	1	3
5853	3	3
5854	2	4
5855	1	2
5856	1	2
5857	5	2
5858	0	1
5859	1	3
5860	2	4
5861	0	2
5862	2	2
5863	1	3
5864	0	3
5865	1	1
5866	0	4
5867	0	2
5868	0	5
5869	0	3
5870	1	3
5871	3	5
5872	2	6
5873	0	3
5874	1	4
5875	2	1
5876	1	2
5877	1	3
5879	0	1
5880	2	1
5881	0	4
5882	2	5
5883	3	1
5884	1	2
5885	1	0
5886	0	1
5887	1	1
5888	2	2
5889	1	3
5890	4	0
5891	1	1
5892	5	1
5893	4	0
5894	4	0
5895	0	5
5896	1	3
5897	1	4
5899	0	2
5900	0	3
5901	0	1
5902	0	4
5903	1	4
5904	2	3
5905	1	3
5906	1	2
5907	0	2
5908	0	4
5909	1	3
5910	1	5
5911	2	7
5912	1	4
5913	0	2
5914	0	5
5915	1	2
5917	2	3
5918	1	1
5919	0	3
5920	2	3
5921	2	4
5922	2	4
5923	0	5
5924	4	5
5925	0	1
5926	0	2
5927	1	1
5928	1	5
5929	0	3
5930	0	1
5931	4	3
5932	2	4
5933	1	4
5934	1	5
5935	3	3
5936	4	3
5937	1	0
5938	1	4
5939	1	4
5940	2	2
5941	0	6
5942	2	4
5943	1	0
5944	1	2
5945	0	4
5946	0	3
5947	0	5
5948	1	2
5949	0	5
5950	1	2
5951	0	3
5952	0	3
5953	0	4
5955	0	5
5956	2	1
5957	2	2
5958	2	3
5959	1	2
5960	0	2
5961	1	3
5962	1	5
5963	2	3
5965	0	2
5966	4	2
5967	0	2
5968	0	3
5969	3	5
5970	1	7
5971	0	3
5972	2	3
5973	4	4
5974	1	3
5975	2	6
5976	0	1
5978	1	1
5979	3	0
5980	1	0
5981	1	6
5982	2	1
5983	1	1
5984	2	3
5985	1	3
5986	3	4
5987	0	5
5988	1	1
5989	0	4
5991	2	4
5993	0	6
5994	0	1
5995	0	2
5996	1	4
5997	0	3
5998	1	2
5999	1	6
6000	2	1
6001	0	4
6002	0	2
6003	1	1
6004	2	2
6005	0	5
6007	0	4
6008	2	2
6009	2	5
6010	2	4
6011	0	5
6012	2	5
6013	1	2
6014	1	1
6015	1	1
6016	1	4
6017	1	1
6018	0	7
6019	0	4
6020	0	1
6021	1	2
6022	4	3
6023	1	2
6024	1	4
6025	1	5
6026	2	1
6027	1	5
6028	1	5
6029	3	3
6030	2	2
6031	1	9
6032	1	3
6033	1	5
6034	3	3
6035	1	1
6036	0	2
6037	1	2
6038	0	2
6040	2	2
6041	0	1
6042	3	7
6043	2	1
6044	1	3
6045	3	2
6046	3	6
6047	0	3
6049	1	5
6050	1	2
6051	1	2
6052	1	2
6053	0	1
6054	3	2
6055	3	3
6056	1	2
6057	1	2
6058	0	1
6059	3	2
6060	4	1
6061	3	1
6062	0	2
6063	1	3
6064	1	2
6065	1	3
6066	1	3
6067	0	4
6068	3	4
6069	2	7
6070	2	4
6071	2	1
6072	1	5
6073	1	1
6074	1	2
6075	1	2
6076	1	3
6077	1	4
6078	1	3
6079	4	5
6080	2	1
6081	4	3
6082	3	4
6083	3	3
6084	1	4
6085	0	1
6086	1	2
6087	3	1
6088	3	4
6089	1	4
6090	1	2
6091	1	4
6092	1	2
6093	2	3
6094	1	6
6095	1	3
6096	0	4
6097	1	2
6098	0	4
6100	1	2
6101	2	2
6102	4	4
6103	0	1
6105	0	3
6106	1	1
6107	1	2
6108	1	4
6109	1	2
6110	0	3
6111	3	2
6112	0	1
6113	3	4
6114	0	3
6115	0	3
6116	1	3
6117	1	2
6118	3	3
6119	1	2
6120	1	1
6121	0	4
6122	3	4
6123	2	1
6124	0	4
6125	1	3
6126	0	1
6127	1	3
6128	0	4
6129	2	5
6130	2	1
6131	1	3
6132	1	1
6133	3	1
6134	0	2
6135	1	2
6136	1	3
6137	0	8
6138	1	3
6140	0	1
6141	1	3
6142	0	3
6143	1	2
6144	2	3
6145	1	5
6146	0	1
6147	2	5
6148	0	1
6149	2	2
6150	0	2
6151	0	4
6152	1	1
6153	0	2
6154	1	2
6155	0	6
6156	2	1
6157	0	4
6158	1	2
6159	2	6
6160	1	5
6161	3	2
6162	2	0
6163	1	2
6164	4	1
6165	0	2
6166	1	3
6167	0	4
6168	0	3
6170	0	3
6171	2	2
6172	2	4
6173	2	6
6174	0	2
6175	1	10
6176	1	1
6177	1	2
6178	1	2
6179	0	3
6180	3	1
6181	1	1
6182	0	3
6183	2	6
6184	0	2
6185	0	2
6186	1	1
6187	1	1
6188	0	4
6189	0	6
6190	2	5
6191	1	6
6192	1	8
6193	1	4
6194	0	1
6195	1	3
6196	1	0
6197	0	4
6199	0	1
6200	2	4
6201	3	2
6202	0	3
6203	0	2
6204	1	4
6205	0	4
6206	1	2
6207	2	2
6208	1	2
6209	3	4
6210	0	1
6211	1	2
6212	0	2
6213	0	5
6214	2	4
6215	0	4
6216	1	3
6217	1	1
6218	0	5
6219	2	1
6220	0	2
6221	2	2
6222	0	3
6223	0	3
6224	2	5
6225	2	1
6226	1	4
6227	3	4
6228	1	3
6230	1	2
6231	0	3
6232	0	5
6233	1	3
6234	0	4
6235	2	2
6236	1	2
6237	1	4
6238	2	1
6239	2	1
6240	2	1
6241	0	4
6242	1	1
6243	0	2
6244	1	3
6245	0	3
6246	0	1
6247	0	4
6248	2	2
6249	2	5
6251	2	3
6252	4	4
6253	2	8
6254	2	4
6255	1	2
6256	2	3
6257	1	2
6258	3	5
6259	3	10
6260	2	2
6261	1	7
6262	0	4
6263	1	3
6264	0	3
6265	2	3
6266	0	1
6267	1	3
6268	1	1
6269	1	3
6271	2	4
6272	0	3
6273	3	3
6274	0	2
6275	0	3
6276	1	3
6277	1	3
6278	1	1
6279	1	3
6280	1	2
6281	1	1
6282	0	1
6284	1	3
6285	0	4
6286	0	2
6287	1	5
6288	1	3
6289	1	3
6290	3	2
6291	0	3
6292	2	2
6293	0	4
6294	1	1
6295	2	4
6296	1	3
6297	0	1
6298	1	7
6299	4	2
6300	2	2
6301	2	3
6302	0	7
6304	1	3
6305	3	1
6306	0	3
6307	1	1
6308	1	5
6309	1	2
6310	2	3
6311	0	4
6312	2	2
6313	0	2
6314	0	3
6315	3	1
6316	1	2
6317	1	4
6318	1	3
6319	0	3
6320	1	4
6321	1	1
6322	0	3
6323	0	2
6324	0	2
6325	0	3
6326	1	4
6327	2	2
6328	1	2
6329	1	3
6330	1	1
6331	0	4
6332	0	1
6333	2	3
6334	1	3
6335	1	4
6336	0	1
6337	1	1
6338	2	4
6339	1	5
6340	1	3
6341	0	2
6342	1	1
6343	0	3
6344	1	2
6345	0	2
6346	1	4
6347	1	6
6348	2	0
6349	3	0
6350	2	4
6351	1	4
6352	1	4
6353	2	2
6354	1	2
6355	0	1
6356	4	3
6357	1	2
6358	1	2
6359	0	2
6360	2	7
6361	0	5
6362	0	1
6363	0	2
6364	0	1
6365	2	1
6366	2	0
6367	1	1
6368	1	5
6369	1	4
6370	1	0
6371	3	1
6372	2	3
6373	1	3
6374	1	3
6375	4	5
6376	0	1
6377	1	3
6378	1	2
6379	2	3
6380	0	4
6381	0	3
6382	0	3
6383	0	2
6384	0	4
6385	2	1
6386	2	1
6387	2	0
6388	0	2
6389	0	2
6390	0	1
6391	1	3
6392	1	3
6393	1	5
6394	3	3
6395	2	6
6396	0	2
6397	1	4
6398	6	1
6399	0	1
6400	1	5
6401	0	4
6402	0	3
6403	1	3
6404	0	1
6405	1	2
6406	2	2
6407	1	0
6408	0	2
6409	1	2
6410	1	1
6411	2	3
6412	2	3
6413	1	6
6414	0	6
6415	4	4
6416	2	0
6417	2	3
6418	2	1
6419	2	5
6420	2	6
6421	1	5
6422	0	2
6423	4	2
6424	1	1
6425	0	2
6426	3	3
6427	1	2
6428	1	1
6429	0	2
6430	0	5
6431	0	6
6432	1	1
6433	1	2
6434	0	7
6435	2	1
6436	2	1
6437	2	1
6438	0	6
6439	2	8
6440	1	3
6441	2	1
6442	5	4
6443	4	0
6444	1	1
6445	1	4
6446	1	5
6447	4	4
6448	1	0
6449	3	1
6450	0	3
6451	2	3
6452	2	2
6453	0	2
6454	0	2
6455	2	3
6456	1	1
6457	0	1
6458	1	5
6459	6	3
6460	2	2
6461	2	3
6462	0	2
6463	2	3
6464	4	3
6465	1	3
6466	1	2
6467	3	4
6468	0	2
6469	0	2
6470	0	4
6471	3	2
6472	2	1
6473	0	3
6474	0	3
6475	1	4
6476	2	2
6477	0	3
6478	2	1
6479	3	4
6480	2	3
6481	1	3
6482	0	4
6483	1	4
6484	2	1
6485	1	5
6486	0	2
6487	1	6
6488	4	3
6489	0	4
6490	1	4
6491	1	1
6492	1	3
6493	0	4
6494	0	4
6495	0	2
6496	1	1
6497	1	6
6498	0	4
6499	0	3
6500	0	3
6501	0	2
6502	1	0
6503	2	1
6504	0	3
6505	0	1
6506	2	2
6507	4	5
6508	1	4
6509	1	3
6510	0	5
6511	0	4
6512	0	5
6513	3	5
6514	0	3
6515	0	2
6516	0	6
6517	1	0
6518	0	3
6519	2	2
6520	1	3
6522	0	4
6523	0	3
6524	1	1
6525	1	6
6526	2	2
6527	1	3
6528	0	3
6529	2	3
6530	3	4
6531	0	5
6532	1	1
6533	0	2
6534	1	3
6535	3	3
6536	1	3
6537	1	2
6538	0	2
6539	0	3
6540	1	0
6541	0	1
6542	0	5
6543	2	1
6544	0	7
6545	0	2
6546	2	0
6547	3	5
6548	0	2
6549	0	3
6550	2	3
6551	2	4
6552	3	3
6553	3	5
6554	0	3
6555	1	3
6556	0	1
6557	0	2
6558	3	5
6559	4	1
6560	6	5
6561	3	1
6562	2	2
6563	4	2
6565	1	3
6566	0	2
6567	2	0
6568	4	1
6569	0	5
6570	1	3
6571	1	4
6572	3	3
6573	0	3
6574	1	1
6575	2	3
6576	3	6
6577	1	4
6578	1	6
6579	0	3
6580	1	0
6581	2	1
6582	2	1
6583	0	4
6584	1	1
6585	4	2
6586	2	4
6587	4	3
6588	1	0
6589	2	3
6590	1	3
6591	1	2
6592	1	4
6593	3	3
6594	2	3
6595	1	2
6596	0	3
6597	0	1
6598	2	2
6599	1	5
6600	3	2
6601	1	3
6602	1	6
6603	1	3
6604	2	2
6605	3	3
6607	2	1
6608	2	2
6609	4	3
6610	2	0
6611	2	3
6612	1	6
6613	1	2
6614	3	3
6615	3	5
6617	1	2
6618	3	2
6619	1	2
6620	2	1
6621	1	4
6622	2	3
6623	3	2
6624	0	1
6625	0	2
6626	0	2
6627	4	3
6628	0	6
6629	1	4
6630	2	2
6631	2	5
6632	1	4
6633	1	3
6634	1	4
6635	2	2
6636	0	3
6637	1	3
6638	2	0
6639	2	3
6640	0	2
6641	1	5
6642	2	3
6643	2	2
6644	2	3
6645	1	2
6646	2	2
6647	1	5
6648	0	3
6649	0	1
6650	1	3
6651	0	3
6652	0	3
6653	1	1
6654	1	4
6655	0	1
6656	1	3
6657	0	1
6658	1	0
6659	1	3
6660	1	3
6661	1	2
6662	0	2
6663	0	6
6664	0	2
6665	1	2
6666	2	3
6667	1	3
6668	0	4
6669	2	3
6670	0	3
6671	0	3
6672	0	1
6673	2	2
6674	0	1
6675	1	3
6676	0	3
6677	1	3
6678	2	6
6679	1	1
6680	2	3
6681	0	3
6682	3	3
6683	1	2
6684	2	3
6685	0	5
6686	0	2
6687	2	4
6688	0	2
6689	3	3
6690	3	4
6691	0	3
6692	0	2
6693	0	3
6694	1	3
6695	2	1
6696	1	3
6697	0	1
6698	2	3
6699	1	4
6700	2	3
6701	2	2
6702	1	2
6703	1	4
6704	0	4
6705	4	1
6706	0	7
6707	1	2
6708	3	4
6709	2	3
6710	1	4
6711	0	3
6712	4	1
6713	1	2
6714	0	1
6715	0	4
6716	0	5
6717	1	2
6718	1	1
6719	0	1
6720	1	1
6721	2	2
6722	0	2
6723	2	4
6724	1	5
6725	2	4
6726	0	2
6727	3	5
6728	3	4
6729	5	2
6730	0	6
6731	0	3
6732	0	1
6733	1	4
6734	1	1
6735	1	1
6736	5	2
6737	1	5
6738	0	4
6739	0	2
6740	1	6
6741	4	3
6742	1	7
6743	1	2
6744	1	2
6745	1	6
6746	0	4
6747	0	2
6748	2	0
6749	0	1
6750	1	3
6751	0	4
6752	1	5
6753	1	1
6754	2	7
6755	0	1
6756	1	3
6757	1	3
6758	1	6
6759	1	4
6760	2	4
6761	2	7
6762	2	4
6763	1	1
6764	0	6
6765	0	4
6766	0	1
6767	4	2
6768	1	4
6770	2	5
6771	0	4
6772	0	7
6773	1	6
6774	0	1
6775	0	3
6776	0	2
6777	0	3
6778	1	2
6779	1	2
6780	1	2
6781	1	4
6782	0	4
6784	1	3
6785	1	4
6786	0	5
6787	1	2
6788	1	7
6789	2	2
6790	1	3
6791	5	0
6792	0	3
6793	1	4
6794	0	3
6795	2	2
6796	1	2
6797	1	1
6798	2	3
6799	1	3
6800	0	2
6801	0	2
6802	0	5
6803	3	2
6804	0	5
6805	0	2
6806	0	3
6807	1	3
6809	0	2
6810	1	1
6811	2	3
6812	2	0
6813	0	4
6814	0	5
6815	2	3
6816	0	3
6817	2	3
6818	2	2
6819	0	4
6820	0	2
6821	0	2
6822	3	3
6823	1	3
6824	2	1
6825	4	5
6826	1	3
6827	0	2
6828	1	4
6829	1	5
6830	3	1
6831	1	6
6832	2	2
6833	1	6
6834	1	3
6835	2	1
6837	0	5
6839	0	4
6840	0	7
6841	2	3
6842	0	4
6843	1	3
6844	0	2
6845	1	1
6846	0	3
6847	0	7
6848	3	4
6849	0	2
6850	0	4
6851	1	3
6852	6	5
6853	7	4
6854	6	9
6855	10	2
6856	3	5
6857	4	5
6858	7	2
6859	6	8
6860	4	2
6861	6	5
6862	2	1
6863	1	2
6864	1	1
6865	0	2
6866	1	2
6867	1	4
6869	0	1
6870	1	5
6871	2	3
6872	1	2
6873	1	4
6874	0	2
6875	3	2
6876	0	2
6877	0	6
6878	1	1
6879	2	2
6880	1	5
6882	1	5
6883	1	1
6884	1	4
6885	1	2
6886	1	2
6887	2	2
6889	0	3
6890	0	3
6891	0	1
6892	2	2
6893	4	4
6894	4	4
6895	0	2
6896	1	2
6897	3	4
6898	2	2
6899	0	2
6900	1	5
6901	0	2
6902	1	3
6903	1	5
6904	2	2
6905	2	0
6906	2	0
6907	1	3
6908	0	1
6909	0	4
6910	1	3
6911	2	1
6912	1	1
6913	1	1
6914	0	4
6915	0	1
6916	0	2
6917	0	2
6918	0	4
6919	2	6
6920	0	3
6921	2	4
6922	1	7
6923	0	4
6924	0	3
6925	0	1
6926	0	3
6927	1	1
6928	0	3
6929	2	3
6930	1	3
6931	3	2
6932	1	3
6933	0	4
6934	2	3
6935	2	1
6936	1	2
6937	2	2
6938	0	3
6939	1	2
6941	0	1
6942	0	2
6943	1	5
6944	0	4
6945	0	4
6946	0	2
6947	1	3
6948	6	3
6949	1	0
6950	2	3
6951	2	1
6952	2	1
6953	0	4
6954	2	3
6955	1	5
6956	0	8
6957	1	4
6958	1	5
6959	3	5
6961	1	4
6962	0	3
6963	3	3
6964	1	1
6965	3	4
6966	1	5
6967	0	2
6968	0	2
6969	1	4
6970	1	6
6971	2	4
6972	2	3
6973	0	4
6974	1	2
6975	1	2
6976	3	3
6977	0	3
6978	2	4
6979	0	1
6980	1	3
6981	0	4
6982	0	3
6983	0	3
6984	3	2
6985	1	5
6986	2	1
6987	1	3
6988	2	1
6989	0	5
6990	1	1
6991	1	2
6992	1	2
6993	1	0
6994	0	6
6995	0	4
6996	0	4
6997	0	6
6998	1	4
6999	0	3
7000	1	1
7001	0	3
7002	0	3
7003	0	1
7004	1	2
7005	3	2
7006	1	6
7007	1	3
7008	1	2
7009	2	1
7010	0	1
7011	1	5
7012	0	5
7013	0	3
7014	5	0
7015	1	3
7016	2	2
7018	4	3
7019	2	0
7020	2	3
7021	2	3
7022	3	4
7023	2	3
7024	0	3
7025	0	2
7026	2	4
7027	2	4
7028	2	3
7029	0	3
7030	2	6
7031	1	4
7032	0	3
7033	2	4
7034	3	3
7035	2	3
7036	0	9
7037	1	2
7038	2	2
7039	1	6
7040	2	3
7041	1	4
7042	1	1
7043	0	3
7044	1	1
7045	0	3
7046	2	1
7047	0	2
7048	6	3
7049	0	2
7050	0	1
7051	2	2
7052	1	5
7053	2	4
7054	0	1
7055	0	4
7056	1	1
7057	1	1
7058	2	2
7059	1	0
7060	1	2
7061	0	2
7062	2	1
7063	0	5
7064	0	4
7065	0	3
7066	2	2
7067	2	4
7068	2	0
7069	4	0
7070	2	4
7071	0	2
7072	0	6
7073	1	8
7074	3	1
7075	0	1
7076	1	2
7077	0	1
7078	0	4
7079	1	3
7080	1	3
7081	2	1
7082	1	4
7083	2	1
7084	2	4
7085	2	5
7086	1	1
7087	1	3
7088	0	2
7089	1	4
7090	0	5
7091	0	2
7092	1	2
7093	0	3
7094	0	3
7095	0	2
7096	1	0
7097	1	5
7098	0	3
7099	1	4
7100	0	3
7101	1	5
7102	1	1
7103	0	3
7104	0	9
7105	0	3
7106	2	5
7107	0	3
7108	2	4
7109	0	1
7110	1	3
7111	3	3
7112	3	3
7113	0	1
7114	2	1
7115	3	1
7116	0	7
7117	1	2
7118	1	2
7119	1	7
7120	2	3
7121	2	7
7122	1	2
7123	1	3
7124	3	3
7125	0	3
7126	2	2
7127	0	3
7128	1	6
7129	1	4
7130	3	3
7131	1	6
7132	2	6
7133	1	2
7134	1	6
7135	0	1
7136	1	2
7137	0	2
7138	2	2
7139	1	2
7140	2	4
7141	1	9
7142	0	3
7143	1	1
7144	1	4
7145	0	2
7146	0	4
7147	1	3
7148	3	3
7149	0	2
7150	4	2
7151	3	3
7152	0	1
7153	0	1
7154	1	3
7155	1	2
7156	0	1
7157	1	1
7158	3	2
7159	1	2
7160	1	4
7161	0	4
7162	2	1
7163	1	2
7164	0	3
7165	0	2
7166	1	3
7167	2	3
7168	0	3
7169	3	0
7170	0	4
7171	0	3
7172	0	1
7173	1	0
7174	1	0
7175	0	4
7176	2	3
7177	0	2
7178	3	6
7179	1	3
7180	1	4
7181	0	6
7182	1	4
7183	1	1
7184	0	3
7185	1	8
7187	3	3
7188	1	5
7189	1	2
7190	0	1
7191	3	4
7192	2	3
7193	1	1
7194	1	3
7195	3	2
7196	3	5
7197	1	2
7198	0	3
7199	3	1
7200	1	2
7201	1	2
7202	2	1
7203	1	4
7204	1	7
7205	1	2
7206	1	3
7207	3	4
7208	1	3
7209	1	4
7210	6	3
7211	0	2
7212	2	5
7213	2	4
7214	1	0
7215	2	3
7216	1	1
7217	0	2
7218	0	4
7219	0	1
7220	0	3
7221	2	3
7222	2	1
7223	1	6
7224	2	1
7225	3	4
7226	1	2
7227	1	1
7228	2	3
7229	1	3
7230	2	4
7231	2	5
7233	1	1
7234	1	2
7235	2	3
7236	0	2
7237	0	5
7238	1	0
7239	2	3
7240	0	3
7241	0	1
7242	0	3
7243	0	4
7244	0	2
7245	1	4
7246	0	2
7247	1	5
7248	1	2
7249	1	2
7250	1	1
7251	1	6
7252	2	3
7253	1	2
7254	0	1
7255	0	1
7256	0	6
7257	0	3
7258	0	3
7259	0	1
7260	0	5
7261	1	2
7262	1	3
7263	2	3
7264	0	3
7265	2	0
7266	2	3
7267	0	4
7268	2	8
7269	1	1
7270	1	5
7271	2	2
7272	3	2
7273	3	2
7274	1	2
7275	3	7
7276	3	4
7277	2	4
7278	0	1
7279	2	1
7280	1	6
7281	2	7
7282	1	2
7283	2	3
7284	1	3
7285	0	2
7286	2	1
7287	2	3
7288	1	2
7289	3	2
7290	0	2
7291	0	3
7292	2	2
7294	1	2
7295	0	3
7296	0	1
7297	0	3
7298	0	5
7299	2	5
7300	1	1
7301	0	4
7302	2	3
7303	3	4
7304	0	3
7305	1	2
7306	2	3
7307	4	3
7308	2	5
7309	2	3
7310	2	2
7311	3	3
7312	1	3
7313	3	2
7314	0	1
7315	0	1
7316	0	8
7317	3	7
7318	0	5
7319	2	8
7320	0	3
7321	0	4
7322	0	1
7323	2	2
7324	1	1
7325	2	3
7326	1	4
7327	3	2
7328	2	4
7329	2	6
7330	0	4
7331	1	4
7332	2	3
7333	2	3
7334	1	1
7335	1	2
7336	4	3
7337	1	2
7338	0	3
7339	1	6
7340	0	3
7342	0	4
7343	0	4
7344	1	4
7345	0	2
7346	1	2
7347	0	3
7348	0	4
7349	0	2
7350	0	2
7351	4	2
7352	2	4
7353	2	6
7354	0	8
7355	1	2
7356	1	4
7357	0	2
7358	0	7
7359	2	3
7360	1	2
7361	1	4
7362	1	2
7363	1	2
7364	0	3
7365	0	1
7366	0	4
7367	2	3
7368	0	3
7369	3	4
7370	0	2
7371	0	5
7372	0	2
7373	1	3
7374	2	4
7375	1	0
7376	2	4
7377	0	5
7378	2	4
7380	1	5
7381	0	2
7382	0	3
7383	0	3
7384	1	5
7385	0	3
7386	0	4
7387	0	3
7388	1	4
7389	0	6
7390	0	2
7391	1	1
7392	0	3
7393	2	7
7394	1	5
7395	1	1
7396	1	2
7397	1	2
7398	0	7
7399	2	1
7400	0	3
7401	0	4
7402	1	1
7403	2	1
7404	1	1
7405	2	3
7406	1	3
7407	2	1
7408	1	2
7409	1	6
7410	0	4
7411	1	2
7412	2	4
7413	0	3
7414	0	2
7415	1	2
7416	0	2
7417	0	5
7418	2	1
7419	0	4
7420	3	2
7421	1	1
7422	1	5
7423	1	2
7424	1	2
7425	0	3
7426	0	2
7428	0	9
7429	0	5
7430	0	6
7431	2	0
7432	2	3
7433	2	3
7434	1	2
7435	0	2
7436	3	2
7437	0	3
7439	1	2
7440	0	4
7441	1	3
7442	1	1
7443	1	0
7444	4	2
7445	1	4
7446	2	2
7447	1	4
7448	0	2
7449	0	2
7450	0	4
7451	1	3
7452	0	2
7453	2	1
7454	2	1
7455	1	2
7456	1	2
7457	1	1
7458	5	1
7459	1	4
7460	1	4
7461	1	1
7462	1	2
7463	1	3
7464	2	2
7465	0	2
7466	0	3
7467	2	1
7468	0	5
7469	1	1
7470	0	2
7471	5	2
7472	1	6
7473	1	2
7474	2	4
7475	0	1
7476	2	2
7477	2	3
7478	0	3
7479	0	2
7480	1	1
7481	1	4
7482	1	5
7483	2	3
7484	3	1
7485	0	4
7486	0	3
7487	3	4
7488	3	2
7489	1	2
7490	0	3
7491	3	3
7492	2	3
7494	2	3
7495	2	4
7496	1	0
7497	3	1
7498	2	2
7499	0	2
7500	2	2
7501	1	4
7502	1	7
7503	1	1
7504	1	2
7505	0	2
7506	1	3
7507	2	3
7508	0	3
7509	1	3
7510	2	3
7511	0	1
7512	0	4
7513	2	2
7514	0	1
7515	1	2
7516	1	0
7517	0	3
7518	0	5
7519	2	4
7520	1	4
7521	1	1
7522	0	6
7523	1	5
7524	4	5
7525	2	0
7526	2	3
7527	0	3
7528	1	3
7529	1	2
7530	2	2
7531	1	6
7532	3	5
7533	4	5
7534	0	2
7536	1	2
7537	0	2
7538	0	3
7539	1	3
7540	2	2
7541	2	4
7542	0	5
7543	0	3
7544	0	2
7545	3	2
7546	3	4
7547	1	2
7548	1	2
7549	1	2
7550	3	2
7551	1	1
7552	1	2
7553	1	2
7554	0	4
7555	0	2
7556	7	4
7557	0	3
7558	2	2
7559	0	2
7560	0	1
7561	2	2
7562	2	4
7563	2	1
7564	1	3
7565	1	5
7566	0	2
7567	2	1
7568	0	4
7569	1	4
7570	2	0
7571	0	1
7572	2	2
7573	1	6
7575	1	9
7576	1	5
7578	2	3
7579	3	6
7580	2	4
7581	1	3
7582	0	3
7583	0	1
7584	2	1
7585	0	1
7586	1	4
7587	3	1
7588	0	2
7589	2	4
7590	2	1
7592	0	3
7593	1	4
7594	1	1
7595	0	2
7596	0	4
7597	0	4
7598	0	2
7599	1	0
7600	2	2
7601	2	1
7602	3	2
7603	2	1
7604	1	2
7605	0	2
7606	1	6
7607	0	3
7608	1	10
7609	1	1
7610	3	5
7611	1	4
7612	3	4
7613	1	2
7614	2	3
7615	2	2
7616	0	4
7617	2	5
7618	0	3
7619	2	5
7620	1	4
7621	1	2
7622	1	4
7623	4	6
7624	2	4
7625	2	3
7626	1	2
7627	2	2
7628	0	4
7629	6	3
7630	0	3
7631	1	2
7632	0	3
7633	2	2
7634	3	1
7635	0	3
7636	0	2
7637	2	6
7638	0	3
7639	0	3
7640	2	6
7641	2	3
7642	1	7
7643	2	4
7644	0	2
7645	0	4
7646	2	1
7647	4	4
7648	2	3
7649	0	3
7650	0	1
7651	1	4
7652	0	3
7653	2	3
7654	1	2
7655	3	4
7656	0	4
7657	1	2
7658	3	0
7659	1	0
7660	3	4
7661	0	4
7662	2	2
7663	2	0
7664	1	3
7665	1	4
7666	3	6
7667	1	0
7668	4	3
7669	1	3
7670	1	2
7671	0	2
7672	3	2
7673	2	6
7674	7	4
7675	1	3
7676	4	1
7677	2	2
7678	0	3
7679	1	2
7680	1	1
7681	0	4
7682	3	3
7683	0	2
7684	0	3
7685	2	2
7686	0	1
7687	0	4
7688	3	1
7689	1	7
7690	4	3
7691	3	4
7692	3	4
7693	6	2
7694	6	3
7695	3	4
7696	2	2
7697	3	4
7698	0	4
7699	4	1
7700	2	5
7701	3	3
7702	0	3
7703	0	1
7704	1	2
7705	1	3
7706	0	2
7707	0	2
7708	4	1
7709	1	1
7710	1	5
7711	2	3
7712	4	3
7713	0	1
7714	1	2
7715	0	4
7716	1	4
7717	0	3
7718	0	2
7719	0	1
7720	0	1
7721	1	1
7722	0	4
7723	0	3
7724	1	4
7725	0	3
7726	0	4
7727	3	2
7728	1	2
7729	2	2
7731	2	0
7732	4	2
7733	0	3
7734	2	3
7735	0	3
7736	0	3
7737	0	3
7738	2	5
7739	0	3
7740	0	4
7741	1	2
7742	1	3
7743	2	4
7745	1	2
7746	0	3
7747	2	3
7748	1	3
7749	0	1
7750	0	2
7751	0	4
7752	2	1
7753	2	2
7754	1	4
7755	0	5
7756	0	2
7757	2	5
7758	0	3
7759	1	2
7760	1	2
7761	5	1
7762	1	0
7763	1	4
7764	2	6
7765	1	1
7766	1	1
7767	0	3
7768	1	4
7769	1	2
7770	3	4
7771	1	4
7772	3	3
7773	1	4
7774	0	1
7775	0	3
7776	2	3
7777	1	4
7778	2	3
7779	0	5
7780	4	2
7781	2	6
7782	1	2
7783	1	1
7784	2	2
7785	0	6
7786	1	2
7787	1	0
7788	0	3
7789	2	3
7790	0	4
7791	2	3
7792	1	4
7793	1	6
7794	0	2
7795	1	3
7796	2	3
7797	1	3
7798	1	1
7799	1	4
7800	2	4
7801	4	1
7802	3	3
7803	0	2
7805	0	4
7807	0	2
7808	1	3
7809	0	2
7810	2	3
7811	3	5
7812	2	3
7813	0	4
7814	0	2
7815	2	5
7816	1	2
7817	1	3
7818	4	2
7819	3	1
7820	2	5
7821	1	2
7822	1	3
7823	0	6
7824	2	3
7825	1	3
7826	1	2
7827	2	2
7828	1	3
7829	1	2
7830	2	1
7831	0	4
7832	0	2
7833	1	3
7834	0	4
7835	1	2
7836	4	1
7837	0	2
7838	0	3
7839	2	2
7840	2	5
7841	1	1
7842	2	5
7843	1	1
7844	3	3
7845	0	7
7846	1	1
7847	0	2
7848	1	3
7850	1	2
7851	3	6
7852	2	2
7853	0	6
7854	1	3
7855	1	3
7856	3	2
7857	1	1
7858	1	0
7859	0	4
7860	0	3
7861	0	2
7862	3	3
7863	4	4
7864	5	3
7865	0	1
7866	1	4
7867	1	4
7868	4	1
7869	0	1
7870	1	2
7871	3	4
7872	0	1
7873	2	4
7874	0	2
7875	2	4
7876	2	4
7877	1	2
7878	2	5
7879	0	2
7880	4	4
7881	1	4
7882	1	1
7883	2	1
7884	4	2
7885	1	6
7886	2	1
7887	2	4
7888	1	2
7889	0	1
7890	2	1
7891	0	4
7892	1	6
7893	3	3
7894	3	6
7895	0	4
7896	1	7
7897	1	2
7898	2	4
7899	3	2
7900	1	2
7901	2	4
7902	1	5
7903	0	2
7904	0	5
7905	2	2
7906	0	4
7907	1	3
7908	2	6
7909	1	2
7910	2	3
7911	5	2
7912	5	4
7913	2	2
7914	3	7
7915	2	2
7916	0	2
7917	3	4
7918	1	5
7919	0	2
7920	1	5
7922	3	2
7923	2	1
7924	0	1
7925	2	4
7926	2	3
7927	1	4
7928	2	4
7929	0	3
7930	0	4
7931	0	5
7932	0	2
7933	0	5
7934	3	2
7935	1	1
7936	1	6
7937	0	2
7938	1	2
7939	2	5
7940	0	6
7941	2	4
7942	0	1
7943	1	1
7944	1	7
7945	3	5
7946	3	3
7947	0	5
7948	3	2
7949	1	9
7950	0	6
7951	0	3
7952	1	5
7953	2	1
7954	0	4
7955	1	2
7956	1	4
7957	2	1
7958	0	2
7959	0	4
7960	0	4
7961	2	3
7962	0	2
7963	3	4
7964	2	6
7965	2	1
7966	1	2
7967	0	5
7968	1	4
7969	1	3
7970	1	3
7971	1	6
7972	1	3
7973	0	6
7974	0	3
7975	3	6
7976	1	5
7977	1	0
7978	1	2
7979	1	5
7980	3	4
7981	2	1
7982	2	3
7983	0	5
7984	0	3
7985	1	6
7986	2	5
7987	1	3
7988	1	3
7989	0	5
7990	2	4
7991	0	1
7992	3	4
7993	1	4
7994	1	3
7995	2	3
7996	0	1
7997	2	5
7998	0	1
7999	0	1
8000	2	2
8001	0	4
8002	0	4
8003	2	2
8005	0	2
8006	0	2
8007	0	2
8008	0	2
8009	2	1
8010	0	3
8011	1	5
8012	0	3
8013	0	3
8014	0	3
8015	1	8
8016	1	5
8017	2	1
8018	1	4
8019	4	2
8020	0	2
8021	1	5
8022	1	6
8023	2	4
8024	1	4
8025	2	3
8026	2	3
8027	0	2
8028	2	3
8029	1	2
8030	0	2
8031	1	3
8033	0	2
8034	1	1
8035	2	4
8036	0	4
8037	2	4
8038	1	2
8039	2	1
8040	0	2
8041	0	4
8042	5	5
8043	0	9
8044	0	1
8045	4	4
8046	2	6
8047	2	3
8048	3	3
8049	0	2
8050	3	4
8051	0	2
8052	2	1
8053	1	2
8054	1	2
8055	1	2
8056	1	1
8057	1	5
8058	0	3
8059	1	0
8060	2	1
8061	1	0
8062	0	5
8063	0	5
8064	2	6
8065	0	4
8066	1	5
8067	2	1
8068	3	3
8069	1	4
8070	2	1
8071	1	5
8072	1	4
8073	0	5
8074	2	2
8075	0	1
8076	0	4
8077	0	4
8078	0	1
8079	6	1
8080	2	4
8081	0	2
8082	1	3
8083	0	1
8084	1	1
8085	1	3
8086	1	2
8087	3	4
8088	1	1
8089	1	5
8090	1	4
8091	0	2
8092	1	2
8093	3	4
8094	1	0
8095	3	2
8096	0	2
8097	0	4
8098	4	1
8099	0	3
8100	0	3
8101	1	6
8102	3	0
8103	3	5
8104	6	2
8105	0	2
8106	0	4
8107	0	4
8109	0	2
8110	2	2
8111	0	1
8112	0	4
8113	0	5
8114	0	5
8115	2	7
8116	2	3
8117	3	1
8118	1	2
8119	4	2
8120	1	4
8121	2	1
8122	0	2
8123	2	1
8124	0	3
8125	1	4
8126	1	5
8127	0	5
8128	0	1
8129	0	4
8130	1	2
8131	3	0
8132	1	2
8133	0	2
8134	2	2
8135	2	5
8136	2	1
8137	1	4
8138	0	3
8139	0	3
8140	2	4
8141	1	2
8142	1	4
8143	0	5
8144	2	4
8145	2	3
8146	2	7
8147	2	3
8148	0	4
8149	1	3
8150	1	2
8151	0	5
8152	2	5
8153	0	4
8154	0	1
8155	1	0
8156	0	2
8157	1	3
8158	2	3
8159	0	2
8160	2	3
8161	0	2
8162	0	4
8163	4	3
8164	0	3
8165	1	0
8166	2	2
8167	3	0
8168	0	3
8169	1	2
8170	1	2
8171	0	4
8172	1	3
8173	2	8
8174	0	1
8175	2	0
8176	1	1
8177	1	2
8178	0	2
8179	3	4
8180	1	1
8181	3	3
8182	1	2
8183	2	2
8184	2	2
8185	3	3
8186	0	5
8187	3	2
8188	0	4
8189	2	2
8190	3	0
8191	0	3
8192	1	4
8193	2	2
8194	2	1
8195	1	3
8196	2	2
8197	1	5
8198	2	2
8199	1	3
8200	0	2
8201	1	3
8202	1	2
8203	0	5
8204	0	4
8205	0	3
8206	0	1
8207	2	3
8208	0	4
8209	0	5
8210	0	1
8211	2	1
8212	0	6
8213	1	5
8214	0	4
8215	5	3
8216	5	4
8217	4	3
8218	2	1
8219	3	6
8220	2	1
8221	0	2
8222	2	2
8223	2	2
8224	3	3
8225	3	1
8226	0	3
8227	1	0
8228	1	6
8229	2	3
8230	1	0
8231	1	5
8232	0	9
8233	0	2
8234	0	4
8235	2	5
8236	2	7
8237	3	0
8238	0	2
8239	1	0
8240	1	4
8241	2	0
8243	1	1
8245	3	3
8246	2	1
8247	2	5
8248	2	2
8249	3	0
8250	0	4
8251	0	6
8252	0	3
8253	1	4
8254	2	4
8255	0	3
8256	1	1
8257	1	3
8258	1	1
8259	1	5
8260	0	4
8261	2	4
8262	1	5
8263	1	3
8264	0	5
8265	1	2
8266	0	4
8267	2	2
8268	1	0
8269	3	3
8270	2	2
8271	2	3
8272	1	3
8273	2	3
8274	3	4
8275	0	1
8276	1	4
8277	0	2
8278	1	4
8279	1	4
8280	2	2
8281	1	3
8282	1	2
8283	0	2
8284	1	4
8285	0	6
8286	1	5
8287	1	5
8288	1	7
8289	1	1
8290	0	2
8291	1	1
8292	0	1
8293	2	2
8294	2	4
8295	2	3
8296	0	2
8297	1	3
8298	1	4
8299	3	1
8300	0	3
8301	0	3
8302	0	4
8303	0	3
8304	1	1
8305	1	3
8306	1	0
8307	5	2
8308	0	1
8309	0	1
8310	0	5
8311	2	0
8312	2	3
8313	1	7
8314	1	0
8315	3	3
8316	1	3
8317	1	4
8318	0	1
8319	2	1
8320	0	3
8321	2	6
8322	1	3
8323	1	1
8324	2	0
8325	1	2
8326	1	1
8327	2	5
8328	2	2
8329	2	1
8330	0	4
8331	1	1
8332	0	5
8333	0	4
8334	0	2
8335	1	3
8336	1	1
8337	0	2
8338	3	2
8339	1	6
8340	0	6
8341	2	1
8342	0	1
8343	1	1
8344	0	6
8345	2	2
8346	0	4
8347	1	3
8348	2	5
8349	2	5
8350	0	4
8351	0	5
8352	1	1
8353	0	3
8354	1	3
8355	1	4
8356	0	2
8357	1	1
8358	1	1
8359	0	7
8360	0	4
8361	2	5
8362	3	4
8363	3	2
8364	0	4
8365	3	2
8366	2	3
8367	0	3
8368	2	3
8369	0	2
8371	1	2
8372	1	7
8373	1	4
8374	1	1
8375	0	3
8376	0	2
8377	0	1
8378	0	3
8379	1	4
8380	0	5
8381	2	3
8382	1	3
8383	3	2
8384	0	3
8385	1	3
8386	2	4
8387	2	6
8388	1	1
8389	0	1
8390	1	4
8391	1	1
8392	0	2
8393	2	2
8394	2	3
8395	1	3
8396	1	1
8397	2	1
8398	1	1
8399	0	2
8400	0	5
8401	1	4
8402	1	2
8403	1	3
8404	1	4
8405	0	1
8406	1	5
8407	3	3
8408	0	4
8409	2	1
8410	0	2
8411	1	4
8412	0	1
8413	1	4
8414	2	4
8415	3	3
8416	0	5
8417	4	2
8418	1	4
8419	1	1
8420	1	1
8421	2	1
8422	2	3
8423	1	9
8424	1	2
8425	4	4
8426	3	3
8427	1	6
8428	2	2
8429	4	5
8430	5	5
8431	2	2
8432	0	2
8433	1	2
8434	1	4
8435	1	4
8436	0	3
8437	0	1
8438	1	2
8439	4	6
8440	1	9
8441	1	3
8442	0	1
8443	1	3
8444	1	7
8445	2	5
8446	1	8
8447	0	8
8448	0	2
8449	1	1
8450	0	5
8451	1	2
8452	0	4
8453	4	3
8454	2	2
8455	0	2
8456	0	1
8457	1	2
8458	1	2
8459	2	1
8460	2	2
8461	0	3
8462	1	2
8463	1	3
8464	1	2
8465	1	2
8466	2	2
8467	0	3
8468	0	2
8469	2	4
8470	1	4
8471	0	4
8472	1	3
8473	1	5
8474	0	3
8475	1	5
8476	2	3
8477	2	3
8478	0	4
8479	4	2
8480	1	4
8481	1	4
8482	0	2
8483	0	4
8484	1	3
8485	1	2
8486	1	3
8487	1	2
8488	0	1
8489	0	3
8490	2	3
8491	1	1
8492	2	1
8493	2	3
8494	2	2
8495	1	1
8496	2	2
8497	0	7
8498	3	3
8499	1	2
8500	0	3
8501	1	1
8502	3	2
8503	0	2
8504	2	1
8505	0	4
8506	1	3
8507	1	3
8508	1	1
8509	0	4
8510	0	2
8511	3	5
8512	0	3
8513	2	2
8514	1	3
8515	0	3
8516	1	4
8517	0	2
8518	1	0
8519	1	3
8520	0	2
8521	2	3
8522	1	3
8523	0	2
8524	1	1
8525	0	2
8526	3	1
8527	1	2
8528	1	1
8529	1	1
8530	1	5
8531	2	4
8532	0	3
8533	0	1
8534	1	0
8535	0	3
8536	1	3
8537	1	4
8538	0	2
8539	1	3
8541	0	4
8542	2	2
8543	0	4
8544	1	7
8545	2	4
8546	0	3
8547	0	2
8548	3	5
8549	0	2
8550	2	7
8551	0	6
8552	2	6
8553	2	3
8554	0	2
8555	0	4
8556	1	4
8557	0	3
8558	3	0
8559	2	1
8560	1	3
8561	2	4
8562	1	3
8563	1	6
8564	1	0
8565	0	3
8566	0	1
8567	3	5
8568	4	1
8569	2	3
8570	1	2
8571	4	2
8572	2	1
8573	2	1
8575	0	2
8576	1	1
8577	0	4
8578	3	4
8579	1	4
8580	0	2
8581	0	2
8582	1	4
8583	1	5
8584	1	3
8585	1	0
8586	0	2
8587	2	2
8588	1	6
8589	1	3
8590	1	4
8591	4	1
8592	0	5
8593	1	8
8594	2	6
8595	2	2
8596	1	1
8597	3	3
8598	2	5
8599	2	5
8600	1	2
8601	1	0
8602	1	3
8603	1	4
8604	0	4
8605	3	4
8606	0	1
8607	3	5
8608	1	4
8609	2	5
8610	2	4
8611	3	6
8612	3	4
8613	2	5
8614	1	4
8615	4	7
8616	2	3
8618	0	4
8619	2	3
8620	0	5
8621	1	4
8622	4	1
8623	3	1
8624	1	0
8625	0	5
8626	2	1
8627	2	1
8628	2	3
8629	2	1
8630	1	3
8631	1	3
8632	2	6
8633	2	3
8634	1	2
8635	4	4
8636	3	2
8637	0	1
8638	1	2
8639	1	3
8640	0	3
8641	2	3
8642	1	1
8644	0	2
8645	4	2
8646	3	7
8647	0	2
8648	0	7
8649	2	3
8650	5	4
8651	2	3
8652	3	4
8653	0	2
8654	2	0
8655	1	2
8656	2	7
8657	0	2
8658	1	3
8659	1	4
8660	0	2
8661	3	2
8662	0	1
8663	1	2
8664	0	2
8665	1	5
8666	1	3
8667	0	3
8668	0	3
8669	0	5
8670	1	4
8672	2	0
8673	1	2
8674	1	2
8675	1	2
8676	1	3
8677	0	4
8678	0	1
8679	1	1
8680	2	3
8681	1	1
8682	3	5
8683	0	7
8684	1	4
8685	2	3
8686	0	6
8687	0	1
8688	0	1
8689	0	3
8690	2	2
8691	2	2
8692	0	2
8693	0	5
8694	1	1
8695	1	2
8696	0	3
8697	0	5
8698	0	1
8699	2	2
8700	0	3
8701	0	5
8702	1	1
8703	3	2
8704	1	2
8705	4	2
8706	1	4
8707	2	1
8708	0	6
8709	1	2
8710	5	1
8711	2	2
8712	2	1
8713	0	3
8714	0	1
8715	2	1
8716	3	4
8717	0	1
8718	1	9
8719	1	2
8720	0	5
8721	2	1
8722	1	6
8723	1	3
8724	2	5
8725	1	2
8726	2	4
8727	2	2
8728	0	2
8729	0	2
8730	0	3
8731	1	3
8732	0	1
8733	1	2
8734	0	1
8735	1	3
8736	1	1
8737	1	2
8738	3	2
8739	1	11
8740	0	3
8741	1	1
8742	2	2
8743	2	2
8744	2	2
8745	0	1
8746	0	4
8747	0	5
8748	0	3
8749	3	4
8750	2	4
8751	2	3
8752	2	2
8753	1	6
8754	6	1
8755	0	4
8756	0	4
8757	0	4
8758	2	0
8759	1	2
8760	0	1
8761	4	3
8762	3	1
8763	1	4
8764	1	2
8765	0	1
8766	0	9
8767	0	6
8768	1	2
8769	3	2
8770	2	3
8771	2	2
8772	1	2
8773	0	3
8774	1	4
8775	2	2
8776	1	2
8777	0	3
8778	3	5
8779	2	1
8780	1	7
8781	0	2
8782	0	4
8783	3	2
8784	0	3
8785	0	2
8786	0	7
8787	0	7
8788	1	2
8789	1	3
8790	1	2
8791	0	4
8792	2	3
8793	3	6
8794	1	2
8795	0	4
8796	1	3
8797	1	3
8798	0	2
8799	3	3
8800	1	2
8801	2	3
8802	2	4
8803	2	2
8804	2	3
8805	0	2
8806	0	1
8807	1	2
8808	0	5
8809	2	4
8810	3	2
8811	0	3
8812	1	1
8813	0	3
8814	1	4
8815	1	9
8816	1	3
8817	1	3
8818	1	3
8819	1	6
8820	5	4
8822	1	1
8823	2	3
8824	1	1
8825	0	4
8826	1	2
8827	1	4
8828	0	5
8829	1	1
8830	5	4
8831	1	3
8832	0	2
8834	2	3
8835	1	1
8836	2	1
8837	2	2
8838	1	3
8839	3	1
8840	1	4
8841	0	2
8842	1	5
8843	1	4
8844	3	2
8845	1	3
8846	1	0
8848	1	7
8849	1	2
8850	0	8
8851	3	3
8852	1	4
8853	2	2
8854	2	3
8855	4	3
8856	2	3
8857	3	5
8858	1	2
8859	1	3
8860	2	3
8861	2	1
8862	2	3
8863	2	4
8864	0	1
8865	2	3
8866	1	5
8867	0	1
8868	2	1
8869	2	6
8870	0	2
8871	3	3
8872	0	3
8873	0	5
8874	4	2
8875	3	5
8876	1	2
8877	3	1
8878	0	5
8879	0	4
8880	0	4
8881	0	2
8882	1	3
8883	3	0
8884	1	2
8885	2	2
8886	1	3
8887	1	3
8888	1	6
8889	1	2
8890	5	3
8891	1	1
8892	0	6
8893	2	2
8894	1	1
8895	3	4
8896	0	3
8897	2	3
8898	2	2
8899	0	3
8900	0	1
8901	2	1
8902	2	5
8903	0	1
8904	0	1
8905	1	2
8906	3	3
8907	5	8
8908	0	4
8909	1	4
8910	2	4
8911	4	1
8912	1	4
8913	4	2
8914	3	6
8915	1	6
8916	2	4
8917	1	6
8918	0	6
8919	0	4
8920	5	3
8921	0	2
8922	0	4
8923	1	5
8924	1	5
8925	0	1
8926	0	2
8927	1	2
8928	1	2
8929	2	2
8930	1	1
8931	1	4
8932	1	7
8933	0	4
8934	0	6
8935	1	1
8936	1	4
8937	1	2
8938	1	5
8939	4	2
8940	3	4
8941	3	3
8942	1	2
8943	3	6
8944	0	4
8945	4	4
8946	1	1
8947	1	1
8948	1	7
8949	2	4
8950	2	2
8951	1	7
8952	1	4
8953	1	0
8955	0	3
8956	4	6
8957	0	2
8958	4	5
8959	1	3
8960	1	3
8961	5	1
8962	3	1
8963	2	5
8964	1	3
8965	0	4
8966	4	4
8967	0	2
8968	1	3
8969	1	0
8970	2	3
8971	1	6
8972	4	5
8973	1	3
8974	1	0
8975	4	1
8976	2	7
8977	0	4
8978	1	3
8979	1	2
8980	2	4
8981	2	1
8982	1	3
8983	3	1
8984	2	0
8985	1	4
8986	0	4
8987	0	4
8988	1	3
8989	1	3
8990	4	2
8991	0	2
8992	0	2
8993	0	7
8994	0	4
8995	2	0
8996	2	2
8997	1	1
8998	0	4
8999	2	3
9000	1	2
9001	0	1
9002	4	2
9003	2	3
9004	0	4
9005	2	1
9006	1	1
9007	1	3
9008	0	1
9009	0	2
9010	1	2
9012	4	0
9013	1	2
9014	0	5
9015	1	3
9016	3	4
9017	0	3
9018	2	3
9019	2	2
9020	4	5
9021	0	2
9022	1	4
9023	1	0
9024	0	4
9025	0	4
9026	2	3
9027	2	8
9028	2	4
9029	2	4
9030	2	1
9031	3	3
9032	0	1
9033	0	6
9034	0	3
9035	1	3
9036	4	4
9037	0	2
9038	1	7
9039	5	5
9040	1	2
9041	1	1
9042	0	3
9043	1	5
9044	1	4
9045	0	3
9046	0	1
9047	1	2
9048	1	5
9049	0	5
9050	2	1
9051	0	2
9052	0	3
9053	0	6
9054	2	3
9055	1	4
9056	2	3
9057	3	5
9058	1	3
9059	2	6
9060	1	2
9061	2	1
9062	3	3
9063	0	4
9064	1	6
9065	0	5
9066	2	1
9067	2	4
9068	2	6
9069	4	3
9070	2	3
9071	1	1
9072	1	2
9073	0	3
9074	0	3
9075	2	3
9076	0	2
9077	0	5
9078	0	4
9079	1	3
9080	0	3
9081	1	6
9083	1	7
9084	2	5
9085	0	3
9086	2	3
9087	1	5
9088	0	1
9089	4	1
9090	1	4
9091	2	3
9092	2	3
9093	2	3
9094	0	7
9095	0	5
9096	2	3
9097	0	2
9098	0	5
9099	0	2
9100	1	0
9101	0	2
9102	1	2
9103	2	5
9104	2	4
9105	0	3
9106	2	4
9107	1	4
9108	0	5
9109	1	3
9110	1	1
9111	0	4
9112	0	3
9113	0	4
9114	1	1
9115	1	1
9116	0	3
9117	0	1
9118	1	2
9119	0	1
9120	0	7
9121	0	2
9122	0	4
9123	0	3
9124	2	4
9125	0	4
9126	0	6
9127	2	0
9128	1	4
9129	2	4
9130	1	8
9131	1	3
9132	1	2
9133	1	1
9134	2	7
9135	0	7
9136	0	2
9137	6	4
9138	1	2
9139	0	1
9140	2	2
9141	1	3
9142	1	6
9143	0	2
9144	1	1
9145	1	5
9146	0	3
9147	1	2
9148	1	3
9149	1	4
9150	4	3
9151	1	2
9152	0	3
9153	1	6
9154	3	0
9155	0	3
9156	1	2
9157	3	4
9158	1	3
9159	6	5
9160	2	2
9161	0	2
9162	0	1
9163	3	2
9164	0	4
9165	0	2
9166	1	3
9167	1	2
9168	4	2
9169	1	5
9170	0	3
9171	0	2
9172	1	2
9173	4	3
9174	1	3
9175	2	3
9176	1	2
9177	2	4
9178	2	4
9179	3	4
9180	0	3
9181	0	5
9182	0	2
9183	2	2
9184	2	2
9185	1	3
9186	1	5
9187	1	7
9188	1	5
9189	3	3
9190	0	7
9191	0	1
9192	1	3
9193	0	1
9194	0	2
9195	1	2
9196	0	2
9197	3	2
9198	2	4
9199	3	4
9200	0	3
9201	0	3
9202	0	2
9203	1	1
9204	0	4
9205	2	3
9206	3	6
9207	0	1
9208	1	3
9209	1	1
9210	2	4
9211	3	4
9212	2	3
9213	2	2
9215	2	2
9216	0	2
9217	1	4
9218	0	6
9219	1	2
9220	0	4
9221	1	2
9222	0	2
9223	1	2
9224	0	5
9225	1	4
9226	3	1
9227	0	1
9228	0	2
9229	0	5
9230	0	2
9231	0	3
9232	0	1
9233	0	1
9234	1	3
9235	1	5
9236	0	5
9237	1	3
9238	1	3
9239	2	6
9240	2	5
9241	0	2
9242	1	5
9243	2	0
9244	2	4
9245	1	3
9246	0	3
9247	1	4
9248	2	1
9249	1	4
9250	2	2
9251	0	2
9252	1	1
9253	2	5
9254	1	0
9255	3	0
9256	2	3
9257	1	2
9258	1	4
9259	2	4
9260	2	4
9261	2	4
9262	1	2
9263	0	4
9264	1	2
9265	0	3
9266	2	1
9267	0	3
9268	1	4
9269	0	2
9270	0	4
9271	0	2
9272	1	5
9273	0	3
9274	1	5
9275	1	1
9276	2	3
9277	1	3
9278	0	2
9279	0	4
9280	4	4
9281	2	3
9282	2	3
9283	1	4
9284	1	3
9285	4	5
9286	0	4
9287	0	7
9288	2	4
9289	1	2
9290	0	2
9291	1	4
9292	1	6
9293	2	3
9294	1	3
9295	0	2
9296	2	3
9297	3	3
9298	1	3
9299	2	2
9301	0	4
9302	3	2
9303	2	4
9304	0	3
9305	2	3
9306	4	5
9307	2	1
9308	1	1
9309	1	1
9310	0	1
9311	1	2
9312	2	2
9313	0	4
9314	2	3
9315	2	3
9317	2	8
9318	2	3
9319	0	1
9320	0	3
9321	2	0
9323	2	3
9324	2	6
9325	1	2
9326	1	2
9327	0	2
9328	1	7
9329	1	6
9330	1	2
9331	2	1
9332	0	4
9333	1	4
9334	2	4
9335	1	4
9336	1	3
9337	1	1
9338	0	1
9339	0	4
9340	0	1
9341	2	2
9342	1	3
9343	0	3
9344	0	3
9345	2	2
9346	2	2
9347	3	2
9348	2	1
9349	4	1
9350	0	2
9351	1	2
9352	1	3
9353	0	2
9354	2	2
9355	2	4
9356	0	1
9357	2	2
9358	1	1
9359	3	3
9360	5	2
9361	1	7
9362	1	0
9363	0	4
9364	0	6
9365	0	3
9366	1	0
9367	0	1
9368	0	3
9369	2	5
9370	2	4
9371	0	1
9372	1	2
9373	0	3
9374	1	6
9375	0	5
9376	2	1
9377	0	4
9378	2	7
9379	0	2
9380	0	2
9381	0	2
9382	2	3
9383	2	3
9384	2	1
9385	1	5
9386	2	5
9387	3	2
9388	0	1
9389	1	3
9390	2	1
9391	1	4
9392	0	3
9393	0	4
9394	1	10
9395	1	1
9396	2	0
9397	0	2
9398	4	1
9399	0	1
9400	2	3
9401	3	2
9402	3	3
9403	3	2
9404	1	4
9406	2	2
9407	2	2
9408	2	1
9409	0	4
9410	1	4
9411	3	4
9412	4	2
9413	1	1
9414	0	5
9415	2	1
9416	3	1
9417	2	1
9418	2	4
9419	1	5
9420	3	4
9421	2	3
9422	4	5
9423	1	2
9424	1	5
9425	4	3
9426	2	5
9427	2	1
9428	0	3
9429	2	4
9430	1	2
9431	3	3
9432	2	4
9433	2	2
9434	1	2
9435	2	4
9436	0	2
9437	1	6
9438	2	4
9439	1	0
9440	0	2
9441	2	1
9442	0	2
9443	1	5
9445	2	4
9446	1	2
9447	0	6
9448	0	1
9449	1	1
9450	1	3
9451	2	3
9452	0	2
9453	3	5
9454	1	2
9455	0	3
9456	1	4
9457	1	1
9458	0	1
9459	1	4
9460	2	4
9461	1	2
9462	2	6
9463	2	0
9464	1	4
9465	0	1
9466	1	2
9467	2	2
9468	1	1
9469	0	2
9470	2	1
9471	2	1
9472	2	4
9473	1	7
9474	2	0
9475	0	5
9476	1	5
9477	1	4
9478	0	2
9479	1	2
9480	3	3
9481	1	3
9482	1	3
9483	1	4
9484	0	6
9485	1	2
9486	1	3
9487	1	6
9488	1	2
9489	1	4
9490	2	5
9491	1	3
9492	0	1
9493	0	2
9494	4	1
9495	2	4
9496	0	4
9497	0	3
9498	4	3
9499	1	3
9500	2	4
9501	0	2
9502	2	4
9503	4	3
9504	1	3
9505	0	6
9506	4	3
9507	0	3
9508	1	4
9509	3	1
9510	1	2
9511	1	4
9512	1	1
9513	3	5
9514	2	2
9515	1	1
9516	1	4
9517	1	1
9518	2	2
9519	0	7
9520	0	1
9521	1	2
9522	1	4
9523	1	3
9524	0	2
9525	0	4
9526	0	2
9527	1	7
9528	1	5
9529	0	3
9530	1	5
9531	0	3
9532	0	2
9533	1	5
9534	0	2
9535	0	2
9536	0	5
9537	2	4
9538	4	2
9539	1	3
9540	2	4
9541	4	6
9542	3	2
9543	1	2
9544	0	2
9545	0	5
9546	2	4
9547	1	1
9548	1	1
9549	1	4
9550	1	3
9551	0	4
9552	2	4
9553	1	3
9554	2	2
9555	0	1
9556	2	6
9557	1	1
9558	0	3
9559	1	3
9560	1	5
9561	3	1
9562	0	3
9563	1	3
9564	0	3
9565	3	2
9566	1	3
9567	2	1
9568	0	3
9569	3	6
9570	2	1
9571	0	4
9573	2	3
9574	3	4
9575	1	4
9576	1	2
9577	0	6
9578	0	3
9579	3	1
9581	0	4
9582	1	3
9583	0	2
9584	3	0
9585	2	3
9586	2	5
9587	0	2
9588	0	5
9589	1	3
9590	0	4
9591	1	3
9592	3	2
9593	1	4
9594	1	2
9596	0	1
9597	0	2
9598	0	3
9599	1	2
9600	1	0
9601	3	2
9602	0	2
9603	2	3
9604	3	1
9605	0	2
9607	0	6
9608	1	2
9609	0	6
9610	1	4
9611	0	7
9612	1	3
9613	2	3
9614	1	3
9615	1	2
9616	1	3
9617	2	1
9618	1	4
9619	0	1
9620	0	2
9621	1	2
9622	0	4
9623	0	1
9624	0	3
9625	0	3
9626	4	1
9627	4	1
9628	0	3
9629	3	4
9630	1	4
9631	1	4
9632	0	4
9633	1	3
9634	0	2
9635	1	4
9636	3	6
9637	3	2
9638	3	4
9639	2	3
9640	1	2
9641	0	6
9642	0	5
9644	0	2
9645	0	4
9646	0	2
9647	1	3
9648	0	1
9649	2	2
9650	1	2
9651	2	4
9652	1	0
9653	2	2
9654	2	2
9655	1	2
9656	0	3
9657	1	3
9658	0	1
9659	0	5
9660	1	3
9661	0	2
9662	0	3
9663	5	4
9664	0	5
9665	0	3
9666	3	2
9667	0	7
9668	0	5
9669	2	3
9670	1	5
9671	1	2
9672	2	3
9673	1	3
9674	0	5
9675	1	8
9676	2	0
9677	1	1
9678	5	3
9679	1	3
9680	1	1
9681	1	1
9682	1	4
9683	1	4
9684	0	3
9685	0	3
9686	0	4
9687	0	3
9688	0	4
9689	1	2
9690	3	1
9691	1	2
9692	4	3
9693	2	3
9694	1	3
9695	0	3
9696	2	3
9697	1	3
9698	2	2
9699	1	2
9700	2	4
9701	4	3
9702	1	4
9703	0	1
9704	2	2
9705	0	1
9706	0	7
9707	0	2
9708	1	1
9709	0	2
9710	3	1
9711	1	6
9712	2	3
9713	0	2
9714	0	1
9715	1	3
9716	1	3
9717	0	8
9718	1	2
9719	3	1
9720	2	0
9721	0	4
9722	1	4
9723	0	3
9724	1	2
9725	0	2
9726	0	1
9727	0	2
9728	0	8
9729	0	3
9730	1	2
9731	1	7
9732	0	2
9733	0	1
9734	0	3
9735	0	4
9736	0	2
9737	1	4
9738	0	3
9739	2	1
9740	1	8
9741	2	6
9742	2	6
9743	1	7
9744	0	4
9745	2	2
9747	1	1
9748	0	2
9749	3	4
9750	0	2
9751	0	2
9752	1	1
9753	0	2
9754	0	9
9755	1	2
9756	1	1
9757	2	2
9758	0	1
9759	1	1
9760	1	4
9761	0	4
9763	1	4
9764	0	7
9765	0	3
9766	0	4
9767	1	5
9768	3	6
9769	0	1
9770	1	2
9771	2	0
9772	2	3
9773	2	6
9774	1	2
9775	0	5
9776	2	1
9777	1	2
9778	0	7
9779	1	1
9780	0	1
9781	0	2
9782	0	3
9783	0	4
9784	3	4
9785	0	1
9786	1	3
9787	1	6
9788	1	3
9789	0	2
9790	0	6
9791	3	7
9792	6	3
9793	2	0
9794	2	4
9795	3	3
9796	2	4
9797	3	6
9798	0	4
9799	0	4
9800	0	4
9801	1	2
9802	0	2
9803	1	4
9804	1	2
9805	0	1
9806	2	2
9807	3	2
9808	0	3
9809	0	1
9810	0	1
9811	1	4
9812	0	3
9813	0	4
9814	1	2
9815	1	1
9816	1	4
9817	1	5
9818	2	1
9819	0	4
9820	2	4
9821	1	4
9822	3	1
9823	0	2
9824	0	3
9825	1	2
9826	0	4
9827	1	4
9828	0	2
9829	1	4
9830	1	3
9831	0	2
9832	0	3
9833	1	2
9834	0	4
9835	1	2
9836	2	5
9837	1	0
9838	1	5
9839	1	4
9840	1	1
9842	1	0
9843	1	2
9844	1	6
9845	1	1
9846	0	3
9847	0	2
9848	0	1
9849	0	1
9850	4	1
9851	0	2
9852	1	4
9853	3	1
9854	0	1
9855	2	5
9856	0	1
9857	2	3
9858	3	2
9859	2	2
9860	0	1
9861	2	4
9862	1	1
9863	1	4
9864	1	3
9865	0	4
9866	1	4
9867	1	2
9868	4	3
9869	1	3
9870	1	3
9871	0	8
9872	2	7
9873	0	3
9875	1	5
9876	3	1
9877	0	4
9878	0	3
9879	0	2
9880	2	3
9881	2	0
9883	3	0
9884	1	6
9885	1	2
9886	1	11
9887	0	4
9888	2	3
9889	2	4
9890	3	4
9891	2	1
9892	0	1
9893	1	1
9894	0	5
9895	2	4
9896	1	4
9897	2	7
9898	1	5
9899	1	3
9900	1	0
9901	2	5
9902	0	4
9903	0	5
9904	2	2
9905	0	3
9906	1	3
9907	0	3
9908	1	4
9909	0	3
9910	1	0
9911	1	2
9912	1	1
9913	1	2
9914	1	1
9915	0	3
9916	0	1
9917	0	5
9918	3	3
9919	1	3
9920	2	0
9921	1	7
9922	2	1
9923	3	2
9924	2	3
9925	1	4
9926	0	2
9927	1	2
9928	1	3
9929	0	1
9930	0	2
9931	1	5
9932	0	2
9933	1	3
9934	2	1
9935	2	4
9936	0	4
9937	0	4
9938	1	1
9939	2	1
9940	1	2
9941	0	1
9942	0	1
9943	0	3
9944	3	3
9945	0	4
9946	0	2
9947	1	3
9948	0	2
9949	0	3
9951	1	2
9952	0	6
9953	2	1
9954	1	3
9956	1	5
9957	2	4
9958	1	3
9959	2	1
9960	2	5
9961	0	3
9962	1	3
9963	1	0
9964	3	1
9965	1	3
9967	0	3
9968	0	3
9969	2	3
9970	2	3
9971	1	4
9972	1	0
9973	1	1
9974	2	1
9975	1	2
9976	0	6
9977	1	1
9978	1	4
9979	2	5
9980	2	3
9981	0	3
9982	1	6
9983	2	2
9984	1	1
9985	2	2
9986	0	4
9988	0	4
9989	0	2
9990	3	3
9991	2	5
9992	2	5
9993	0	3
9994	2	5
9995	2	2
9996	0	1
9997	1	6
9998	0	2
9999	0	1
10000	2	2
10001	1	0
10002	5	3
10003	0	4
10004	1	5
10005	1	5
10006	0	4
10007	1	3
10008	1	0
10009	0	2
10010	1	0
10011	1	1
10012	1	2
10013	1	1
10014	0	3
10015	4	3
10016	0	5
10017	1	0
10018	0	4
10019	1	1
10020	1	3
10021	3	0
10022	2	6
10024	0	9
10025	0	7
10026	0	4
10027	3	3
10028	0	5
10029	0	7
10030	0	4
10031	1	3
10032	1	3
10033	0	3
10034	1	1
10035	4	1
10036	1	3
10037	1	9
10038	2	2
10039	1	0
10040	0	4
10041	1	6
10042	0	2
10043	1	1
10044	1	3
10045	0	3
10046	2	0
10047	0	2
10048	1	1
10050	1	3
10051	1	1
10053	1	1
10054	2	6
10055	2	2
10056	3	2
10057	1	6
10058	0	1
10059	0	2
10060	2	2
10061	0	3
10062	1	3
10063	0	2
10064	1	4
10065	1	2
10067	0	2
10068	0	1
10069	0	1
10070	1	1
10071	0	5
10072	0	3
10073	2	3
10074	1	3
10075	1	1
10076	2	0
10077	0	1
10078	0	4
10079	0	1
10080	0	4
10081	1	4
10082	0	4
10083	0	6
10084	0	2
10085	0	2
10086	2	3
10087	1	3
10088	1	3
10089	0	5
10090	2	5
10091	0	2
10092	1	2
10093	2	0
10094	0	2
10095	0	5
10096	1	7
10097	0	4
10098	2	5
10099	1	2
10100	1	7
10101	5	4
10102	0	1
10103	1	0
10104	2	5
10105	2	3
10106	1	5
10107	1	2
10108	0	2
10109	0	1
10110	0	2
10111	0	6
10112	2	5
10113	1	7
10114	3	3
10115	0	2
10116	1	2
10117	0	2
10118	2	1
10119	1	1
10120	0	2
10122	1	5
10123	3	5
10124	1	3
10125	3	4
10126	2	1
10127	1	3
10128	0	1
10129	2	0
10130	0	3
10131	1	3
10132	1	4
10134	1	7
10135	2	1
10136	0	2
10138	1	4
10139	2	3
10140	0	2
10141	2	3
10142	0	6
10143	0	6
10144	0	4
10145	0	4
10146	0	2
10147	3	2
10148	2	5
10149	2	4
10150	0	3
10151	2	3
10153	0	1
10154	1	2
10155	0	6
10156	0	2
10157	1	4
10158	0	1
10159	2	2
10160	3	4
10161	3	2
10162	0	1
10163	4	1
10164	0	2
10165	2	1
10166	2	3
10167	1	0
10168	2	0
10169	3	4
10170	0	3
10171	0	1
10172	3	2
10173	2	8
10174	1	1
10175	2	4
10176	0	9
10177	0	8
10178	0	5
10179	0	5
10180	3	2
10182	2	1
10183	0	1
10184	0	1
10186	1	2
10187	1	2
10188	0	2
10189	0	2
10190	0	3
10191	0	1
10192	0	4
10193	1	2
10194	2	6
10195	0	3
10196	1	3
10197	0	2
10198	1	4
10199	0	3
10201	1	3
10202	2	4
10203	1	2
10204	4	3
10205	1	2
10206	3	1
10207	1	0
10208	2	2
10209	1	7
10210	1	4
10211	2	4
10212	1	7
10213	1	3
10214	1	2
10215	0	5
10216	1	6
10217	1	2
10218	2	1
10219	0	2
10220	3	1
10221	0	5
10222	3	2
10223	1	4
10224	0	3
10225	0	5
10226	0	3
10228	3	0
10229	2	1
10230	3	6
10231	1	2
10232	1	4
10233	1	5
10234	0	1
10235	2	1
10236	2	5
10237	2	3
10238	0	4
10239	1	2
10240	2	2
10241	3	5
10242	0	2
10243	3	6
10244	0	5
10245	1	1
10246	1	3
10247	0	1
10248	1	4
10249	1	7
10250	4	3
10251	0	5
10252	0	5
10255	0	3
10256	2	2
10257	0	3
10258	1	3
10259	0	6
10260	2	2
10261	0	3
10262	1	1
10263	1	0
10264	0	3
10265	0	2
10266	1	1
10267	0	1
10268	3	1
10269	2	5
10270	1	5
10271	0	7
10272	1	1
10273	2	2
10274	1	2
10275	1	3
10276	1	3
10277	1	5
10278	2	2
10279	0	3
10280	1	7
10281	0	1
10282	2	2
10283	1	5
10284	2	7
10285	2	1
10286	0	4
10287	1	2
10288	0	4
10289	1	2
10290	0	7
10291	0	2
10292	1	1
10293	2	3
10294	0	3
10295	0	2
10296	0	2
10297	1	1
10298	2	6
10299	0	2
10300	0	4
10301	1	2
10302	3	4
10303	1	1
10304	2	3
10305	0	2
10306	1	3
10307	3	9
10308	1	1
10309	3	3
10310	0	1
10311	0	2
10312	1	2
10313	0	6
10314	1	2
10315	1	3
10316	2	0
10317	0	1
10318	0	2
10319	1	2
10320	0	3
10321	7	8
10322	2	3
10323	0	1
10324	1	3
10325	0	2
10326	1	8
10327	1	2
10328	1	3
10329	2	3
10330	0	5
10331	2	3
10332	2	4
10333	1	6
10334	1	3
10335	3	2
10336	1	1
10337	1	7
10338	0	2
10339	2	3
10340	1	2
10341	0	1
10343	3	3
10344	0	4
10345	1	3
10346	1	4
10347	3	4
10348	1	5
10349	0	4
10350	0	2
10351	1	1
10352	1	3
10353	4	7
10354	1	2
10355	0	1
10356	3	3
10357	0	2
10358	0	1
10359	2	1
10360	4	5
10361	1	3
10362	0	2
10363	1	2
10364	2	4
10365	0	1
10366	2	2
10367	6	5
10368	1	2
10369	1	3
10370	2	4
10371	0	1
10372	1	5
10373	1	4
10374	0	4
10375	1	4
10376	1	4
10377	2	2
10378	2	1
10379	0	4
10380	4	0
10381	2	5
10382	1	3
10383	1	1
10385	1	1
10387	1	1
10388	2	4
10389	1	3
10390	1	5
10391	1	1
10392	0	4
10393	2	1
10394	1	6
10395	1	1
10397	0	4
10398	0	1
10399	2	3
10400	1	2
10401	0	5
10402	2	1
10403	0	5
10404	0	4
10405	0	3
10406	2	3
10407	2	1
10408	0	4
10409	2	3
10410	0	5
10411	0	3
10412	0	4
10413	1	0
10414	1	2
10415	3	2
10416	0	4
10417	0	2
10418	0	1
10419	1	2
10420	0	3
10421	2	8
10422	1	4
10423	1	1
10424	0	1
10425	2	0
10426	0	5
10427	0	4
10428	2	3
10429	0	2
10430	2	4
10431	0	3
10432	1	2
10433	3	1
10434	1	3
10435	0	1
10436	0	2
10437	1	2
10438	0	5
10439	0	5
10440	2	4
10441	0	3
10442	0	3
10444	1	4
10445	1	2
10446	1	3
10447	2	4
10448	1	3
10449	1	5
10450	0	1
10451	1	1
10452	2	6
10453	1	3
10454	3	0
10455	0	5
10456	0	6
10458	1	3
10459	1	3
10460	1	3
10461	1	2
10462	2	8
10463	5	3
10464	2	2
10465	1	5
10466	2	7
10467	1	3
10468	1	3
10469	1	2
10470	1	5
10471	0	2
10472	1	2
10473	0	4
10474	0	3
10475	1	0
10476	2	2
10477	0	3
10478	1	3
10479	0	1
10480	0	6
10481	0	1
10482	1	1
10483	4	3
10484	2	2
10485	0	5
10486	1	4
10487	0	3
10488	0	3
10489	1	3
10490	1	4
10491	3	5
10492	0	4
10493	1	4
10494	0	3
10495	1	5
10496	0	8
10497	0	5
10498	0	3
10499	2	9
10500	1	3
10501	0	3
10502	2	2
10503	0	1
10504	0	3
10505	0	3
10506	3	2
10507	0	1
10508	1	1
10509	1	4
10510	0	3
10512	3	2
10513	0	2
10514	0	3
10515	0	1
10516	0	3
10517	2	4
10518	1	3
10519	1	2
10520	0	3
10521	0	2
10522	1	3
10523	0	6
10524	2	5
10525	1	4
10526	1	1
10527	1	0
10528	2	1
10529	1	5
10530	0	1
10531	1	1
10532	1	3
10533	1	2
10534	3	1
10535	1	2
10536	1	6
10537	1	2
10538	2	2
10539	0	1
10540	2	2
10541	1	2
10542	0	1
10543	0	3
10544	0	2
10545	0	3
10546	3	0
10547	4	2
10548	0	3
10549	0	3
10550	0	3
10551	1	3
10552	1	1
10553	1	3
10554	1	4
10555	1	3
10556	1	3
10557	0	2
10558	0	3
10560	2	2
10561	2	2
10562	2	5
10563	1	7
10564	1	1
10565	0	4
10566	0	3
10567	1	5
10568	1	2
10569	0	2
10570	0	1
10571	1	2
10572	0	4
10573	2	2
10574	2	2
10575	1	3
10576	1	2
10577	0	3
10578	2	6
10579	2	5
10580	0	1
10581	0	3
10582	0	2
10583	0	1
10584	1	3
10585	2	1
10586	2	3
10587	0	3
10588	0	4
10589	2	6
10590	0	2
10591	1	1
10592	1	4
10593	0	3
10594	0	3
10595	0	2
10596	3	6
10597	2	2
10598	1	2
10599	0	2
10600	0	4
10601	0	4
10602	4	4
10603	2	3
10604	1	2
10605	1	1
10606	1	4
10607	0	4
10608	0	1
10609	1	3
10610	0	1
10611	1	5
10612	1	2
10613	1	4
10614	1	1
10615	1	3
10617	0	3
10618	0	4
10619	2	4
10620	1	4
10621	0	7
10622	1	3
10623	0	8
10624	1	2
10625	3	2
10626	1	3
10627	1	1
10628	3	1
10629	1	2
10630	2	6
10631	2	2
10632	1	2
10633	0	1
10634	0	1
10635	1	1
10636	0	3
10637	1	2
10638	2	2
10639	0	1
10640	1	0
10641	2	0
10642	2	2
10643	1	3
10644	0	1