1	0	4
2	1	4
3	1	3
4	0	6
5	0	2
6	1	3
7	1	4
8	1	4
9	0	4
10	0	4
11	0	3
12	1	2
13	0	5
14	1	2
15	0	3
16	0	7
17	1	1
18	0	7
19	1	7
20	2	3
21	1	5
22	1	7
23	1	1
24	0	6
25	2	6
26	0	6
27	0	1
28	0	5
29	1	9
30	2	5
31	1	7
32	1	1
33	1	2
34	0	3
35	1	4
36	0	2
37	1	4
38	2	4
39	3	2
40	1	2
41	0	3
42	0	6
43	1	3
44	1	2
45	1	1
46	0	1
47	0	2
48	1	2
49	2	2
50	1	3
51	0	1
52	0	3
53	0	7
54	1	2
55	1	5
56	2	3
57	0	4
58	1	6
59	0	1
60	0	8
61	0	1
62	1	5
63	0	4
64	0	5
65	0	3
66	1	3
67	0	4
68	1	7
69	1	4
70	1	2
71	1	3
72	1	3
73	1	5
74	1	8
75	0	2
76	0	3
77	0	7
78	1	4
79	1	5
80	0	6
81	0	3
82	1	3
83	0	5
84	1	3
85	2	1
86	1	4
87	3	3
88	0	3
89	2	2
90	0	4
91	0	4
92	2	3
93	0	2
94	1	9
95	0	1
96	1	6
97	0	4
98	1	1
99	0	4
100	0	3
101	1	1
102	2	4
103	1	7
104	0	3
105	2	7
106	1	1
107	0	4
108	1	5
109	2	5
110	1	3
111	1	3
112	0	1
113	1	2
114	0	1
115	2	5
116	0	3
117	2	2
118	1	2
119	2	9
120	1	6
121	1	5
122	1	6
123	1	2
124	0	6
125	1	5
126	0	4
127	0	4
128	0	4
129	2	6
130	1	4
131	0	2
132	3	5
133	1	6
134	1	5
135	0	2
136	3	2
137	1	3
138	3	5
139	0	4
140	0	9
141	0	6
142	1	6
143	0	3
144	0	4
145	0	3
146	1	6
147	0	5
148	0	7
149	1	9
150	2	2
151	0	1
152	0	4
153	1	3
154	0	3
155	1	5
156	3	5
157	1	1
158	2	1
159	0	8
160	1	6
161	1	7
162	1	5
163	0	5
164	1	2
165	0	4
166	2	6
167	2	5
168	1	6
169	0	3
170	0	5
171	0	6
172	2	3
173	1	0
174	1	3
175	0	3
176	0	4
177	0	7
178	1	3
179	2	8
180	1	6
181	1	1
182	0	6
184	0	4
185	2	3
186	0	2
187	0	4
188	2	5
189	0	4
190	1	5
191	0	4
192	0	2
193	1	4
194	1	1
195	0	2
196	1	1
197	1	4
198	2	4
199	0	4
200	0	3
201	2	8
202	2	9
203	2	6
204	2	7
205	1	5
206	1	2
207	3	5
208	1	2
209	0	4
210	1	2
211	0	3
212	3	2
213	3	7
214	1	7
215	0	1
216	0	2
217	0	5
218	0	4
219	0	1
220	0	6
221	0	6
222	1	2
223	1	4
224	0	3
225	0	3
227	0	5
228	1	4
229	0	4
230	1	1
231	1	7
232	1	7
233	0	1
234	1	2
235	1	7
236	3	5
237	0	1
238	1	4
239	0	2
240	1	1
241	1	3
242	1	4
243	0	12
244	0	4
245	1	2
246	1	3
247	1	5
248	0	7
249	0	8
250	1	0
251	0	2
252	1	1
253	1	2
255	0	2
256	0	1
258	3	3
259	0	2
260	1	6
261	1	2
262	2	5
263	0	4
264	0	1
265	1	4
266	0	2
267	0	5
268	0	7
269	0	1
270	0	3
271	1	4
272	0	3
273	3	2
274	1	5
275	1	5
276	0	8
277	0	5
278	3	2
279	0	4
280	1	2
281	1	3
282	0	4
283	1	1
284	3	1
285	1	4
286	0	2
287	1	2
288	1	5
289	0	6
290	1	3
291	0	5
292	0	3
293	0	3
294	2	2
295	0	4
296	0	8
297	1	3
298	0	6
299	1	5
300	1	3
301	0	6
302	0	2
303	1	8
304	0	6
305	1	6
306	0	4
307	0	2
308	0	7
309	1	4
310	1	3
311	2	4
312	1	7
313	0	4
314	0	8
315	0	3
316	0	3
317	2	1
318	1	1
319	2	4
320	0	6
321	0	6
322	2	3
323	2	5
324	0	4
325	2	2
326	1	2
327	0	7
328	1	5
329	2	4
330	0	6
331	0	3
332	0	2
333	1	4
334	0	7
335	1	9
336	0	5
337	3	1
338	2	5
339	0	3
340	3	6
341	2	0
342	1	3
343	2	1
344	0	6
345	1	5
346	0	4
347	0	7
348	0	3
349	0	5
351	0	6
352	0	5
353	2	6
354	0	2
355	0	9
356	1	5
357	4	2
358	0	2
359	2	4
360	0	2
361	1	5
362	1	4
363	0	3
364	2	5
365	1	5
366	1	1
367	0	4
368	0	2
369	1	4
370	1	10
371	1	3
372	0	4
373	1	2
374	0	4
375	1	3
376	1	3
377	0	2
378	3	4
379	0	5
380	0	6
381	0	2
382	0	7
383	2	3
384	0	6
385	1	3
386	2	2
387	1	4
388	1	3
389	1	4
390	0	5
391	2	4
392	0	3
393	0	4
394	2	10
395	0	6
396	1	5
397	2	2
398	0	6
399	0	5
400	1	3
401	2	2
402	1	4
403	2	3
404	2	2
405	1	5
406	0	4
409	0	8
410	0	3
411	3	10
412	1	6
413	1	6
414	0	4
415	0	5
416	1	4
417	1	4
418	1	3
419	1	4
420	1	5
421	0	4
422	1	6
423	0	3
424	1	3
425	0	6
426	0	2
427	0	7
428	0	3
429	1	6
430	0	4
431	1	6
432	2	4
433	1	2
434	0	2
435	1	2
437	0	6
438	0	7
439	0	2
440	1	4
441	1	3
442	1	1
443	0	7
444	1	2
445	0	1
446	0	4
447	0	5
448	0	5
449	2	3
450	1	4
451	0	3
452	2	10
453	0	6
454	1	5
455	1	10
456	1	5
457	1	11
458	0	2
459	1	5
460	0	3
461	1	5
462	0	1
463	1	6
464	1	0
465	0	1
466	1	3
467	2	4
468	0	5
469	0	8
470	0	4
471	0	3
472	1	6
473	0	3
474	0	2
475	2	6
476	1	3
477	0	5
478	5	7
479	0	1
480	1	1
481	1	5
482	1	4
483	0	6
484	2	6
485	0	1
486	2	3
487	2	1
488	0	4
489	0	4
490	2	4
491	0	4
492	1	3
493	0	3
494	1	2
495	1	5
496	1	3
497	0	3
498	1	4
499	0	6
500	0	4
501	0	4
502	1	8
503	0	10
504	0	8
505	2	1
506	2	2
507	1	1
508	0	3
509	1	2
510	1	4
511	0	4
512	1	4
513	0	1
514	3	5
515	0	4
516	1	7
517	1	3
518	0	5
519	2	9
520	3	3
521	0	7
522	0	4
523	2	1
524	1	4
525	4	3
526	1	3
527	2	4
528	3	4
529	1	5
530	1	4
531	0	5
532	1	6
533	0	3
534	1	6
535	0	10
536	0	5
537	0	1
538	1	8
539	0	4
540	1	4
541	0	6
542	1	1
543	0	4
544	0	4
545	0	1
546	2	0
547	2	3
548	0	3
549	0	2
550	1	1
551	0	5
552	0	2
553	0	5
554	0	5
555	0	6
556	1	3
557	1	1
558	0	5
559	1	2
561	1	6
562	1	4
563	1	6
564	1	6
565	0	5
566	0	5
567	1	8
568	1	4
569	1	7
570	0	4
571	0	5
572	0	3
573	2	2
574	0	3
575	0	2
576	1	3
577	0	6
578	0	1
579	0	3
580	1	2
581	2	2
582	0	3
583	1	5
584	0	1
585	0	2
586	0	1
587	1	5
588	1	3
589	0	4
590	1	2
591	0	1
592	0	2
593	0	2
594	0	5
595	1	4
596	0	1
597	0	11
598	0	6
599	0	1
600	0	2
601	0	3
602	0	1
603	0	5
604	1	2
605	1	3
606	1	7
607	1	4
608	1	3
609	0	2
610	1	4
611	1	5
612	1	1
613	1	4
614	1	9
615	1	2
616	0	4
617	1	6
618	1	4
619	0	4
620	1	2
621	0	2
622	0	1
623	1	7
624	0	11
625	1	4
626	0	10
627	1	3
628	0	4
629	0	2
630	1	3
631	2	4
632	0	6
633	1	2
634	2	2
635	0	2
636	0	4
637	1	2
638	0	3
639	1	2
640	0	6
641	1	6
642	1	4
643	0	8
644	1	4
645	0	4
646	1	4
647	2	3
648	1	3
649	1	2
650	1	4
651	0	2
652	0	5
653	0	3
654	2	7
655	1	6
656	1	9
657	0	4
658	0	4
659	1	5
660	1	4
661	0	4
662	2	5
663	1	7
664	1	7
665	2	6
666	3	7
667	2	5
668	1	4
669	1	6
670	0	3
671	1	7
672	0	3
673	2	4
674	2	3
675	0	5
676	0	5
677	0	2
678	0	5
679	3	4
680	0	4
681	2	2
682	0	2
683	1	2
684	0	5
685	1	7
686	0	6
687	0	3
688	0	2
689	1	2
690	0	4
691	1	2
692	2	3
693	2	3
694	0	3
695	1	4
696	1	7
697	1	3
698	2	2
699	1	1
700	0	4
701	1	9
702	0	3
703	0	5
704	1	5
705	1	3
706	0	6
707	0	5
708	1	4
709	0	3
710	2	6
711	0	7
712	1	2
713	0	1
714	1	6
715	3	1
716	0	3
717	3	5
718	0	4
719	1	2
720	1	3
721	0	9
722	0	3
723	3	5
724	0	2
725	0	3
726	0	8
727	0	2
728	1	3
729	0	4
730	1	7
731	0	6
732	0	7
733	0	3
734	1	4
735	0	6
736	0	3
737	2	5
738	2	6
739	0	3
740	1	5
741	0	2
742	0	3
743	1	3
744	0	5
745	0	6
746	0	6
747	1	4
748	1	7
749	0	2
750	0	5
751	0	2
752	0	2
753	0	7
754	0	8
755	1	7
756	1	4
757	0	6
758	0	1
759	1	4
760	0	6
761	1	7
762	0	4
763	0	2
764	1	2
765	0	2
766	0	2
767	0	2
768	3	4
769	2	6
770	4	5
771	0	7
772	1	5
773	0	4
774	1	2
775	1	3
776	1	6
777	0	2
778	1	6
779	1	4
780	1	4
781	1	4
782	2	3
783	0	5
784	1	2
785	0	6
786	0	5
787	0	1
788	0	9
789	1	4
790	0	6
791	1	2
792	1	4
793	0	7
794	0	3
795	0	4
796	0	5
797	0	7
798	0	3
799	2	6
800	1	5
801	0	5
802	1	2
803	0	2
804	3	6
805	1	2
806	0	2
807	2	2
808	0	7
809	0	5
810	0	6
811	0	5
812	0	6
813	1	3
814	0	1
815	1	5
816	1	4
817	1	4
818	0	2
819	3	2
820	0	6
821	1	3
822	3	4
823	0	4
824	1	5
825	0	3
826	0	1
827	0	2
828	1	1
829	0	3
830	0	11
831	0	4
832	0	4
833	1	6
834	0	3
835	0	2
836	0	2
837	0	3
838	2	3
839	0	10
840	0	4
841	0	4
842	1	6
843	0	4
844	0	2
845	0	3
846	0	4
848	0	3
849	0	4
850	1	5
851	0	4
852	2	6
853	1	8
854	0	2
855	1	7
856	1	1
857	0	10
858	3	1
859	1	2
860	0	5
861	0	2
862	0	4
863	0	5
865	0	7
866	0	4
867	0	4
868	1	3
869	0	5
870	0	4
871	0	6
872	0	2
873	0	7
874	1	3
875	1	2
876	0	1
877	0	1
878	0	5
879	0	2
880	0	8
881	0	4
882	0	3
883	2	4
884	0	7
885	1	6
886	1	7
887	1	6
888	1	4
889	0	4
890	1	3
891	2	10
892	1	3
893	0	5
894	0	5
895	1	2
896	1	4
897	1	3
898	1	6
899	0	2
900	0	7
901	1	5
903	0	2
904	0	4
905	1	6
906	1	0
907	0	4
908	0	2
909	4	3
910	0	5
911	0	3
913	1	3
914	0	6
915	0	3
916	1	2
917	1	2
918	1	3
919	0	5
920	0	1
921	4	3
922	0	5
923	1	5
924	0	1
925	0	1
926	1	4
927	0	4
928	0	4
929	0	7
930	0	2
931	2	2
932	2	3
933	0	6
934	0	7
935	0	5
936	1	3
937	0	6
938	0	4
939	1	3
940	0	2
941	1	5
942	0	5
943	1	5
944	1	3
945	1	5
946	1	10
947	1	4
948	0	1
949	2	6
950	0	3
951	0	1
952	0	5
953	0	1
954	4	0
955	0	5
956	2	11
957	1	4
958	0	5
959	0	4
960	1	5
961	0	2
962	0	2
964	0	4
965	1	4
966	1	4
967	1	4
968	0	4
969	0	2
970	0	5
971	0	7
972	2	2
973	2	2
974	1	4
975	1	3
976	0	2
977	0	3
978	0	2
979	0	2
980	0	7
981	1	0
982	0	5
983	0	2
984	0	2
985	2	2
986	1	2
987	0	2
988	0	7
989	0	3
990	1	6
991	2	4
992	0	3
993	1	8
994	0	7
995	1	4
996	1	5
997	1	4
999	2	2
1000	1	3
1001	0	8
1002	1	1
1003	2	1
1004	1	4
1005	0	4
1006	2	4
1007	0	4
1008	0	3
1009	0	3
1010	0	4
1011	2	4
1012	2	3
1013	0	5
1014	1	2
1015	1	1
1016	0	11
1017	0	1
1018	1	6
1019	0	3
1020	1	5
1021	0	1
1022	2	2
1023	3	5
1024	0	3
1025	1	3
1026	0	4
1027	1	3
1028	1	0
1029	3	3
1030	0	2
1031	1	3
1032	2	2
1033	0	3
1034	2	5
1035	2	2
1036	1	4
1037	0	7
1038	2	5
1039	2	3
1040	0	1
1041	0	5
1042	0	6
1043	1	5
1044	0	4
1045	0	5
1046	1	3
1047	0	3
1048	1	5
1049	0	6
1050	1	8
1051	1	8
1052	0	5
1053	0	4
1054	0	5
1055	0	5
1056	0	5
1057	0	3
1058	0	8
1059	0	3
1060	1	7
1061	0	2
1062	1	2
1063	0	2
1064	0	4
1065	1	5
1066	1	8
1067	0	9
1068	1	3
1069	0	7
1070	0	2
1071	0	7
1072	0	6
1073	2	3
1074	0	1
1075	0	1
1076	0	2
1077	1	4
1078	0	4
1079	2	1
1080	1	3
1081	2	4
1082	0	5
1083	1	7
1084	1	1
1085	2	5
1086	0	5
1087	0	6
1088	0	8
1089	2	3
1090	1	3
1091	0	3
1092	1	1
1093	0	7
1094	0	1
1095	0	2
1096	0	2
1097	0	10
1098	1	1
1099	1	2
1100	2	8
1101	1	4
1102	1	1
1103	1	8
1104	0	3
1105	1	0
1106	0	4
1107	0	5
1108	1	2
1109	1	6
1110	1	3
1111	1	7
1112	2	2
1113	0	5
1114	0	2
1115	0	2
1116	0	5
1117	0	2
1118	0	3
1119	1	4
1120	1	5
1121	2	5
1122	0	5
1123	0	2
1124	0	6
1125	2	4
1126	1	4
1127	0	3
1128	0	2
1129	0	5
1130	0	4
1131	0	1
1132	1	5
1133	2	6
1134	2	5
1135	1	5
1136	0	3
1137	4	6
1138	0	2
1139	0	4
1140	1	6
1141	0	3
1142	1	5
1143	1	4
1144	0	5
1145	0	6
1146	1	3
1147	2	5
1148	0	3
1149	0	8
1150	0	8
1151	1	5
1152	0	7
1153	1	2
1154	1	4
1155	0	2
1156	0	4
1157	0	4
1158	0	4
1159	0	4
1160	0	4
1161	0	5
1162	1	6
1163	2	3
1164	2	4
1165	1	6
1166	1	4
1167	1	6
1168	0	2
1169	0	4
1170	0	3
1171	0	3
1172	0	6
1173	0	4
1174	0	6
1175	0	3
1176	0	4
1177	2	2
1178	0	6
1179	0	4
1181	0	2
1182	1	6
1183	0	4
1184	0	3
1185	1	5
1186	0	3
1187	2	4
1188	2	3
1189	1	5
1190	2	2
1191	1	1
1192	0	4
1193	1	4
1194	0	5
1195	1	3
1196	1	7
1197	1	5
1198	1	6
1199	0	6
1200	0	5
1201	0	5
1202	0	4
1203	2	5
1204	0	6
1205	1	1
1206	0	6
1207	2	7
1208	0	6
1209	0	3
1210	3	5
1211	0	1
1212	0	3
1213	0	5
1214	1	2
1215	0	2
1216	0	1
1217	0	4
1218	1	1
1219	2	4
1220	0	2
1221	2	2
1222	0	5
1223	1	4
1224	1	1
1225	1	2
1226	1	5
1227	0	3
1228	0	9
1229	0	3
1230	0	3
1231	0	2
1232	4	5
1233	0	3
1234	0	3
1236	0	4
1237	0	3
1238	0	6
1239	1	5
1240	0	3
1241	0	3
1242	0	4
1243	1	6
1244	3	3
1245	0	1
1246	1	4
1247	1	6
1248	0	5
1249	1	4
1250	0	7
1251	1	4
1252	0	4
1253	2	6
1254	1	3
1256	0	3
1257	1	0
1258	0	1
1259	0	2
1260	0	7
1261	0	1
1262	0	4
1263	0	6
1264	0	7
1265	1	2
1266	0	2
1267	2	4
1268	1	8
1269	0	10
1270	0	5
1271	1	3
1272	0	4
1273	0	5
1274	0	1
1275	1	6
1276	2	1
1277	0	4
1278	2	3
1279	0	7
1280	0	2
1281	1	4
1282	1	5
1283	0	2
1284	0	3
1285	0	10
1286	0	3
1287	0	3
1288	0	3
1289	1	8
1290	1	1
1291	0	4
1292	0	5
1293	1	7
1294	0	6
1295	0	8
1296	1	4
1297	2	4
1298	0	4
1299	0	4
1300	0	4
1301	0	6
1302	1	4
1303	0	1
1304	2	4
1305	1	3
1306	0	4
1307	1	4
1308	0	2
1309	0	5
1310	1	2
1311	1	2
1312	2	2
1313	1	3
1314	0	3
1315	1	6
1316	1	3
1317	1	4
1318	0	2
1319	1	2
1320	0	2
1321	1	2
1322	0	2
1323	2	3
1324	3	8
1325	1	5
1326	1	2
1327	0	2
1328	0	5
1329	1	8
1330	1	5
1331	0	2
1332	1	0
1333	0	4
1334	2	6
1335	1	3
1336	0	7
1337	1	14
1338	0	9
1339	1	2
1340	1	4
1341	0	5
1342	0	7
1343	0	7
1344	0	3
1345	1	2
1346	1	7
1347	1	2
1348	2	6
1349	0	1
1350	2	6
1351	0	6
1352	0	3
1353	2	4
1354	1	0
1355	0	1
1356	2	6
1357	0	2
1358	0	3
1359	0	3
1360	1	3
1361	1	6
1362	3	5
1363	3	5
1364	1	6
1365	1	4
1366	0	4
1367	1	2
1368	0	4
1370	2	3
1371	1	4
1372	1	3
1373	0	10
1374	1	5
1375	2	2
1376	2	2
1377	2	4
1378	1	3
1379	1	5
1380	1	1
1381	3	1
1382	0	6
1383	0	7
1384	3	4
1385	0	4
1386	0	3
1387	0	2
1388	1	5
1389	0	1
1390	1	0
1391	2	6
1392	0	10
1393	2	5
1394	0	6
1395	0	3
1396	2	4
1397	0	3
1398	1	5
1399	1	3
1400	2	4
1401	1	3
1402	0	4
1403	2	4
1404	1	1
1405	1	0
1406	0	2
1407	1	2
1408	0	4
1409	2	6
1410	2	0
1411	2	4
1412	2	6
1413	3	5
1414	0	3
1415	1	4
1416	0	2
1417	0	3
1418	6	0
1419	1	4
1420	0	7
1421	0	8
1422	0	6
1423	1	3
1424	0	6
1425	0	7
1426	0	4
1427	0	1
1428	0	1
1429	1	7
1430	1	3
1431	1	3
1432	1	5
1433	1	3
1434	3	8
1435	0	5
1436	0	5
1437	0	7
1438	0	7
1439	1	7
1440	1	3
1441	0	2
1442	0	4
1443	0	6
1444	0	4
1445	2	4
1446	0	2
1447	0	5
1448	3	5
1449	0	2
1450	2	4
1451	0	2
1452	0	2
1453	1	3
1454	0	2
1455	0	2
1456	1	3
1457	0	5
1458	0	7
1459	3	4
1460	0	3
1461	0	4
1462	0	2
1463	0	1
1464	0	5
1465	0	1
1466	1	7
1467	0	7
1468	0	2
1469	1	1
1470	2	2
1471	1	2
1472	0	5
1473	0	6
1474	0	1
1475	1	5
1476	0	3
1477	0	2
1478	0	3
1479	0	2
1480	0	1
1481	1	5
1482	1	5
1483	0	2
1484	0	3
1485	0	5
1486	0	2
1487	0	11
1488	0	6
1489	0	4
1490	1	6
1491	1	2
1492	0	6
1493	2	5
1494	1	1
1495	1	5
1496	2	3
1497	0	5
1498	0	4
1499	2	2
1500	1	0
1501	0	5
1502	0	2
1503	0	7
1504	0	5
1505	0	6
1506	0	10
1507	2	5
1508	0	4
1509	2	3
1510	2	0
1511	1	4
1512	0	3
1513	3	5
1514	1	5
1515	0	5
1516	0	3
1517	1	2
1518	0	3
1519	0	3
1520	1	6
1521	1	4
1522	0	1
1523	0	3
1524	0	2
1525	1	2
1526	0	4
1527	2	6
1528	0	2
1529	1	3
1530	0	5
1531	0	4
1532	1	8
1533	3	3
1534	0	9
1535	0	4
1536	1	6
1537	1	2
1538	0	4
1539	0	1
1540	1	4
1542	0	2
1543	3	4
1544	1	5
1545	0	3
1546	0	5
1547	1	11
1548	0	3
1549	0	6
1550	2	5
1551	2	5
1552	1	6
1553	0	2
1554	2	4
1555	1	3
1556	0	1
1557	0	6
1558	2	3
1559	2	4
1560	2	6
1561	0	3
1562	1	1
1563	0	5
1564	0	2
1565	0	2
1566	0	2
1567	2	2
1568	0	3
1569	0	3
1570	1	2
1571	0	2
1572	1	5
1573	0	2
1574	0	2
1575	1	3
1576	0	2
1577	0	5
1578	0	2
1579	0	3
1580	1	4
1581	0	2
1582	0	1
1583	1	9
1584	1	7
1585	0	5
1586	0	6
1587	0	2
1588	0	4
1589	0	8
1590	0	7
1591	0	3
1592	0	1
1593	1	1
1594	0	5
1595	0	1
1596	0	3
1597	1	3
1598	0	3
1599	1	5
1600	0	1
1601	1	5
1602	1	3
1603	0	1
1604	0	3
1605	0	5
1606	0	4
1607	0	4
1609	1	6
1610	0	3
1611	1	4
1612	2	5
1613	1	3
1614	0	1
1615	0	3
1616	0	4
1617	0	5
1618	0	2
1619	0	2
1620	0	5
1621	3	1
1622	2	6
1623	2	6
1624	2	2
1625	1	4
1626	0	3
1627	2	4
1628	0	3
1629	0	2
1630	2	3
1631	0	3
1632	2	2
1633	1	4
1634	0	9
1635	0	1
1636	0	6
1637	1	4
1638	0	4
1639	0	4
1640	1	2
1641	0	4
1642	1	3
1643	1	4
1644	3	8
1645	1	6
1646	0	1
1647	0	7
1648	2	7
1649	0	3
1650	0	4
1651	1	2
1652	0	4
1653	0	3
1654	0	3
1655	0	6
1656	1	1
1657	0	4
1658	0	5
1659	2	1
1660	0	4
1661	1	3
1662	0	2
1663	0	3
1664	1	4
1665	0	2
1666	0	6
1667	0	3
1668	0	2
1669	0	2
1670	1	3
1671	2	3
1672	1	7
1673	0	5
1674	0	4
1675	0	3
1676	2	3
1677	2	6
1678	1	3
1679	0	2
1680	0	2
1681	2	3
1682	2	0
1683	2	3
1684	0	6
1685	0	8
1686	0	1
1687	0	4
1688	2	5
1689	0	1
1690	0	5
1691	2	7
1692	0	6
1693	0	4
1694	1	0
1695	1	4
1696	1	1
1697	0	2
1698	0	4
1699	0	4
1700	0	1
1701	1	2
1702	0	2
1703	0	3
1704	0	2
1705	1	3
1706	0	2
1707	1	8
1708	2	3
1709	0	4
1710	2	1
1711	0	4
1712	1	4
1713	1	2
1714	0	4
1715	0	2
1716	0	4
1717	1	1
1718	1	6
1719	0	3
1720	0	3
1721	0	2
1722	2	3
1723	1	3
1724	0	4
1725	1	2
1726	0	3
1727	0	4
1728	0	3
1729	0	5
1730	1	3
1731	0	4
1732	0	10
1733	0	5
1734	1	4
1735	0	5
1736	0	4
1737	0	6
1738	0	5
1739	0	5
1740	1	3
1741	1	4
1742	0	6
1743	0	13
1744	0	7
1745	0	4
1746	0	2
1747	0	6
1748	0	5
1749	0	6
1750	0	4
1751	0	3
1752	2	2
1753	0	4
1754	0	5
1755	1	1
1756	2	8
1757	2	3
1758	0	6
1759	3	5
1760	1	4
1761	1	6
1762	2	1
1763	2	7
1764	1	6
1765	0	3
1766	0	6
1767	0	4
1768	0	1
1769	1	4
1770	0	4
1771	0	6
1772	0	1
1773	2	4
1774	1	3
1775	1	4
1776	0	4
1777	0	5
1778	0	3
1779	0	1
1780	1	2
1781	0	5
1782	2	1
1783	0	3
1784	0	5
1785	1	3
1786	0	2
1787	2	6
1788	1	8
1789	1	4
1790	0	4
1791	0	5
1792	0	5
1793	0	2
1794	1	4
1795	1	5
1796	0	2
1797	0	3
1798	1	2
1799	0	6
1800	0	4
1801	0	3
1802	0	8
1803	2	6
1804	0	1
1805	0	2
1806	0	5
1807	0	6
1808	1	5
1809	0	2
1810	0	5
1811	2	4
1812	0	4
1813	0	5
1814	1	3
1815	1	3
1816	0	3
1817	0	4
1818	2	2
1819	0	3
1820	1	2
1821	0	2
1822	1	5
1823	1	1
1824	0	6
1825	1	5
1826	1	2
1827	1	3
1828	0	6
1829	1	3
1830	1	3
1831	3	5
1832	0	5
1833	2	3
1834	0	1
1835	1	1
1836	0	2
1837	0	6
1838	0	8
1839	1	4
1840	0	4
1841	0	3
1842	0	7
1843	0	7
1844	2	7
1845	0	4
1846	3	3
1847	1	3
1848	0	5
1849	0	2
1850	0	3
1851	0	3
1852	0	3
1853	0	2
1854	2	4
1855	1	3
1856	0	3
1857	2	2
1858	0	3
1859	0	2
1860	0	2
1861	1	4
1862	0	4
1863	0	4
1864	1	6
1865	0	3
1866	0	2
1867	0	3
1868	1	6
1869	1	6
1870	0	3
1871	0	2
1872	0	6
1873	0	5
1874	0	4
1875	0	2
1876	0	1
1877	0	1
1878	0	2
1879	0	3
1880	0	4
1881	2	8
1882	0	3
1883	0	9
1884	0	5
1885	0	4
1886	1	4
1887	1	2
1888	1	8
1890	0	1
1891	1	1
1892	0	2
1894	1	5
1895	0	8
1896	0	1
1897	2	2
1898	2	1
1899	1	2
1900	0	1
1901	1	2
1902	2	3
1903	1	4
1904	2	2
1905	2	4
1906	0	5
1907	0	2
1908	0	5
1909	1	5
1910	1	2
1911	0	5
1912	1	4
1913	1	6
1914	1	2
1915	0	3
1916	0	3
1917	1	1
1918	0	2
1919	0	2
1920	2	1
1921	0	2
1922	0	4
1923	0	1
1924	1	2
1925	0	9
1926	0	8
1927	0	2
1928	0	5
1929	1	2
1930	0	3
1931	0	3
1932	1	3
1933	1	4
1934	0	4
1935	3	2
1936	1	5
1937	1	2
1938	0	2
1939	0	4
1940	0	1
1941	0	3
1942	1	2
1943	2	3
1944	0	3
1945	0	6
1946	0	4
1947	1	5
1948	2	3
1949	0	6
1950	0	2
1951	0	5
1952	0	3
1953	0	2
1954	1	1
1955	2	1
1956	0	4
1957	0	7
1958	0	1
1959	0	10
1960	1	6
1961	0	1
1962	1	8
1963	1	5
1964	0	3
1965	0	3
1966	1	3
1967	0	2
1968	3	4
1969	0	4
1970	0	3
1971	0	4
1972	1	2
1973	0	3
1974	0	2
1975	1	1
1976	1	1
1977	0	4
1978	0	4
1979	1	3
1980	0	2
1981	3	1
1982	2	3
1983	1	2
1984	1	6
1985	0	4
1986	0	2
1987	0	5
1988	0	3
1989	0	1
1990	0	4
1991	0	1
1992	0	7
1993	1	5
1994	0	4
1995	0	4
1996	0	2
1997	0	5
1998	0	3
1999	0	6
2000	0	7
2001	0	7
2002	0	3
2003	2	2
2004	0	2
2005	0	4
2006	0	6
2007	0	3
2008	1	1
2009	1	2
2010	0	3
2011	1	1
2012	1	4
2013	1	4
2014	0	3
2015	0	3
2016	0	5
2017	0	3
2018	0	1
2019	2	2
2020	0	4
2021	3	6
2022	1	4
2023	1	2
2024	1	2
2025	1	8
2026	2	1
2027	0	8
2028	1	2
2029	1	1
2031	0	2
2032	0	1
2033	2	1
2034	1	5
2035	0	2
2036	2	3
2038	2	6
2039	0	3
2040	0	4
2041	1	4
2042	1	4
2043	0	6
2044	0	4
2045	0	3
2046	2	1
2047	1	6
2048	1	1
2049	1	8
2050	2	7
2051	2	3
2052	0	1
2053	1	2
2054	1	8
2055	1	2
2056	2	2
2057	2	8
2058	1	2
2059	2	5
2060	0	1
2061	1	2
2062	0	3
2063	0	3
2064	1	4
2065	2	2
2066	1	5
2067	2	5
2068	0	4
2069	0	8
2070	1	2
2071	0	2
2072	0	4
2073	0	4
2074	3	3
2075	0	3
2076	0	4
2077	1	4
2078	1	3
2079	0	4
2080	0	4
2081	0	8
2082	1	1
2083	0	2
2084	2	5
2085	1	6
2086	1	3
2087	1	6
2088	0	2
2089	1	3
2090	1	6
2091	1	3
2092	1	5
2093	0	7
2094	0	3
2095	0	4
2096	0	7
2097	1	4
2098	0	3
2099	2	5
2101	1	3
2102	0	6
2103	0	5
2104	0	8
2105	0	5
2106	0	4
2107	0	7
2108	1	5
2109	2	4
2110	1	2
2111	0	4
2112	0	7
2113	0	5
2114	0	3
2115	2	2
2116	1	3
2117	1	3
2118	0	5
2119	0	2
2120	2	1
2121	2	8
2122	0	3
2123	0	3
2124	0	5
2125	1	3
2126	2	3
2127	2	4
2128	1	3
2129	1	7
2130	1	1
2131	0	2
2132	1	5
2133	2	4
2134	0	3
2135	2	6
2136	1	8
2137	0	3
2138	0	2
2139	1	8
2140	2	7
2141	0	2
2142	1	5
2143	1	3
2144	0	8
2146	0	6
2147	0	5
2148	1	5
2149	0	8
2150	0	1
2151	2	5
2152	0	3
2153	1	4
2154	0	1
2155	3	5
2156	2	5
2157	0	4
2158	1	4
2159	0	3
2160	0	4
2161	0	5
2162	0	3
2163	0	3
2164	1	4
2165	0	4
2166	0	6
2167	2	2
2168	0	1
2169	1	7
2170	2	1
2171	2	2
2172	0	5
2173	1	1
2174	0	6
2175	0	5
2176	0	6
2177	1	2
2178	1	11
2179	1	2
2180	0	1
2181	1	3
2182	0	5
2183	1	5
2184	1	3
2185	0	7
2186	0	3
2187	0	4
2188	0	6
2189	0	3
2190	1	4
2191	0	5
2192	1	7
2193	0	4
2194	0	8
2195	0	3
2196	0	4
2197	3	9
2198	0	6
2199	2	4
2200	0	4
2201	2	2
2202	0	4
2203	1	2
2204	1	5
2205	2	4
2206	0	4
2207	0	6
2208	5	5
2209	1	8
2210	1	6
2211	0	7
2212	0	6
2213	1	7
2214	0	2
2215	0	3
2216	0	6
2217	2	8
2218	0	9
2219	1	6
2220	0	3
2221	0	3
2222	1	1
2223	0	2
2224	1	2
2225	0	7
2226	1	4
2227	2	3
2228	0	5
2229	0	6
2230	0	4
2231	1	8
2232	1	2
2233	1	2
2234	0	7
2235	0	7
2236	0	1
2237	1	2
2238	0	5
2239	2	7
2241	1	2
2242	2	1
2243	0	3
2244	0	2
2245	0	5
2246	0	4
2247	0	5
2248	0	2
2249	0	3
2250	0	2
2251	2	0
2252	2	5
2253	1	3
2254	0	4
2255	1	4
2256	1	3
2257	3	5
2258	0	5
2259	0	4
2260	0	2
2261	0	5
2262	1	4
2263	0	5
2264	0	4
2265	0	5
2266	0	7
2267	1	4
2268	0	3
2269	1	1
2270	0	6
2271	0	3
2272	0	3
2273	1	3
2274	1	3
2275	0	3
2276	1	5
2277	0	3
2278	0	2
2279	0	5
2280	0	5
2281	0	1
2282	0	5
2283	0	3
2284	0	5
2286	1	2
2287	2	4
2288	0	4
2289	3	7
2290	1	3
2291	2	5
2292	1	3
2293	1	3
2294	1	6
2295	1	4
2296	0	1
2297	0	3
2298	0	1
2299	2	1
2300	0	7
2301	2	7
2302	1	4
2303	1	4
2304	1	4
2305	1	2
2306	2	7
2307	0	2
2308	2	2
2309	0	4
2310	1	5
2311	1	6
2312	0	6
2313	0	4
2314	0	2
2315	0	2
2316	2	6
2317	3	5
2318	0	13
2320	1	4
2321	0	5
2322	0	2
2323	0	4
2324	0	4
2325	2	3
2326	2	4
2327	1	7
2328	2	5
2329	0	4
2330	0	2
2331	0	2
2332	1	2
2334	0	3
2335	0	2
2336	0	1
2337	2	5
2338	0	7
2339	0	1
2340	1	4
2341	1	5
2342	1	0
2343	0	5
2344	0	1
2345	1	1
2346	1	4
2347	0	6
2348	0	4
2349	0	3
2350	1	6
2351	0	4
2352	2	2
2353	0	3
2354	0	4
2355	1	4
2356	0	5
2357	0	5
2358	1	2
2359	2	4
2360	0	1
2361	1	3
2362	0	3
2363	1	5
2364	0	3
2365	0	7
2366	1	0
2367	0	3
2368	1	2
2369	1	3
2370	1	4
2371	0	3
2372	0	4
2373	0	5
2374	3	4
2375	0	2
2376	2	4
2377	0	5
2378	2	6
2379	0	3
2380	2	3
2381	1	4
2382	2	2
2383	0	3
2384	3	2
2385	0	4
2386	0	6
2387	0	3
2388	0	3
2389	0	5
2390	0	3
2391	0	3
2392	2	2
2393	0	3
2394	0	6
2395	2	2
2396	1	6
2397	0	6
2398	1	2
2399	0	8
2400	0	3
2401	1	4
2402	1	3
2403	2	5
2404	0	3
2405	0	6
2406	1	8
2407	1	6
2408	1	4
2409	0	2
2410	1	5
2411	0	3
2412	0	3
2413	0	3
2414	0	4
2415	0	10
2416	1	2
2417	0	3
2418	2	4
2419	2	3
2420	0	2
2421	0	3
2422	0	3
2423	1	8
2424	0	5
2425	1	2
2426	0	4
2427	0	5
2428	0	2
2430	1	7
2431	0	3
2432	0	5
2433	0	4
2434	1	4
2435	0	2
2436	3	3
2437	2	4
2438	0	5
2439	1	4
2440	0	2
2441	0	4
2442	1	8
2443	1	2
2444	1	5
2445	3	6
2446	1	2
2447	1	1
2448	0	3
2449	0	3
2450	1	5
2451	2	7
2452	2	4
2453	0	3
2454	2	8
2455	1	5
2456	0	4
2457	1	6
2458	1	5
2459	1	9
2460	0	2
2461	1	5
2462	1	0
2463	1	4
2464	0	2
2465	0	2
2466	0	1
2467	1	4
2468	0	4
2469	2	5
2470	1	1
2471	0	5
2472	0	4
2473	1	2
2474	0	3
2475	0	3
2476	0	4
2477	1	4
2478	2	3
2479	0	3
2480	1	5
2481	1	3
2482	0	4
2483	0	5
2484	0	3
2485	1	3
2486	0	8
2487	0	2
2488	0	8
2489	1	2
2490	1	3
2491	3	6
2492	0	3
2493	0	2
2494	0	3
2495	2	6
2496	0	7
2497	0	2
2498	0	8
2499	1	2
2500	0	5
2501	2	2
2502	0	3
2503	0	4
2505	0	6
2506	1	6
2507	2	2
2508	1	5
2509	0	1
2510	0	3
2511	2	2
2512	1	6
2513	1	3
2514	1	4
2515	0	4
2516	0	2
2517	0	3
2518	1	3
2519	0	4
2520	3	5
2521	1	4
2522	0	3
2523	0	5
2524	0	1
2525	0	3
2526	0	1
2527	0	3
2528	0	6
2529	1	6
2530	2	7
2531	0	1
2532	1	3
2533	0	4
2534	2	4
2535	1	1
2536	0	2
2537	0	2
2538	0	5
2539	0	7
2540	0	2
2541	0	5
2542	0	2
2543	0	1
2544	0	3
2545	0	4
2546	0	5
2547	0	2
2548	1	5
2549	0	2
2550	1	2
2551	1	1
2552	0	2
2553	2	3
2554	0	4
2555	1	2
2556	0	5
2557	0	7
2558	1	8
2559	0	5
2560	0	5
2561	0	5
2562	1	7
2563	2	1
2564	1	4
2565	1	2
2566	1	2
2567	1	0
2568	1	4
2569	0	7
2570	0	5
2571	2	3
2572	0	6
2573	1	5
2574	3	5
2575	0	3
2576	0	2
2577	1	2
2578	1	2
2579	0	1
2580	0	4
2581	1	2
2582	0	4
2583	0	2
2584	2	4
2585	1	2
2586	1	4
2587	0	4
2588	0	9
2589	0	2
2590	0	3
2591	3	8
2592	3	5
2593	3	6
2594	2	5
2595	2	3
2596	1	2
2597	0	4
2598	1	2
2599	0	7
2600	0	4
2601	1	1
2602	0	2
2603	0	5
2605	0	1
2606	1	6
2607	0	8
2608	0	6
2609	1	6
2610	1	3
2611	3	7
2612	1	5
2613	0	5
2614	1	9
2615	0	4
2616	1	1
2617	1	3
2618	0	1
2619	0	3
2620	1	3
2621	0	3
2622	0	3
2623	2	3
2624	0	6
2625	0	4
2626	0	5
2627	0	8
2628	0	6
2629	0	2
2630	3	4
2631	0	2
2632	0	6
2633	1	1
2634	2	3
2635	2	3
2636	0	6
2637	0	2
2638	0	6
2639	1	4
2640	1	5
2641	0	2
2642	0	1
2643	0	4
2644	0	5
2645	1	3
2646	1	4
2647	1	3
2648	1	1
2649	1	2
2650	0	5
2651	0	3
2652	0	4
2653	1	3
2654	2	2
2655	1	5
2656	0	2
2657	0	6
2658	0	4
2660	0	4
2661	0	2
2663	1	4
2664	1	6
2665	2	5
2666	0	5
2667	1	5
2668	1	4
2669	1	2
2670	1	2
2671	2	2
2672	0	1
2673	0	4
2674	1	4
2675	1	2
2676	0	2
2677	2	4
2678	1	4
2679	0	4
2680	0	3
2681	0	7
2682	3	1
2683	0	2
2684	2	4
2685	0	5
2686	2	3
2687	0	2
2688	0	1
2689	1	2
2690	1	5
2691	1	1
2692	0	6
2693	0	3
2694	0	8
2695	0	3
2696	0	4
2697	2	0
2698	0	6
2699	0	5
2700	0	1
2701	1	2
2702	0	3
2703	2	5
2704	1	3
2705	0	3
2706	0	5
2707	0	5
2708	2	3
2709	0	1
2710	1	6
2711	2	1
2712	0	3
2713	1	4
2714	2	3
2715	0	1
2716	2	8
2717	0	2
2718	1	7
2719	0	1
2720	0	10
2721	2	8
2722	1	2
2723	1	2
2724	0	4
2725	2	5
2726	1	6
2727	3	3
2728	0	2
2729	1	6
2730	0	4
2731	2	3
2732	0	3
2733	0	5
2734	2	2
2735	0	5
2736	1	2
2737	0	7
2738	0	3
2739	0	2
2740	1	4
2741	1	8
2742	1	4
2743	1	5
2744	1	1
2745	3	12
2746	1	12
2747	0	1
2748	0	8
2749	0	4
2750	2	1
2751	0	6
2752	2	1
2753	1	3
2754	2	6
2755	2	5
2756	1	2
2757	0	3
2758	0	7
2759	1	6
2760	0	8
2761	1	3
2762	1	3
2763	2	3
2764	1	4
2765	0	4
2766	0	4
2767	1	7
2768	1	5
2769	1	5
2770	1	5
2771	0	3
2772	1	1
2773	1	2
2774	0	9
2775	1	3
2776	3	5
2777	1	4
2778	0	6
2779	0	4
2780	1	4
2781	1	3
2782	0	7
2783	0	2
2784	2	8
2785	2	2
2786	1	4
2787	1	4
2788	2	6
2789	2	5
2790	1	4
2791	2	3
2792	1	5
2793	1	3
2794	1	2
2795	1	4
2796	1	2
2797	1	5
2798	0	3
2799	1	3
2800	1	4
2801	0	3
2802	3	4
2803	1	2
2804	0	3
2805	1	4
2806	0	3
2807	1	7
2808	2	4
2809	0	4
2810	1	5
2811	0	4
2812	0	2
2813	1	4
2814	2	5
2815	3	4
2816	2	3
2817	1	2
2818	0	7
2819	1	7
2820	1	3
2821	1	3
2822	0	6
2823	1	1
2824	0	4
2825	0	4
2826	0	4
2827	1	2
2828	1	4
2829	2	5
2830	0	6
2831	2	5
2832	0	4
2833	0	3
2834	0	3
2835	1	1
2836	0	4
2837	1	4
2838	1	3
2839	1	2
2840	0	2
2841	0	7
2842	0	6
2843	0	1
2844	0	3
2845	1	7
2846	0	2
2847	3	7
2848	0	5
2849	0	1
2850	2	4
2851	0	5
2852	0	3
2853	0	6
2854	0	4
2855	2	1
2856	3	3
2857	1	3
2858	2	3
2859	0	3
2860	1	2
2861	1	6
2862	1	3
2863	0	4
2864	0	2
2865	1	3
2866	3	6
2867	0	3
2868	1	4
2869	4	8
2870	1	1
2871	0	5
2872	3	3
2873	1	8
2874	2	7
2875	1	3
2876	1	2
2877	3	4
2878	4	6
2879	3	3
2880	1	7
2881	0	7
2882	1	4
2883	1	5
2884	3	1
2885	1	4
2886	1	2
2887	2	6
2888	1	10
2889	1	2
2890	2	2
2891	1	6
2892	1	3
2893	2	6
2894	0	5
2895	0	5
2896	2	5
2897	0	5
2898	2	2
2899	0	3
2900	4	2
2901	1	6
2902	0	5
2903	1	6
2904	4	2
2905	1	4
2906	3	2
2907	0	6
2908	0	5
2909	1	3
2910	2	3
2911	1	4
2912	4	2
2913	3	4
2914	1	5
2915	1	3
2916	1	3
2917	0	5
2918	0	7
2919	0	6
2920	4	4
2921	3	6
2922	3	4
2923	2	5
2924	1	0
2925	2	3
2926	0	1
2927	0	4
2928	0	2
2929	1	2
2930	1	5
2931	1	5
2932	4	5
2933	1	2
2934	2	5
2935	3	10
2936	3	8
2937	4	2
2938	0	6
2939	0	7
2940	1	3
2941	2	3
2942	2	3
2943	0	2
2944	0	6
2945	0	5
2946	2	2
2947	2	5
2948	2	4
2949	0	7
2950	3	7
2951	1	2
2952	1	3
2953	3	1
2954	1	6
2955	4	3
2956	0	5
2957	1	4
2958	0	6
2959	1	3
2960	1	4
2961	0	2
2962	0	3
2963	0	4
2964	0	6
2965	1	4
2966	3	4
2967	1	4
2968	1	4
2969	2	6
2970	1	2
2971	5	0
2972	2	2
2973	0	2
2974	1	3
2975	1	4
2976	1	5
2977	0	6
2978	2	2
2979	1	6
2980	0	5
2981	2	7
2982	0	10
2983	2	8
2984	1	3
2985	1	0
2986	2	6
2987	2	7
2988	2	4
2989	1	2
2990	0	8
2991	2	1
2992	1	0
2993	2	0
2994	0	3
2995	0	5
2996	0	3
2998	1	6
2999	2	5
3000	1	5
3001	0	5
3002	3	4
3003	0	4
3004	0	6
3005	1	5
3006	1	3
3007	0	5
3008	4	5
3009	0	2
3010	4	4
3011	0	4
3012	1	0
3013	0	2
3014	1	1
3015	1	2
3016	2	7
3017	2	3
3018	1	6
3019	1	6
3020	0	2
3021	0	3
3022	1	5
3023	1	4
3024	1	3
3025	0	6
3026	0	5
3027	1	4
3028	0	1
3029	1	3
3030	3	2
3031	0	3
3032	1	6
3033	1	2
3034	1	2
3035	1	2
3036	2	4
3037	2	3
3038	1	3
3039	0	7
3040	0	2
3041	2	4
3042	0	3
3043	2	3
3044	2	3
3045	0	4
3046	3	4
3047	0	3
3048	0	6
3049	1	3
3050	0	2
3051	0	5
3052	1	7
3053	1	0
3054	2	4
3055	1	7
3056	0	4
3057	1	2
3058	0	4
3059	0	5
3060	0	7
3061	1	6
3062	0	5
3063	1	2
3064	2	5
3065	3	2
3066	1	3
3067	0	1
3068	2	5
3069	1	5
3070	2	3
3071	0	2
3072	2	5
3073	0	3
3074	2	4
3075	1	7
3076	4	4
3077	1	1
3078	0	4
3080	0	4
3081	0	5
3082	2	5
3083	2	5
3084	0	7
3085	0	3
3086	1	4
3087	2	4
3088	0	4
3089	1	3
3090	0	6
3091	1	3
3092	1	11
3093	1	2
3094	2	3
3095	2	4
3096	1	3
3097	1	5
3098	3	1
3099	0	2
3100	0	8
3101	0	5
3102	0	5
3103	1	2
3104	0	3
3105	1	2
3106	0	1
3107	1	6
3108	0	5
3109	0	2
3110	4	5
3111	0	6
3112	1	8
3113	3	3
3114	0	4
3115	0	3
3116	1	4
3117	0	1
3118	0	6
3119	1	3
3120	0	5
3121	1	5
3122	1	6
3123	0	2
3124	1	3
3125	0	5
3126	1	6
3127	1	8
3128	1	2
3129	2	2
3130	0	4
3131	0	1
3132	2	5
3133	2	2
3134	0	5
3135	3	3
3136	0	7
3137	0	4
3138	2	4
3139	0	7
3140	0	2
3141	0	5
3142	1	2
3143	0	3
3144	1	1
3145	0	3
3146	0	3
3147	0	2
3148	1	2
3149	0	1
3150	0	5
3151	1	5
3152	1	1
3153	0	2
3154	1	0
3155	1	4
3156	0	5
3157	1	3
3158	0	1
3159	2	5
3160	0	2
3161	0	3
3162	0	10
3163	0	2
3164	0	2
3165	0	6
3166	1	6
3167	0	6
3168	3	3
3169	3	6
3170	0	3
3171	2	5
3172	4	1
3173	1	7
3174	0	9
3175	2	2
3176	0	4
3177	1	4
3178	0	2
3179	1	4
3180	0	4
3181	0	6
3182	1	7
3183	0	5
3184	0	2
3185	0	3
3186	0	4
3187	2	5
3188	1	5
3189	0	8
3190	1	7
3191	1	5
3192	0	2
3193	0	6
3194	1	6
3195	0	6
3196	1	4
3197	0	8
3198	0	1
3199	0	5
3200	1	3
3201	0	4
3202	1	1
3203	0	4
3204	0	1
3205	0	6
3206	1	1
3207	1	3
3208	1	5
3209	0	3
3210	2	9
3211	0	1
3212	0	3
3213	1	5
3215	1	5
3216	1	5
3217	2	3
3218	1	6
3219	0	6
3220	1	2
3221	1	1
3222	1	6
3223	1	6
3224	0	5
3225	0	4
3226	0	2
3227	0	7
3228	1	6
3229	0	7
3230	3	5
3231	0	4
3232	0	6
3233	0	5
3234	0	3
3235	1	4
3236	1	7
3237	0	1
3238	0	4
3239	0	2
3240	1	6
3241	0	4
3242	2	2
3243	1	3
3244	0	4
3245	1	3
3246	0	8
3247	3	6
3248	0	1
3249	2	5
3250	0	1
3251	0	2
3252	0	5
3253	1	5
3254	0	5
3255	2	4
3256	0	5
3257	1	3
3258	0	2
3259	1	7
3260	0	2
3261	2	4
3262	0	5
3263	0	1
3264	0	7
3265	0	4
3266	0	4
3267	0	5
3268	0	4
3269	0	2
3270	0	5
3271	0	4
3272	1	2
3273	1	4
3274	1	4
3275	0	3
3276	0	4
3277	0	3
3278	0	5
3279	1	3
3280	0	8
3281	2	7
3282	1	5
3283	1	4
3284	0	4
3285	0	6
3286	0	3
3288	0	3
3289	0	6
3290	4	3
3291	1	1
3292	1	6
3293	1	6
3294	1	3
3295	0	4
3296	0	6
3297	2	4
3298	1	2
3299	2	3
3300	1	4
3301	1	2
3302	1	7
3303	0	1
3304	0	3
3305	0	6
3306	0	6
3307	2	8
3308	0	2
3309	1	3
3310	0	4
3311	1	6
3312	0	5
3313	0	6
3314	2	2
3315	1	4
3316	0	1
3317	0	6
3318	0	3
3320	2	6
3321	0	9
3322	2	6
3323	0	4
3324	0	7
3325	0	2
3326	1	3
3327	2	4
3328	0	5
3329	0	4
3330	0	4
3331	0	3
3332	0	3
3333	2	4
3334	0	3
3335	0	1
3336	1	0
3337	1	6
3338	0	3
3339	0	7
3340	1	3
3341	1	1
3342	0	3
3343	1	7
3344	1	7
3345	0	9
3346	2	5
3347	0	4
3348	0	7
3349	1	6
3350	1	1
3351	0	6
3352	2	3
3353	0	2
3354	3	6
3356	0	3
3357	0	2
3358	0	2
3359	0	4
3360	0	2
3361	0	6
3362	0	7
3363	2	4
3364	3	2
3365	0	4
3366	0	4
3367	0	4
3368	2	4
3369	0	6
3370	0	2
3371	2	3
3372	1	3
3373	0	6
3374	0	6
3375	2	3
3376	0	3
3377	0	8
3378	1	1
3380	1	2
3381	0	2
3382	0	4
3383	3	6
3384	1	8
3385	0	1
3386	0	1
3387	1	3
3388	1	3
3389	2	4
3390	0	5
3391	0	2
3392	1	3
3393	0	2
3394	0	3
3395	1	5
3396	0	1
3397	1	4
3398	1	2
3399	0	8
3400	1	3
3401	0	2
3402	0	4
3403	0	7
3404	0	4
3405	1	5
3406	1	3
3407	2	6
3408	0	7
3409	0	3
3410	1	4
3411	0	7
3412	1	1
3413	2	5
3414	2	8
3415	3	6
3416	1	9
3417	0	3
3418	2	4
3419	0	1
3420	1	4
3421	1	6
3422	1	3
3423	0	1
3424	0	4
3425	0	5
3426	0	4
3427	0	3
3428	1	6
3429	0	2
3430	0	5
3431	2	5
3432	0	1
3433	1	10
3434	2	7
3435	1	3
3436	3	2
3437	0	3
3438	2	3
3439	0	5
3440	0	4
3441	0	3
3442	1	4
3443	0	3
3444	0	2
3445	0	3
3446	1	2
3447	0	3
3448	1	3
3449	0	2
3450	1	3
3451	0	1
3452	0	3
3453	1	1
3454	0	1
3455	0	2
3456	3	2
3457	1	4
3458	1	5
3459	1	7
3460	1	4
3461	0	6
3462	0	4
3463	0	3
3464	1	6
3465	1	2
3466	1	3
3467	0	6
3468	0	7
3469	0	4
3470	3	4
3471	0	4
3472	1	0
3473	1	2
3474	1	5
3475	0	1
3476	0	6
3477	3	4
3478	0	3
3479	0	4
3480	1	4
3481	0	3
3482	0	5
3483	0	7
3484	0	7
3485	0	3
3486	4	4
3487	1	3
3488	1	2
3489	0	2
3490	2	3
3491	2	5
3492	1	5
3493	3	3
3494	0	2
3495	1	1
3496	0	8
3497	0	4
3498	0	2
3499	0	2
3500	0	3
3501	1	3
3502	0	7
3503	0	2
3504	1	7
3505	1	4
3506	1	6
3507	0	1
3508	0	3
3509	0	1
3510	0	2
3511	1	5
3512	0	5
3513	0	7
3514	0	2
3515	1	4
3516	1	3
3517	1	1
3518	0	3
3519	1	6
3520	2	2
3521	1	1
3522	1	8
3523	1	4
3524	2	2
3525	1	5
3526	0	7
3527	0	2
3528	2	3
3529	2	7
3530	1	2
3531	0	2
3532	0	3
3533	3	3
3534	1	2
3535	0	5
3536	0	5
3537	0	4
3538	3	4
3539	1	4
3540	1	7
3541	1	2
3542	1	5
3543	1	2
3544	1	5
3545	0	6
3546	1	5
3547	0	5
3548	0	6
3549	1	4
3550	0	4
3551	0	5
3552	2	3
3553	2	7
3554	0	3
3555	0	5
3556	1	2
3557	0	3
3558	2	3
3559	1	4
3560	1	4
3561	1	7
3562	2	9
3563	1	1
3564	0	3
3565	1	4
3566	1	1
3567	1	3
3568	1	4
3569	0	2
3570	0	2
3571	1	3
3572	1	5
3573	1	4
3574	0	3
3575	1	6
3576	1	3
3577	1	4
3578	1	3
3579	1	1
3580	2	8
3581	1	5
3582	0	3
3583	1	5
3584	0	4
3585	1	6
3586	0	4
3587	1	5
3588	1	2
3589	1	5
3590	0	4
3591	0	1
3592	0	1
3593	1	7
3594	2	4
3595	1	4
3597	1	5
3598	1	3
3599	1	4
3600	0	5
3601	0	5
3602	1	4
3603	0	4
3604	0	3
3605	0	5
3606	0	3
3607	0	3
3608	0	4
3609	0	4
3610	3	1
3611	1	2
3612	0	2
3613	0	1
3614	0	3
3615	1	6
3616	2	5
3617	1	5
3618	0	6
3619	0	3
3620	0	3
3621	1	4
3622	1	7
3623	0	5
3624	0	7
3625	2	4
3626	0	2
3627	0	6
3628	0	3
3629	1	7
3630	0	5
3631	1	1
3632	0	4
3633	2	5
3634	1	3
3635	1	7
3636	2	7
3637	0	4
3638	0	5
3639	1	0
3640	0	4
3641	0	6
3642	1	7
3643	0	4
3644	0	3
3645	0	2
3646	0	1
3647	1	6
3648	2	7
3649	0	7
3650	1	12
3651	1	6
3652	0	4
3653	0	3
3654	3	3
3655	1	6
3656	0	6
3657	0	2
3658	0	4
3659	1	7
3660	1	3
3661	0	2
3662	0	3
3663	0	7
3664	1	12
3665	0	1
3666	1	1
3667	0	3
3668	1	2
3669	0	3
3670	0	4
3671	1	9
3672	0	5
3673	0	3
3674	0	1
3675	2	4
3676	1	3
3677	1	1
3678	0	2
3679	1	7
3680	1	5
3681	0	4
3682	2	3
3683	1	0
3684	0	4
3685	1	6
3686	1	2
3687	1	3
3688	2	5
3689	0	4
3690	0	4
3691	0	5
3692	1	3
3693	2	4
3694	1	2
3695	0	5
3696	1	2
3697	0	2
3698	0	4
3699	1	3
3700	3	7
3701	0	4
3702	0	1
3703	3	3
3704	2	10
3705	0	5
3706	1	0
3707	0	2
3708	0	4
3709	1	7
3710	0	2
3711	0	2
3712	1	3
3713	1	4
3714	0	3
3715	1	5
3716	0	1
3717	0	2
3718	3	6
3719	0	4
3720	1	5
3721	0	6
3722	0	5
3723	0	4
3724	1	2
3725	1	12
3726	1	4
3727	1	3
3728	1	3
3729	0	3
3730	2	4
3731	0	4
3732	0	4
3733	1	1
3734	0	3
3735	0	3
3736	1	1
3737	3	4
3738	1	5
3739	0	3
3740	0	5
3741	1	5
3742	1	7
3743	1	4
3744	0	2
3745	1	5
3746	1	2
3747	1	3
3748	1	2
3749	2	2
3750	1	2
3751	1	10
3752	0	2
3753	0	4
3754	1	3
3755	1	5
3756	0	3
3757	1	4
3758	1	6
3759	0	5
3760	0	7
3761	1	3
3762	2	1
3763	2	2
3764	0	3
3765	0	5
3766	0	2
3767	0	3
3768	0	6
3769	1	3
3770	1	3
3771	0	4
3772	0	7
3773	0	5
3774	3	2
3775	1	2
3776	0	4
3777	1	4
3778	0	7
3779	0	4
3780	3	2
3781	0	6
3782	0	2
3783	1	0
3784	0	6
3785	1	6
3786	0	5
3787	1	1
3788	2	6
3789	0	5
3790	2	5
3791	2	1
3792	0	2
3793	1	3
3794	1	7
3795	0	3
3796	1	7
3797	0	6
3798	0	3
3799	1	3
3800	1	4
3801	1	6
3802	1	3
3803	6	4
3804	1	2
3805	1	5
3807	1	4
3808	2	1
3809	1	5
3810	3	5
3811	1	7
3812	1	3
3813	0	5
3814	2	8
3815	1	3
3816	0	4
3817	0	3
3818	1	1
3819	2	6
3820	0	4
3821	1	2
3822	0	9
3823	2	3
3824	0	3
3825	1	5
3826	1	4
3827	1	3
3828	1	8
3829	1	7
3830	1	3
3831	0	6
3832	4	6
3833	0	4
3834	2	8
3835	1	4
3836	1	6
3837	4	4
3838	2	3
3839	0	7
3840	0	6
3841	0	11
3842	1	6
3843	2	7
3844	1	3
3845	2	7
3846	0	5
3847	1	9
3848	1	4
3849	2	5
3850	1	4
3851	0	6
3852	0	4
3853	1	6
3854	2	9
3855	2	4
3856	2	6
3857	0	3
3858	0	6
3859	1	5
3860	0	3
3861	2	5
3862	2	10
3863	0	6
3864	0	11
3865	0	4
3866	1	5
3867	4	6
3868	1	2
3869	1	3
3870	1	4
3871	2	4
3872	1	3
3873	1	4
3874	1	7
3875	2	4
3876	2	2
3877	2	6
3878	3	5
3879	2	6
3880	0	4
3881	0	2
3882	1	10
3883	0	4
3884	0	3
3885	0	2
3886	1	4
3887	4	6
3888	1	6
3889	2	1
3890	0	6
3891	0	3
3892	1	5
3893	2	2
3894	0	8
3895	0	4
3896	1	2
3897	1	2
3898	0	7
3899	1	4
3900	4	4
3901	0	7
3902	0	3
3903	1	2
3904	1	2
3905	2	3
3906	2	3
3907	4	3
3908	1	8
3909	0	2
3910	0	5
3911	1	1
3912	0	4
3913	0	2
3914	0	1
3915	2	5
3916	0	2
3917	0	4
3918	1	3
3919	1	7
3920	0	6
3921	0	2
3922	0	6
3923	0	5
3924	3	1
3925	0	6
3926	1	10
3927	1	4
3928	0	2
3929	0	3
3930	0	3
3931	1	3
3932	0	5
3933	1	4
3934	0	3
3935	0	5
3936	0	4
3937	0	1
3938	3	6
3939	2	6
3940	0	3
3941	2	5
3942	0	5
3943	0	5
3944	0	3
3945	0	3
3946	0	7
3947	0	5
3948	1	3
3949	1	1
3950	2	4
3951	1	7
3952	0	4
3953	3	6
3954	1	5
3955	1	6
3956	3	3
3957	0	4
3958	1	6
3959	1	4
3960	1	4
3961	0	4
3962	2	2
3963	0	4
3964	1	1
3965	0	5
3966	0	4
3968	2	1
3969	1	3
3970	0	5
3971	0	4
3972	1	7
3973	0	3
3974	0	4
3975	1	4
3976	2	5
3977	1	1
3978	2	4
3979	1	3
3980	0	6
3981	1	5
3982	0	3
3983	0	5
3984	0	4
3985	1	4
3986	0	2
3987	0	4
3988	0	5
3989	0	6
3990	0	2
3991	0	1
3992	0	4
3993	1	4
3994	0	1
3995	1	6
3996	1	6
3997	2	1
3998	0	4
3999	2	5
4000	0	5
4001	0	4
4002	2	4
4003	1	3
4004	1	2
4005	0	5
4006	2	4
4007	0	3
4009	0	3
4010	1	3
4011	0	3
4012	0	3
4013	0	1
4014	0	3
4015	2	3
4016	0	2
4017	1	4
4018	0	3
4019	3	2
4020	2	3
4021	1	2
4022	1	2
4023	1	4
4024	1	1
4025	0	3
4026	1	4
4027	1	3
4028	0	3
4029	0	3
4030	1	8
4031	0	1
4032	2	3
4033	1	5
4034	0	7
4035	2	6
4036	0	7
4037	1	3
4038	1	3
4039	3	6
4040	0	8
4041	1	7
4042	1	5
4043	1	5
4044	2	1
4045	0	4
4046	2	4
4048	0	6
4049	0	5
4050	1	9
4051	0	4
4052	0	2
4053	1	7
4054	0	4
4055	1	8
4056	0	9
4057	0	2
4058	0	4
4059	2	5
4060	1	5
4061	1	6
4062	1	1
4063	0	2
4064	0	1
4065	0	3
4066	0	3
4067	0	3
4068	0	3
4069	0	3
4070	0	5
4071	1	3
4072	0	2
4073	0	5
4074	0	2
4075	0	3
4076	1	5
4077	0	7
4078	0	6
4079	0	2
4080	1	9
4081	0	5
4082	0	2
4083	1	3
4084	2	1
4085	0	2
4086	0	2
4087	0	4
4088	0	1
4089	0	4
4090	1	7
4091	1	5
4092	0	7
4093	1	4
4094	1	5
4095	0	2
4097	0	4
4098	0	4
4099	2	6
4100	0	7
4101	2	4
4102	0	5
4103	0	1
4104	0	5
4105	1	4
4106	1	3
4107	0	2
4108	1	0
4109	0	2
4110	2	3
4111	0	4
4112	0	8
4113	2	5
4114	2	7
4115	1	6
4116	0	5
4117	0	7
4118	0	3
4119	0	3
4120	0	3
4121	0	3
4122	1	3
4123	0	3
4124	0	3
4125	1	4
4126	0	3
4127	0	3
4128	0	3
4129	1	4
4130	0	4
4131	0	3
4132	2	2
4133	1	2
4135	0	5
4136	1	3
4137	2	1
4138	0	1
4139	0	6
4140	0	3
4141	1	1
4142	0	3
4143	1	2
4144	2	1
4145	0	3
4146	0	2
4148	1	5
4149	1	2
4150	1	3
4151	1	2
4152	0	1
4153	0	2
4154	1	4
4155	1	1
4156	0	2
4157	0	3
4158	2	4
4159	0	3
4160	0	3
4161	0	3
4162	2	2
4163	0	5
4164	1	9
4165	0	6
4166	1	4
4167	0	7
4168	1	5
4169	1	5
4170	0	4
4171	0	4
4172	1	3
4173	0	2
4174	0	3
4175	2	6
4176	0	2
4177	0	4
4178	0	6
4179	0	2
4180	1	6
4181	0	5
4182	0	5
4183	1	1
4184	1	5
4185	2	3
4186	1	3
4187	0	2
4188	0	3
4189	0	2
4190	2	2
4191	0	3
4192	1	5
4193	1	4
4194	2	5
4195	3	2
4196	1	9
4197	0	4
4198	0	3
4199	0	2
4200	1	4
4201	0	2
4202	0	4
4203	0	4
4204	2	2
4205	1	3
4206	0	4
4207	1	4
4208	0	5
4209	0	6
4210	0	3
4211	1	3
4212	0	5
4214	0	2
4215	0	6
4216	0	5
4217	1	5
4218	1	8
4219	0	1
4220	0	6
4221	1	4
4222	1	3
4223	0	1
4224	0	1
4225	0	3
4226	2	0
4227	1	11
4228	4	6
4229	0	6
4230	0	4
4231	0	2
4232	1	1
4233	1	4
4234	1	4
4235	0	4
4236	0	8
4237	1	1
4238	3	3
4239	0	7
4241	0	2
4242	2	6
4243	0	4
4244	4	10
4245	0	5
4246	0	2
4247	1	3
4248	0	7
4249	0	10
4250	1	3
4251	0	3
4252	0	6
4253	0	5
4254	1	5
4255	2	8
4256	1	6
4257	2	1
4258	0	5
4259	0	3
4260	2	7
4261	0	6
4262	0	4
4263	1	3
4264	0	7
4265	0	6
4266	0	2
4267	2	6
4268	0	3
4269	1	3
4270	1	3
4271	0	4
4272	2	1
4273	0	3
4274	0	2
4275	2	2
4276	1	2
4277	0	3
4278	0	4
4279	1	4
4280	0	3
4281	0	3
4282	2	2
4283	0	1
4284	0	4
4285	0	4
4286	0	1
4287	2	5
4288	0	5
4289	0	4
4290	1	3
4291	1	0
4292	1	2
4293	0	1
4294	1	2
4295	0	6
4296	1	8
4297	0	3
4298	0	3
4299	0	5
4300	1	1
4301	1	8
4302	0	3
4303	1	9
4304	0	1
4305	0	3
4306	1	4
4307	0	4
4308	1	4
4309	1	3
4310	0	2
4311	1	4
4312	1	3
4313	1	5
4314	1	2
4315	0	2
4316	1	2
4317	0	4
4318	0	3
4319	0	4
4320	0	6
4322	1	6
4323	1	5
4324	1	0
4325	0	9
4326	0	3
4327	1	2
4328	0	6
4329	0	2
4330	0	4
4331	1	2
4332	0	1
4333	2	3
4334	0	5
4335	1	5
4336	0	3
4337	1	2
4338	3	5
4339	2	3
4340	0	2
4341	0	7
4342	2	4
4343	1	2
4344	0	2
4345	1	3
4346	1	4
4347	1	4
4348	1	6
4349	0	6
4350	0	5
4351	1	4
4352	2	6
4353	0	10
4354	0	5
4355	1	5
4356	0	4
4357	1	3
4358	0	5
4359	0	1
4360	0	3
4361	0	4
4362	0	2
4363	1	4
4364	1	4
4365	1	0
4366	0	1
4367	0	2
4368	0	9
4369	0	5
4370	1	3
4371	1	3
4372	1	4
4373	1	2
4374	0	2
4375	0	5
4376	0	4
4377	1	5
4378	0	2
4379	0	2
4380	2	2
4381	1	3
4382	0	5
4383	0	8
4384	0	10
4385	1	2
4386	0	5
4387	0	4
4388	0	7
4389	0	2
4391	0	5
4393	1	5
4394	0	2
4395	1	3
4396	2	8
4397	1	5
4398	0	3
4399	2	3
4400	0	6
4401	0	4
4402	0	3
4403	0	2
4404	1	7
4405	2	0
4406	1	4
4407	1	2
4408	2	2
4409	2	3
4410	1	2
4411	0	4
4412	1	4
4413	1	2
4414	0	5
4415	0	2
4416	2	5
4417	1	4
4418	1	3
4419	0	3
4420	1	6
4421	0	6
4422	0	4
4423	0	4
4424	2	3
4425	0	6
4427	0	5
4428	0	4
4429	0	1
4430	1	6
4431	1	3
4432	0	3
4433	1	2
4434	0	2
4435	1	6
4436	9	3
4437	3	3
4438	3	4
4439	2	4
4440	1	3
4441	1	3
4442	0	7
4443	1	4
4444	0	2
4445	0	2
4446	0	1
4447	0	3
4448	0	1
4449	2	3
4450	1	2
4452	0	4
4453	1	4
4454	0	1
4455	0	3
4456	1	5
4457	0	4
4458	1	5
4459	0	4
4460	1	2
4461	0	6
4462	0	4
4463	0	4
4464	0	5
4465	1	5
4466	0	4
4467	0	5
4468	2	4
4469	1	3
4470	2	2
4471	1	2
4472	0	4
4473	1	5
4474	0	2
4475	0	1
4476	0	5
4477	0	2
4478	1	2
4479	0	2
4480	0	4
4481	1	7
4482	1	4
4483	0	1
4484	1	4
4485	0	5
4486	1	3
4487	4	9
4488	0	6
4489	0	4
4490	2	5
4491	1	6
4492	0	3
4493	0	3
4494	0	4
4495	0	1
4496	2	4
4497	1	7
4498	0	4
4499	1	2
4500	0	5
4501	0	6
4502	0	5
4503	0	5
4504	1	4
4505	0	3
4506	1	2
4507	1	2
4508	2	4
4509	0	2
4511	1	1
4512	0	2
4514	0	3
4515	0	1
4516	0	3
4517	0	2
4518	2	0
4520	0	4
4521	1	5
4522	2	1
4523	0	2
4524	2	4
4525	0	2
4526	0	2
4527	3	4
4528	1	6
4529	0	3
4530	0	3
4531	1	5
4532	1	0
4533	1	3
4534	1	3
4535	1	2
4536	3	5
4537	2	4
4538	0	2
4539	1	5
4540	0	6
4541	1	5
4542	2	9
4543	0	5
4544	1	1
4545	1	1
4546	0	2
4547	1	2
4548	0	6
4549	1	3
4550	1	4
4551	4	6
4552	0	3
4553	2	3
4554	0	3
4555	2	5
4556	0	5
4557	1	7
4558	1	4
4559	1	1
4560	0	3
4561	1	12
4562	0	5
4563	0	2
4564	0	7
4565	0	3
4566	0	6
4567	0	5
4568	1	7
4569	1	1
4570	1	4
4571	0	2
4572	0	2
4573	2	3
4574	3	3
4575	1	4
4576	1	1
4577	1	3
4578	0	6
4579	3	4
4580	0	2
4581	1	4
4582	0	5
4583	0	3
4584	0	3
4585	0	4
4586	1	3
4587	1	3
4588	2	2
4589	2	2
4590	1	3
4591	0	5
4592	2	2
4593	1	4
4594	0	8
4595	1	3
4596	1	6
4597	2	3
4598	1	3
4599	1	2
4600	1	4
4601	1	5
4602	0	2
4603	0	2
4604	1	8
4605	2	4
4606	2	8
4607	0	4
4608	1	3
4609	0	3
4610	0	4
4611	2	4
4612	1	3
4613	0	4
4614	2	6
4615	0	8
4616	1	6
4617	1	5
4618	1	6
4619	0	4
4620	1	4
4621	1	4
4622	0	2
4623	0	7
4624	0	1
4625	1	3
4626	2	2
4627	1	3
4628	1	6
4629	1	3
4630	1	5
4631	0	4
4632	2	1
4633	0	6
4634	2	3
4635	0	3
4636	1	4
4637	0	4
4638	2	3
4639	2	2
4640	1	8
4641	0	4
4642	1	6
4643	1	2
4644	1	9
4645	0	6
4646	2	3
4647	0	8
4648	0	1
4649	1	3
4650	0	2
4651	1	4
4652	1	3
4653	1	2
4654	0	3
4655	1	1
4656	1	1
4657	1	4
4658	0	3
4659	0	1
4660	1	6
4661	0	4
4662	1	3
4663	0	5
4664	1	1
4665	2	2
4666	1	3
4667	0	1
4668	0	6
4669	0	4
4670	0	7
4671	0	3
4672	2	2
4673	0	3
4674	0	6
4675	0	4
4676	3	5
4677	0	4
4678	2	8
4679	0	7
4680	0	5
4681	0	1
4684	2	2
4685	0	2
4686	0	3
4687	0	3
4688	1	6
4689	0	3
4690	3	3
4691	0	5
4692	1	6
4693	0	3
4694	1	4
4695	1	5
4696	1	4
4697	0	2
4698	1	1
4699	0	1
4700	0	4
4701	1	2
4702	0	1
4703	0	6
4704	0	2
4705	2	2
4706	0	5
4707	1	3
4708	0	10
4709	1	3
4710	0	4
4711	0	2
4712	0	4
4713	0	5
4714	1	4
4715	2	4
4716	0	6
4717	0	7
4718	0	7
4719	0	1
4720	1	4
4721	1	1
4722	1	4
4723	0	4
4724	2	10
4725	0	4
4726	1	2
4727	0	3
4728	1	5
4729	1	2
4730	0	2
4731	0	7
4732	3	4
4733	0	5
4734	0	2
4735	1	2
4736	0	5
4737	1	2
4738	2	6
4739	0	3
4740	0	5
4741	1	5
4742	1	7
4743	1	4
4744	1	2
4745	0	3
4746	1	6
4747	1	5
4748	0	1
4749	0	7
4750	1	3
4751	0	3
4752	0	6
4753	0	3
4754	0	5
4755	1	5
4756	1	5
4757	0	3
4758	2	3
4760	0	4
4761	1	5
4762	0	3
4763	0	3
4764	1	6
4765	1	2
4766	3	2
4767	1	7
4768	1	4
4769	2	1
4770	0	3
4771	1	6
4772	2	3
4773	2	5
4774	2	3
4775	3	2
4776	1	4
4777	0	4
4778	0	6
4779	1	2
4780	1	3
4781	0	2
4782	0	4
4783	1	1
4784	0	5
4785	1	5
4786	0	3
4787	0	3
4788	0	3
4789	1	0
4790	0	3
4791	1	0
4792	0	4
4793	0	7
4794	2	2
4795	1	2
4796	0	3
4797	0	5
4798	1	2
4799	2	1
4801	0	5
4802	0	5
4803	0	4
4804	0	1
4805	0	3
4806	0	9
4807	0	5
4808	0	8
4809	0	2
4810	1	3
4811	2	2
4812	1	8
4813	0	4
4814	1	4
4815	1	4
4816	0	4
4817	0	3
4818	0	8
4819	0	6
4820	0	5
4821	1	3
4822	1	3
4823	2	7
4824	0	7
4825	1	5
4826	0	3
4827	0	5
4828	3	1
4829	3	0
4830	2	7
4831	3	7
4832	0	5
4833	0	2
4834	0	4
4835	0	5
4836	0	3
4837	2	4
4838	0	3
4839	1	8
4840	1	5
4841	1	5
4842	2	3
4843	3	6
4844	1	3
4845	0	3
4846	1	4
4847	0	2
4848	0	8
4849	1	5
4850	2	6
4851	2	7
4852	1	4
4853	1	2
4854	1	4
4855	0	2
4856	0	4
4857	2	0
4858	1	5
4859	0	5
4860	1	4
4861	0	11
4862	0	5
4863	0	11
4864	0	5
4865	1	9
4866	1	5
4867	3	2
4868	2	1
4869	0	4
4870	0	4
4872	0	3
4873	1	9
4874	0	4
4875	0	5
4876	1	3
4877	0	6
4878	1	3
4879	0	3
4880	1	2
4881	1	4
4882	0	3
4883	0	3
4884	0	3
4885	0	4
4886	1	5
4887	0	5
4888	2	4
4889	0	7
4890	3	0
4891	0	7
4892	0	3
4893	1	5
4894	0	6
4895	0	3
4896	0	1
4897	1	4
4898	1	1
4899	0	4
4900	1	4
4901	0	6
4902	2	3
4903	2	4
4904	2	3
4905	1	3
4906	1	5
4907	2	3
4908	1	2
4909	0	4
4910	1	2
4911	2	3
4912	0	5
4913	0	4
4914	0	4
4915	0	5
4916	0	1
4917	0	6
4918	0	7
4919	0	2
4920	1	8
4921	1	3
4922	1	4
4923	0	5
4924	0	4
4925	0	2
4926	1	1
4927	2	6
4928	0	6
4929	1	6
4930	1	3
4932	1	3
4933	0	5
4935	0	6
4936	0	3
4937	0	8
4938	0	6
4939	2	2
4940	0	2
4941	1	5
4942	4	5
4943	1	2
4944	1	2
4945	0	5
4946	1	8
4947	2	6
4948	0	2
4949	0	3
4950	2	7
4951	2	0
4952	1	3
4953	0	6
4954	0	4
4955	1	4
4956	4	2
4957	1	3
4958	0	1
4959	2	1
4960	0	4
4961	2	2
4962	1	6
4963	1	7
4964	0	2
4965	1	6
4966	1	5
4967	0	3
4968	1	0
4970	1	6
4971	0	3
4972	1	3
4973	0	4
4974	1	6
4975	1	6
4976	1	4
4977	0	6
4978	1	5
4979	0	2
4980	1	3
4981	1	3
4982	0	4
4983	1	6
4984	0	4
4985	2	5
4986	0	10
4987	0	3
4988	1	4
4989	1	4
4990	0	4
4991	1	2
4992	0	6
4993	2	7
4994	1	2
4995	1	5
4996	0	5
4997	0	4
4998	1	5
4999	1	3
5000	0	1
5001	0	2
5002	0	3
5003	0	3
5004	1	1
5005	1	2
5006	0	3
5007	0	3
5008	0	1
5009	1	4
5010	1	5
5011	0	2
5012	1	0
5013	0	5
5014	3	2
5015	0	3
5016	0	2
5017	2	3
5018	0	7
5019	0	1
5020	1	4
5021	2	4
5022	0	4
5023	0	4
5024	1	2
5025	1	1
5026	2	0
5027	0	3
5028	1	1
5029	0	2
5030	0	7
5031	1	1
5032	0	5
5033	1	6
5034	0	2
5036	0	4
5037	4	5
5038	0	4
5039	1	6
5040	1	7
5041	1	6
5042	0	5
5043	0	6
5044	0	4
5045	0	5
5046	1	4
5047	0	5
5048	0	7
5049	0	2
5050	1	4
5051	0	3
5052	1	7
5053	2	3
5054	0	2
5055	1	1
5056	1	3
5057	1	5
5058	1	2
5059	1	4
5060	1	4
5061	0	5
5062	0	5
5063	1	6
5064	1	2
5065	1	4
5066	0	8
5067	0	5
5068	0	4
5069	0	7
5070	4	4
5071	0	3
5072	0	3
5073	0	4
5074	0	3
5075	0	4
5076	1	2
5077	1	5
5078	0	3
5079	1	4
5080	1	3
5082	0	4
5083	1	3
5084	1	2
5085	1	5
5086	0	4
5087	1	5
5088	0	2
5089	2	5
5090	1	2
5091	0	6
5092	0	6
5093	1	6
5094	1	4
5095	0	3
5096	0	3
5097	2	2
5098	0	2
5099	1	3
5100	1	6
5101	1	4
5102	1	4
5103	0	5
5104	1	4
5105	0	5
5106	1	2
5107	0	3
5108	0	4
5109	0	5
5110	0	5
5111	0	4
5112	2	7
5113	0	3
5114	2	11
5115	1	2
5116	0	5
5117	2	2
5118	1	2
5119	0	6
5120	1	2
5121	0	5
5122	0	3
5123	1	1
5124	0	4
5125	0	5
5126	1	5
5127	1	5
5128	0	3
5129	0	1
5130	1	3
5131	0	3
5132	1	5
5133	0	3
5134	0	4
5135	0	6
5136	0	6
5137	0	2
5138	1	4
5139	1	3
5140	1	4
5141	0	4
5142	3	7
5143	0	4
5144	1	5
5145	1	3
5146	0	1
5147	0	6
5148	0	4
5149	2	2
5150	0	2
5152	0	2
5153	0	1
5154	0	3
5155	0	7
5156	0	4
5157	0	4
5158	1	1
5159	1	6
5160	1	3
5161	0	1
5162	1	4
5163	0	3
5164	0	1
5165	0	1
5166	0	4
5167	0	2
5168	1	4
5169	1	1
5170	1	5
5171	0	4
5172	2	2
5173	2	9
5174	3	3
5175	1	3
5176	1	5
5177	0	6
5178	2	4
5179	2	4
5180	1	5
5181	1	5
5182	0	3
5183	1	4
5184	0	3
5185	2	5
5186	0	5
5187	0	5
5188	2	4
5189	1	1
5190	1	7
5191	1	9
5192	1	1
5193	0	2
5194	0	4
5195	1	4
5196	1	2
5197	1	9
5198	1	4
5199	1	0
5200	0	2
5201	1	4
5202	0	5
5203	0	1
5204	1	8
5205	2	4
5206	0	1
5207	2	2
5208	0	3
5209	1	4
5210	0	2
5211	0	4
5212	1	2
5213	0	3
5214	0	2
5215	1	2
5216	2	2
5217	0	5
5218	3	6
5219	1	6
5220	0	3
5221	0	2
5222	0	1
5223	0	6
5224	1	4
5225	0	8
5226	0	3
5227	0	3
5228	0	1
5229	0	9
5230	1	6
5231	1	4
5232	0	5
5233	1	3
5234	0	6
5235	1	8
5236	1	4
5237	0	2
5238	0	5
5239	0	2
5240	0	2
5241	0	6
5242	1	5
5243	0	7
5244	0	2
5245	0	3
5246	1	4
5247	0	4
5248	1	5
5249	0	7
5250	2	3
5251	1	4
5252	3	3
5253	2	2
5254	0	7
5255	0	4
5256	0	2
5257	0	4
5258	0	6
5259	0	4
5260	1	7
5261	0	4
5262	0	4
5263	2	6
5264	1	5
5265	1	6
5266	1	2
5267	0	3
5268	1	2
5269	1	4
5270	0	6
5271	0	6
5272	0	3
5273	0	3
5274	1	4
5275	0	7
5276	2	1
5277	0	2
5278	0	2
5279	1	3
5280	0	3
5281	0	2
5282	0	4
5283	1	2
5284	0	1
5285	2	7
5286	0	1
5287	2	7
5288	2	6
5289	2	4
5290	1	3
5291	2	5
5292	0	4
5293	0	4
5294	0	3
5295	2	0
5296	0	5
5297	1	3
5298	1	9
5300	0	3
5301	2	6
5302	0	7
5303	1	4
5304	0	1
5305	1	7
5306	2	2
5307	0	1
5308	3	6
5309	0	5
5310	0	3
5311	1	5
5312	0	8
5313	0	5
5314	0	5
5315	0	2
5316	1	5
5317	0	6
5318	0	2
5319	1	3
5320	2	3
5321	0	4
5322	2	5
5323	1	6
5324	1	5
5325	0	4
5326	1	3
5327	1	0
5328	2	7
5329	1	3
5330	0	4
5331	0	2
5332	1	3
5333	2	1
5334	2	4
5336	0	6
5337	0	4
5338	1	4
5339	0	1
5340	0	3
5341	0	3
5342	0	2
5343	1	5
5344	1	3
5345	0	10
5346	0	2
5347	0	1
5348	0	4
5349	1	4
5350	1	3
5351	1	4
5352	0	4
5353	0	2
5354	1	6
5355	0	7
5356	0	3
5357	0	4
5358	1	4
5359	0	6
5360	0	4
5361	2	3
5362	3	5
5363	0	4
5364	0	2
5365	0	3
5366	0	5
5367	0	3
5368	2	6
5369	1	4
5370	0	8
5371	0	7
5372	0	2
5373	0	1
5374	1	6
5375	0	2
5376	1	5
5377	0	1
5378	4	2
5379	2	12
5380	0	5
5381	1	5
5382	1	4
5383	2	1
5384	1	5
5385	0	1
5386	0	3
5387	0	2
5388	1	7
5389	1	4
5390	0	4
5391	2	5
5392	2	8
5393	1	4
5394	1	3
5395	2	4
5396	0	3
5397	0	2
5398	0	4
5399	0	6
5400	0	5
5401	0	3
5402	0	3
5403	0	3
5404	0	2
5405	0	2
5406	0	5
5407	3	1
5408	0	3
5409	1	5
5410	0	3
5411	2	1
5414	0	5
5415	0	1
5416	0	1
5417	2	4
5418	1	3
5419	1	6
5420	1	3
5421	0	3
5422	1	4
5423	0	4
5424	1	4
5425	1	1
5426	0	1
5427	0	3
5428	1	4
5429	1	2
5430	0	3
5431	1	6
5432	1	4
5433	0	2
5434	1	2
5435	1	3
5436	0	4
5437	0	6
5438	1	1
5439	0	2
5440	0	2
5441	1	3
5442	0	1
5443	1	7
5444	0	5
5445	2	3
5446	2	3
5447	1	6
5448	0	4
5449	0	1
5450	0	1
5451	2	5
5452	1	4
5453	3	3
5454	1	2
5455	0	3
5456	2	4
5457	1	6
5458	0	2
5459	0	6
5460	0	4
5461	0	1
5462	2	6
5463	0	3
5464	0	4
5465	0	6
5466	1	5
5467	0	8
5468	1	4
5469	0	3
5470	1	5
5471	0	9
5472	0	1
5473	1	4
5474	1	3
5475	1	4
5476	2	2
5477	1	3
5479	0	2
5480	1	3
5481	0	7
5482	0	6
5483	0	5
5484	0	4
5485	0	7
5486	1	1
5487	0	2
5488	0	4
5489	0	4
5490	0	1
5491	0	4
5492	1	2
5493	0	4
5494	0	5
5495	0	2
5496	0	5
5497	1	3
5498	0	5
5499	0	3
5500	0	3
5501	0	1
5502	0	5
5503	2	7
5504	0	6
5505	0	1
5506	0	1
5507	1	4
5508	0	5
5509	0	4
5510	0	3
5511	1	1
5512	0	4
5513	0	3
5514	2	3
5515	0	3
5517	1	6
5518	2	8
5519	0	2
5520	0	4
5521	0	7
5522	0	4
5523	1	4
5524	1	5
5525	2	4
5526	2	3
5527	0	4
5528	1	5
5529	0	1
5530	0	5
5531	1	3
5532	0	3
5533	2	3
5534	1	4
5535	1	7
5536	1	6
5537	0	3
5538	1	2
5539	0	2
5540	0	4
5541	0	4
5542	0	5
5543	0	3
5544	0	6
5545	2	9
5546	0	6
5547	0	2
5548	0	5
5549	0	5
5550	1	7
5551	0	5
5552	0	6
5553	0	2
5554	1	3
5555	0	4
5556	1	2
5557	0	2
5558	2	3
5559	1	2
5560	1	3
5561	1	3
5562	0	5
5563	0	4
5564	0	4
5565	0	6
5566	2	4
5567	0	6
5568	0	3
5569	0	2
5570	0	4
5571	0	2
5572	1	5
5573	1	7
5574	1	5
5575	0	5
5576	1	3
5577	1	3
5578	0	2
5579	2	5
5580	1	7
5581	2	8
5582	0	8
5583	0	3
5584	3	4
5585	2	5
5586	0	2
5587	1	6
5588	2	4
5589	1	4
5590	0	2
5591	0	4
5592	1	5
5593	0	4
5594	1	5
5595	1	4
5596	0	5
5597	0	7
5598	0	1
5599	1	3
5600	2	2
5601	1	2
5602	0	5
5603	1	3
5604	0	5
5605	0	3
5606	0	3
5607	1	1
5608	0	6
5609	0	6
5610	0	2
5611	0	2
5612	1	3
5613	0	2
5614	0	6
5615	1	4
5616	0	6
5617	0	2
5618	0	6
5619	1	2
5621	0	2
5622	0	7
5623	0	2
5624	0	6
5625	0	6
5626	0	4
5627	1	3
5628	2	5
5629	2	2
5630	0	4
5631	1	7
5632	1	4
5633	0	3
5634	1	6
5635	3	4
5636	0	2
5637	0	5
5638	0	3
5639	1	4
5640	0	4
5641	0	4
5642	0	3
5643	0	3
5644	0	5
5645	2	6
5646	0	3
5647	1	6
5648	2	3
5649	0	4
5650	0	3
5651	0	2
5652	2	3
5653	0	3
5654	1	3
5655	2	4
5656	0	6
5657	1	0
5658	2	5
5659	1	3
5660	1	4
5661	2	4
5662	0	3
5663	0	3
5664	0	6
5665	0	1
5666	0	2
5667	0	4
5668	0	6
5669	1	4
5670	0	3
5671	1	4
5672	2	5
5673	1	7
5674	3	1
5675	0	6
5676	1	3
5677	0	6
5678	0	3
5679	1	4
5680	3	6
5681	1	3
5682	1	3
5683	2	0
5684	1	5
5685	1	5
5686	3	5
5687	0	5
5688	0	3
5689	1	5
5690	1	4
5691	0	5
5692	0	4
5693	1	7
5694	1	4
5695	1	3
5696	0	4
5697	0	3
5698	1	4
5699	1	2
5700	0	3
5701	2	3
5702	0	6
5703	1	8
5705	0	4
5706	1	5
5707	0	7
5708	0	4
5709	0	2
5710	0	1
5711	0	2
5712	0	3
5713	0	2
5714	1	6
5715	0	4
5716	0	1
5717	0	4
5718	1	4
5719	0	3
5720	0	4
5721	0	5
5722	0	4
5723	0	3
5724	0	7
5725	0	4
5726	2	6
5727	1	0
5728	1	2
5729	0	7
5730	0	1
5731	0	1
5732	0	3
5733	0	3
5734	0	8
5735	0	3
5736	1	3
5737	1	4
5738	1	5
5739	0	3
5740	0	3
5741	0	1
5742	0	7
5743	4	2
5744	1	4
5745	1	2
5746	1	2
5747	1	3
5748	0	2
5749	0	3
5750	0	4
5751	0	2
5752	0	6
5753	0	4
5754	1	6
5755	0	3
5756	0	5
5757	0	4
5758	0	2
5759	0	5
5760	1	4
5761	1	4
5762	0	3
5763	1	2
5764	1	3
5765	0	7
5766	1	11
5767	0	4
5768	1	4
5769	1	4
5770	2	1
5771	1	7
5772	2	4
5773	0	5
5774	0	1
5775	1	2
5776	1	6
5777	0	3
5778	0	5
5779	3	5
5780	0	3
5781	0	8
5782	0	6
5783	2	2
5784	0	8
5785	0	7
5786	0	1
5787	1	4
5788	0	6
5789	1	3
5790	0	5
5791	0	6
5792	0	4
5793	0	1
5794	1	5
5795	0	1
5796	1	3
5797	0	3
5798	0	2
5799	0	3
5800	0	6
5801	1	3
5802	0	1
5803	0	1
5804	0	4
5805	1	1
5806	2	5
5807	0	4
5808	1	2
5809	0	7
5810	0	3
5811	1	6
5812	0	5
5813	0	5
5814	0	3
5815	2	5
5816	2	6
5817	2	5
5818	0	2
5819	1	4
5820	1	2
5821	1	4
5822	0	5
5823	1	1
5824	1	3
5825	2	8
5826	0	3
5827	0	1
5828	0	4
5829	1	4
5830	0	4
5831	1	9
5832	0	7
5833	3	4
5834	1	1
5835	0	4
5836	0	2
5837	0	5
5838	0	9
5839	0	2
5840	3	8
5841	0	5
5842	0	4
5843	3	8
5844	1	1
5845	0	6
5846	1	6
5847	1	6
5848	1	1
5849	1	3
5850	3	4
5851	0	4
5852	3	4
5853	0	1
5854	0	1
5855	2	5
5856	2	4
5857	0	4
5858	0	1
5859	1	1
5860	1	6
5861	1	5
5862	0	4
5863	0	2
5864	2	7
5865	1	3
5866	1	1
5867	0	2
5868	1	7
5869	3	2
5870	0	5
5871	2	6
5872	0	6
5873	2	4
5874	1	1
5875	0	4
5876	0	3
5877	2	3
5878	0	5
5879	0	2
5880	1	3
5881	0	3
5882	0	3
5883	1	10
5884	0	6
5885	0	7
5886	0	6
5887	0	4
5888	0	7
5889	1	2
5890	2	8
5891	0	1
5892	1	4
5893	2	2
5894	2	5
5895	1	6
5896	2	6
5897	1	3
5898	1	6
5899	0	5
5900	0	1
5901	0	2
5902	2	3
5903	1	2
5904	0	4
5905	0	3
5906	2	2
5907	0	4
5908	0	2
5909	0	2
5910	1	7
5911	2	3
5912	0	1
5913	2	4
5914	0	4
5915	2	5
5916	1	5
5917	0	1
5918	0	4
5919	0	5
5920	0	4
5921	0	2
5922	1	6
5923	2	6
5924	0	5
5925	2	4
5926	0	4
5927	1	5
5928	2	8
5929	0	3
5930	1	3
5931	1	6
5932	2	2
5933	0	5
5934	1	4
5935	0	6
5936	0	7
5937	1	1
5938	1	5
5939	1	3
5940	1	6
5941	0	8
5942	1	2
5943	1	4
5944	0	1
5945	0	4
5946	2	7
5947	0	6
5948	1	7
5949	1	4
5950	1	2
5951	0	8
5952	1	3
5953	0	3
5954	0	2
5955	1	3
5956	0	3
5957	0	3
5958	0	7
5959	1	0
5960	1	11
5961	0	3
5962	1	1
5963	3	3
5964	0	4
5965	0	4
5966	0	5
5967	1	2
5968	0	4
5969	0	5
5970	0	4
5971	0	2
5972	1	1
5973	0	4
5974	1	3
5975	1	3
5976	1	5
5977	2	3
5978	0	3
5979	1	4
5980	0	1
5981	1	3
5982	1	3
5983	1	4
5984	2	3
5985	2	5
5986	1	2
5987	0	7
5988	0	2
5989	0	5
5990	0	5
5991	1	4
5992	0	3
5993	1	3
5995	2	4
5996	1	10
5997	0	6
5998	2	7
5999	2	4
6000	1	4
6001	2	4
6002	0	6
6003	2	3
6004	0	2
6005	1	4
6006	1	7
6007	2	5
6008	1	9
6009	0	5
6010	0	4
6011	1	4
6012	1	4
6013	0	4
6014	2	2
6015	0	1
6016	0	3
6017	0	3
6018	0	6
6019	1	2
6020	0	4
6021	2	6
6022	0	4
6023	1	2
6024	0	3
6025	0	6
6026	0	6
6027	1	4
6028	1	1
6029	2	4
6030	0	8
6031	0	8
6032	0	1
6033	1	5
6034	1	6
6035	0	4
6036	1	4
6037	2	3
6038	1	3
6039	0	5
6040	2	4
6041	1	6
6042	1	8
6043	2	3
6044	0	5
6045	1	6
6046	0	5
6047	1	3
6048	1	7
6049	1	3
6050	1	6
6051	0	7
6052	0	4
6053	4	4
6054	1	6
6055	0	2
6056	1	8
6057	0	1
6058	3	0
6059	1	3
6060	3	7
6061	1	4
6062	0	2
6063	1	2
6064	0	3
6065	0	7
6066	0	6
6067	1	5
6068	0	2
6069	0	4
6070	0	4
6071	1	1
6072	0	6
6073	2	9
6074	1	7
6075	1	5
6076	0	2
6077	0	2
6078	1	5
6079	0	5
6080	0	6
6081	0	7
6082	2	2
6083	2	5
6084	1	7
6085	0	4
6086	3	5
6087	0	4
6088	0	1
6089	1	5
6090	2	1
6091	0	3
6092	1	2
6093	1	3
6094	2	5
6095	0	4
6096	0	4
6097	3	1
6098	2	2
6099	1	3
6100	0	7
6101	1	5
6102	1	4
6103	1	4
6104	2	3
6105	0	3
6106	1	2
6107	0	4
6108	1	6
6109	0	4
6110	1	6
6111	3	2
6112	1	3
6113	1	3
6114	2	9
6115	0	4
6116	0	5
6117	2	2
6118	0	3
6119	1	3
6120	2	0
6121	0	3
6122	4	3
6123	2	4
6124	0	5
6125	2	3
6126	1	2
6127	0	7
6128	1	1
6129	0	4
6130	0	3
6131	1	4
6132	1	2
6133	0	11
6134	0	2
6135	0	4
6136	0	7
6137	1	3
6138	1	5
6139	0	3
6140	0	2
6141	1	6
6142	1	3
6143	0	4
6144	1	2
6145	2	3
6146	0	5
6147	2	1
6148	1	2
6149	1	1
6150	1	4
6151	1	5
6152	2	8
6153	2	4
6154	0	5
6155	0	1
6156	1	2
6157	1	4
6158	1	5
6159	0	3
6160	0	4
6161	0	5
6162	0	5
6163	0	5
6164	1	3
6165	1	3
6166	1	3
6167	1	2
6168	1	2
6169	1	7
6170	1	7
6171	0	2
6172	1	8
6173	2	4
6174	0	4
6175	3	9
6176	0	3
6177	0	6
6178	0	1
6179	0	2
6180	0	8
6181	1	8
6182	2	3
6183	1	4
6184	0	2
6185	1	4
6186	1	2
6187	2	2
6188	0	4
6189	0	4
6190	1	3
6191	0	3
6192	0	4
6193	1	2
6194	1	4
6195	1	7
6196	0	6
6197	0	4
6198	1	3
6199	2	3
6200	0	2
6201	1	4
6202	0	3
6203	1	4
6204	2	6
6205	0	2
6206	2	2
6207	1	8
6208	0	5
6209	0	2
6210	0	2
6211	0	5
6212	2	1
6213	0	3
6214	0	4
6215	0	3
6216	0	5
6217	4	8
6218	1	7
6219	0	7
6220	0	6
6221	0	5
6222	0	6
6223	0	9
6224	1	2
6225	0	5
6226	3	2
6227	1	3
6228	2	3
6229	4	5
6230	2	6
6231	2	4
6232	2	4
6233	1	4
6234	1	6
6235	2	6
6236	0	5
6237	0	4
6238	0	5
6239	2	4
6240	0	6
6241	1	2
6242	1	7
6243	1	4
6244	0	3
6245	1	6
6246	1	2
6247	0	8
6248	0	3
6249	0	2
6250	0	3
6251	2	1
6252	1	4
6253	2	3
6254	0	9
6255	0	4
6256	0	3
6257	2	2
6258	1	4
6259	0	1
6260	1	5
6261	0	6
6262	0	5
6263	0	10
6264	0	4
6265	0	1
6266	1	1
6267	0	2
6268	0	6
6269	0	2
6270	1	7
6271	0	2
6272	1	4
6273	0	4
6274	0	4
6275	1	3
6276	1	3
6277	1	3
6278	2	2
6279	1	3
6280	0	6
6281	0	6
6282	0	6
6283	0	2
6284	0	4
6285	0	9
6286	0	1
6287	2	9
6288	0	2
6289	1	3
6290	0	2
6291	0	3
6292	0	8
6293	2	0
6294	0	2
6295	1	3
6296	0	3
6297	1	5
6298	0	3
6299	1	1
6300	1	3
6301	1	4
6302	1	2
6303	0	4
6304	0	2
6305	0	6
6306	1	3
6307	1	3
6308	0	4
6309	1	4
6310	0	2
6311	1	5
6312	0	6
6313	2	10
6314	1	5
6315	0	5
6316	1	6
6317	0	4
6318	0	2
6319	0	7
6320	0	4
6321	0	1
6322	2	7
6323	2	2
6324	0	7
6325	2	2
6327	0	3
6328	1	5
6329	0	7
6330	1	3
6331	0	1
6332	2	2
6333	1	8
6334	0	6
6335	1	6
6336	2	11
6337	1	5
6338	0	3
6339	0	3
6340	1	6
6341	0	2
6343	0	1
6344	0	2
6345	0	6
6346	1	5
6347	2	2
6348	1	5
6349	2	4
6350	1	6
6351	0	5
6352	2	0
6353	1	4
6354	0	1
6355	0	2
6356	0	5
6357	3	5
6358	1	5
6359	2	6
6360	0	5
6361	0	4
6362	1	4
6363	0	4
6364	0	2
6365	1	1
6366	1	2
6367	0	4
6369	2	2
6370	2	8
6371	2	4
6372	1	3
6373	1	3
6374	1	0
6375	3	6
6376	1	4
6377	0	4
6378	0	2
6379	0	6
6380	0	5
6381	1	3
6382	1	2
6383	0	4
6384	0	6
6385	1	7
6386	0	6
6387	0	1
6388	1	4
6389	0	1
6390	1	5
6391	1	4
6392	0	2
6393	2	4
6394	0	2
6395	1	2
6396	0	1
6397	1	1
6398	2	9
6399	1	3
6400	0	1
6401	0	1
6402	1	7
6403	0	3
6404	0	4
6405	1	4
6406	1	3
6407	1	10
6408	1	1
6409	0	3
6410	1	3
6411	1	3
6412	0	4
6413	0	3
6414	0	8
6415	0	6
6416	3	6
6417	0	5
6418	1	4
6419	2	5
6420	2	3
6421	1	2
6422	4	4
6423	3	4
6424	0	8
6425	0	5
6426	2	4
6427	1	3
6428	1	4
6429	1	2
6430	0	8
6431	0	9
6432	2	4
6433	3	6
6434	0	3
6435	1	2
6436	0	7
6437	0	7
6438	5	7
6439	2	5
6441	0	5
6442	0	8
6443	2	3
6444	0	5
6445	1	4
6446	0	5
6447	1	1
6448	0	8
6449	0	4
6450	0	2
6452	0	1
6453	0	5
6454	0	2
6455	0	1
6456	1	5
6457	0	4
6458	1	6
6459	0	5
6460	3	9
6461	0	2
6462	0	3
6463	2	3
6464	0	4
6465	0	3
6466	2	2
6467	1	5
6468	1	7
6469	0	4
6470	0	2
6471	0	3
6472	0	3
6473	1	7
6474	1	5
6475	0	3
6476	2	7
6477	1	3
6478	1	2
6479	2	3
6480	0	4
6481	1	6
6482	0	5
6483	0	3
6484	0	3
6485	1	4
6486	0	4
6487	0	4
6488	0	7
6489	1	7
6490	1	6
6491	0	4
6492	2	7
6493	0	5
6494	1	3
6495	0	3
6496	1	4
6497	0	4
6498	1	4
6499	2	4
6500	1	3
6501	1	4
6502	0	3
6503	1	11
6504	0	4
6505	1	10
6506	1	1
6507	0	7
6508	0	2
6509	0	4
6510	2	6
6511	0	1
6512	1	3
6513	0	4
6514	1	9
6515	0	6
6516	2	3
6517	1	4
6518	3	4
6519	0	4
6520	1	6
6521	2	7
6522	0	3
6523	2	6
6524	0	6
6525	1	8
6526	0	5
6527	0	7
6528	0	4
6529	0	4
6530	1	5
6531	2	4
6532	0	5
6533	0	7
6534	1	2
6535	1	4
6536	1	4
6537	1	7
6538	1	2
6539	0	8
6540	0	7
6541	0	4
6542	0	4
6543	0	2
6544	2	6
6545	0	7
6546	4	2
6547	0	3
6548	0	7
6549	0	4
6550	0	1
6551	0	1
6552	0	1
6553	3	3
6555	0	6
6556	1	4
6557	1	1
6558	2	2
6559	0	8
6560	2	1
6561	1	6
6562	2	2
6563	0	6
6564	1	3
6565	0	4
6566	0	4
6567	0	1
6568	0	4
6569	0	4
6570	0	5
6571	1	3
6572	1	4
6573	0	2
6574	0	8
6575	1	7
6576	1	1
6577	0	5
6578	0	3
6579	1	3
6580	1	6
6581	1	1
6582	1	3
6583	1	5
6584	0	1
6585	1	4
6586	3	4
6587	0	3
6588	2	7
6589	0	4
6590	0	8
6591	2	3
6592	1	4
6593	1	6
6594	0	3
6595	0	1
6596	0	4
6597	1	5
6598	0	3
6599	1	3
6600	0	2
6601	2	4
6602	0	3
6603	0	1
6604	1	3
6605	0	8
6606	0	2
6607	2	5
6608	1	3
6609	3	4
6610	0	5
6611	0	5
6612	0	4
6613	1	2
6614	2	4
6615	1	9
6616	1	3
6617	2	3
6618	1	8
6619	0	2
6620	0	7
6621	0	3
6622	0	3
6623	0	4
6624	0	2
6625	0	6
6626	1	2
6627	0	2
6628	2	2
6629	0	3
6630	0	4
6631	0	3
6632	0	4
6633	1	2
6634	0	5
6635	1	9
6636	2	6
6637	2	4
6638	1	4
6639	0	2
6640	0	3
6641	2	5
6642	0	1
6643	0	6
6644	1	9
6645	0	2
6646	0	5
6647	2	5
6648	1	5
6649	1	5
6650	1	4
6651	0	2
6652	1	9
6653	1	6
6654	2	5
6655	1	5
6656	0	2
6657	0	4
6658	1	4
6659	0	5
6660	0	1
6661	0	2