1	2	2
2	5	3
3	0	5
4	0	3
5	1	2
6	0	4
7	3	3
8	0	2
9	0	2
10	0	1
11	1	2
12	1	5
13	4	4
14	4	6
15	1	5
16	2	1
17	1	3
18	2	2
19	5	0
20	1	4
21	2	0
22	0	2
23	1	3
24	2	6
25	4	6
26	2	4
27	3	8
28	3	1
29	1	3
30	0	8
31	2	5
32	0	2
33	0	3
34	2	5
35	4	4
36	1	2
37	4	6
38	0	4
39	2	2
40	1	3
41	2	2
42	1	6
43	4	5
44	2	3
45	2	2
46	6	3
47	3	4
48	1	7
49	1	2
50	0	6
51	0	2
52	1	6
53	1	2
54	2	3
55	3	4
56	1	7
57	0	3
58	3	8
59	1	0
60	2	3
61	1	4
62	2	0
63	1	5
64	4	7
65	1	2
66	1	7
67	1	5
68	0	5
69	0	2
70	6	11
71	1	6
72	1	6
73	1	7
74	2	1
75	3	3
76	2	5
77	0	6
78	3	1
79	1	3
80	1	4
81	1	3
82	2	7
83	1	4
84	0	7
85	4	4
86	4	2
87	1	2
88	0	8
89	3	2
90	2	1
91	1	3
92	4	2
93	1	5
94	1	3
95	2	4
96	4	6
97	1	3
98	2	6
99	5	4
100	0	2
101	1	1
102	0	6
103	0	3
104	1	2
105	5	3
106	4	4
107	3	1
108	2	3
109	2	7
110	1	6
111	1	3
112	2	7
113	3	5
114	4	2
115	3	3
116	4	3
117	1	3
118	2	3
119	3	4
120	3	6
121	3	5
122	0	4
123	2	2
124	1	2
125	1	4
126	4	4
127	2	5
128	2	5
129	2	3
130	3	4
131	2	5
132	2	5
133	0	1
134	0	5
135	2	1
136	3	2
137	3	4
138	1	7
139	2	4
140	4	7
141	3	3
142	2	1
143	1	6
144	5	0
145	1	2
146	1	3
147	2	3
148	0	6
149	2	6
150	1	5
151	1	3
152	2	8
153	2	7
154	0	3
155	0	3
156	0	4
157	1	3
158	0	5
159	0	5
160	0	6
161	2	5
162	1	1
163	2	2
164	5	1
165	2	4
166	3	2
167	0	4
168	2	3
169	3	2
170	1	5
171	2	3
172	1	3
173	2	3
174	1	4
175	2	5
176	1	4
177	1	9
178	0	3
179	2	3
180	1	3
181	2	1
182	1	4
183	2	2
184	2	6
185	1	8
186	1	0
187	0	5
188	1	2
189	2	6
190	2	5
191	1	2
192	0	4
193	0	4
194	2	6
195	4	10
196	2	7
197	2	6
198	2	8
199	2	5
200	0	7
201	0	1
202	4	3
203	0	6
204	3	1
205	3	4
206	2	5
207	0	3
208	0	2
209	3	1
210	2	4
211	2	4
212	3	1
213	1	5
214	0	3
215	2	2
216	3	3
217	0	2
218	2	4
219	6	5
220	1	2
221	1	4
222	2	1
223	4	5
224	0	1
225	3	4
226	2	0
227	0	5
228	1	8
229	4	4
230	2	6
231	2	3
232	0	5
233	0	1
234	2	7
235	2	1
236	5	7
237	2	3
238	2	6
239	3	4
240	0	4
241	0	4
242	3	2
243	1	5
244	2	2
245	1	4
246	0	1
247	2	5
248	2	3
249	1	2
250	2	3
251	1	5
252	2	2
253	1	3
254	1	4
255	1	2
256	0	1
257	0	6
258	0	5
259	0	2
260	1	3
262	0	2
263	1	2
264	1	0
265	1	1
267	1	2
268	1	1
269	0	3
270	1	4
271	2	3
272	3	3
273	3	3
274	0	3
275	3	6
276	1	1
277	1	2
278	3	1
279	1	4
280	0	1
281	3	4
282	3	2
283	4	3
284	6	1
285	0	2
287	1	2
288	1	3
289	0	5
290	1	6
291	0	8
292	0	6
293	2	5
294	1	3
295	0	3
296	0	6
297	2	5
298	1	1
299	0	5
300	1	4
301	0	2
302	1	5
303	0	2
304	2	5
305	0	2
306	1	1
307	2	1
308	1	1
309	1	2
310	0	2
311	4	3
312	0	2
313	1	3
314	0	2
315	3	2
316	1	7
317	2	7
318	2	1
319	2	3
320	3	2
321	5	2
322	1	2
323	2	2
324	3	1
325	1	1
326	0	3
327	2	5
328	1	1
329	1	1
330	1	3
331	1	1
332	0	6
333	1	3
334	3	1
335	1	2
336	1	3
337	0	4
338	1	2
339	0	4
340	0	3
341	1	4
342	1	4
343	1	4
344	1	3
345	2	4
346	1	2
347	4	1
348	1	3
349	0	2
350	0	3
351	2	4
352	2	2
353	1	5
354	0	1
355	0	3
356	1	3
357	2	4
358	1	2
359	2	3
360	1	6
361	1	3
362	2	4
363	0	3
364	0	3
365	1	5
366	0	5
367	0	1
368	1	3
369	0	4
370	0	5
371	0	3
372	1	2
373	0	3
374	1	3
375	2	1
376	2	4
377	0	3
378	0	7
379	1	3
380	1	3
381	1	5
382	1	5
383	1	6
384	0	5
385	0	4
386	1	1
387	0	5
388	1	1
389	0	7
390	1	5
391	0	3
392	3	2
393	1	1
394	0	1
395	0	4
396	0	8
397	1	2
398	1	0
399	2	0
400	0	5
401	4	5
402	1	2
403	0	1
404	0	4
405	2	3
406	1	4
408	2	3
409	0	3
410	1	6
411	3	5
412	1	7
413	0	2
414	0	2
415	0	5
416	1	3
417	0	3
419	1	6
420	0	3
421	0	2
423	2	2
424	3	2
425	1	3
426	0	1
427	2	1
428	1	3
429	0	4
430	2	6
431	2	2
432	2	1
433	0	5
434	1	7
435	1	2
436	1	3
437	0	3
438	1	6
439	1	3
440	0	2
441	2	1
442	1	3
443	2	1
444	0	1
445	0	4
446	2	2
447	0	1
448	0	4
449	1	4
450	0	3
451	0	1
452	1	5
453	1	3
454	0	2
455	0	4
456	0	7
457	0	1
458	0	4
459	3	2
460	1	5
462	0	5
463	1	1
464	1	2
465	0	2
466	1	1
467	0	2
468	0	8
469	1	3
470	3	3
472	0	3
473	0	7
474	0	1
475	0	3
476	0	4
477	1	4
478	0	1
479	0	2
480	0	5
481	1	2
482	0	1
483	0	1
484	3	1
485	0	5
486	1	1
487	0	4
488	0	4
489	1	4
490	0	3
491	0	1
492	1	3
493	2	5
494	0	2
496	0	1
497	0	1
499	1	3
500	1	4
501	2	4
502	0	1
503	0	1
504	1	2
505	2	3
506	0	3
507	0	2
508	1	1
509	1	5
510	3	3
511	1	3
512	0	5
513	1	1
514	1	3
516	0	2
517	1	5
518	0	3
519	1	3
520	0	1
521	1	5
522	1	4
523	2	3
524	0	2
525	1	1
526	0	6
527	0	4
528	1	6
529	0	2
530	1	5
531	1	4
532	1	7
533	0	4
534	1	6
535	0	8
536	1	2
537	0	4
538	0	2
539	1	4
540	0	5
541	1	4
542	1	2
543	0	2
544	0	5
545	0	3
546	2	2
547	1	5
548	1	4
549	1	3
550	0	6
551	0	4
552	0	1
553	1	2
554	1	4
555	1	4
556	2	5
557	0	2
558	0	2
560	0	1
561	0	4
562	2	1
563	1	3
564	0	1
565	0	3
566	0	1
567	1	5
568	0	4
569	0	1
570	1	3
571	0	2
572	0	3
573	0	6
574	1	2
575	0	5
576	0	4
577	0	1
578	2	4
579	3	4
580	0	5
581	0	2
582	0	1
583	1	6
584	1	6
585	0	4
586	0	2
587	1	2
588	1	2
589	1	5
590	1	2
591	1	3
592	0	3
593	0	3
594	1	2
595	0	1
596	0	3
597	0	4
598	0	2
599	2	4
600	0	5
601	1	4
602	0	3
603	2	2
604	1	2
605	1	1
606	1	2
607	1	1
609	0	4
610	0	6
611	0	3
612	0	4
613	0	2
614	2	4
616	0	1
617	1	7
618	2	2
619	2	3
620	0	4
621	0	2
622	0	2
623	1	3
624	0	6
625	0	4
626	1	3
627	0	2
628	0	3
629	0	4
630	0	4
631	1	4
632	0	3
633	0	2
634	0	4
635	0	5
636	0	6
637	1	2
638	1	3
639	2	2
640	1	4
641	1	1
642	0	4
643	1	2
644	1	3
645	1	3
646	0	2
647	0	1
648	0	2
649	0	6
650	0	4
651	0	3
652	1	3
653	0	3
654	0	3
655	0	2
656	0	5
657	0	4
658	0	5
659	0	4
660	0	4
661	0	3
662	1	2
663	0	2
664	1	5
665	0	1
666	1	8
667	1	3
668	0	3
669	0	2
670	0	6
671	0	5
672	1	2
673	2	5
674	0	1
675	1	1
676	0	3
677	1	1
678	2	5
679	0	6
680	0	3
681	0	5
682	0	3
684	0	5
685	0	2
686	0	3
687	1	3
688	0	3
689	0	5
690	1	5
691	0	3
692	0	4
693	0	8
694	1	4
695	0	3
696	1	3
698	0	2
699	2	4
700	0	5
701	0	5
702	1	1
703	2	4
704	2	5
705	0	5
706	1	5
707	0	7
708	1	1
709	0	2
710	0	6
711	0	4
712	0	1
713	1	1
714	0	3
715	0	3
716	0	6
717	0	1
718	0	3
719	0	4
720	0	6
721	0	1
722	0	5
723	0	8
724	0	1
725	1	2
726	0	5
727	0	4
728	0	2
729	1	2
730	0	1
731	0	4
732	1	4
733	0	1
734	0	2
735	0	2
736	0	2
737	0	3
738	0	4
739	1	2
740	0	3
741	1	2
742	1	3
743	0	2
744	0	2
745	1	2
746	0	2
747	1	4
748	0	1
750	0	3
751	0	3
752	0	2
753	0	2
754	2	3
755	1	0
756	2	8
757	0	3
758	0	7
759	0	2
760	2	1
761	1	5
762	1	3
763	0	9
764	3	3
765	2	4
766	0	1
767	0	4
768	0	1
769	0	2
770	2	6
771	0	1
772	0	4
773	1	1
774	0	1
775	1	4
776	0	2
777	0	6
778	0	1
779	0	2
780	0	3
781	0	6
782	0	4
783	2	5
784	2	6
785	0	3
786	0	6
787	1	3
788	1	5
789	0	5
790	0	4
791	1	5
792	0	8
793	1	0
794	1	4
795	0	3
796	2	1
797	0	2
798	2	4
799	0	1
800	0	4
801	0	2
802	0	3
803	1	5
804	0	2
805	1	1
806	0	3
807	0	4
809	0	1
810	2	2
811	1	1
812	4	1
813	1	3
814	0	1
815	0	1
816	0	3
817	0	6
818	0	3
819	0	7
820	1	2
821	1	5
824	1	3
825	0	2
826	0	3
827	1	3
828	0	7
829	1	4
830	1	3
831	0	4
832	0	3
833	0	5
834	0	3
835	0	4
836	0	4
837	0	2
838	0	7
839	1	2
840	0	3
841	0	3
842	0	5
843	1	3
844	0	1
845	0	4
846	1	1
847	0	5
848	0	2
849	0	5
850	0	3
851	0	1
852	1	1
853	2	0
854	0	3
855	0	5
856	1	5
857	1	6
858	1	4
859	1	3
860	0	2
861	0	3
862	0	5
863	0	2
864	1	5
865	0	3
866	1	7
867	1	6
868	1	2
869	0	3
870	1	1
871	0	7
872	2	4
873	0	6
874	3	7
875	0	7
876	0	5
877	0	2
878	1	3
879	0	5
880	0	5
881	0	3
882	1	5
883	1	4
884	0	5
885	1	4
886	0	5
887	1	1
888	0	2
889	1	1
890	1	1
891	0	2
892	0	4
893	3	4
894	0	6
895	0	3
896	2	2
897	1	4
898	0	1
899	3	4
900	0	4
901	1	6
902	0	3
903	1	0
904	0	4
905	0	2
906	0	2
907	1	2
908	0	4
909	0	1
910	2	2
911	0	3
912	0	2
913	0	2
914	1	2
915	0	1
916	1	2
917	1	1
918	1	1
919	1	1
920	0	1
921	0	2
922	0	2
923	1	0
924	0	2
925	0	3
926	1	2
927	0	2
928	0	6
929	0	3
930	0	1
931	0	2
932	1	2
933	0	4
934	1	3
935	0	1
936	0	4
937	0	1
938	0	3
939	1	5
940	0	5
941	0	5
943	0	3
944	0	2
945	0	3
946	1	2
947	0	3
948	0	2
949	2	4
950	0	2
951	1	3
952	1	5
953	2	1
954	0	3
955	0	3
956	1	1
957	1	3
958	0	2
959	0	4
960	1	4
961	0	4
962	1	5
963	2	1
964	0	4
965	0	2
966	0	3
967	1	1
968	0	1
969	0	3
970	0	3
971	1	0
972	3	3
973	0	2
974	1	2
975	1	5
977	0	2
978	0	4
979	0	5
980	1	4
981	0	3
982	0	3
984	0	4
985	0	2
986	0	6
987	0	2
988	1	1
990	1	2
991	0	1
992	1	3
993	0	4
994	0	8
995	0	2
996	0	4
997	0	4
998	1	7
999	0	9
1000	0	3
1001	0	4
1002	0	3
1003	1	4
1004	0	4
1005	0	4
1006	0	5
1007	0	4
1008	0	2
1009	1	3
1011	0	2
1012	0	6
1013	0	2
1014	3	4
1015	2	2
1016	1	3
1017	1	1
1018	0	3
1019	1	5
1020	0	3
1021	0	3
1022	1	1
1023	0	1
1024	1	3
1025	1	3
1026	1	3
1027	0	1
1028	0	1
1029	0	2
1030	0	3
1031	0	6
1032	3	2
1033	0	2
1034	0	5
1035	0	2
1036	1	2
1037	2	7
1038	0	4
1039	1	6
1040	1	4
1041	0	6
1042	1	3
1043	0	1
1044	0	3
1045	0	1
1046	1	1
1047	1	2
1048	0	1
1049	0	1
1050	0	2
1051	3	0
1052	0	4
1053	0	2
1054	0	3
1055	1	3
1056	0	6
1057	0	4
1058	1	3
1059	1	1
1060	0	3
1061	2	3
1062	1	3
1063	2	4
1064	1	5
1065	0	5
1066	1	2
1067	0	2
1068	0	1
1069	0	2
1070	2	1
1072	1	1
1073	2	4
1074	4	2
1076	2	1
1077	0	1
1078	0	2
1079	1	4
1080	1	2
1081	1	4
1082	0	6
1083	3	4
1084	1	2
1085	1	4
1086	1	1
1087	2	6
1088	1	2
1089	0	1
1090	0	1
1091	0	3
1092	0	3
1093	0	3
1094	1	3
1095	1	1
1096	0	1
1097	0	2
1098	0	5
1099	1	7
1100	0	4
1101	0	2
1102	1	1
1103	2	3
1104	0	2
1105	1	5
1106	1	4
1107	0	1
1108	2	5
1109	1	2
1110	1	1
1111	0	3
1112	1	2
1113	0	2
1114	0	3
1115	1	2
1116	1	4
1117	0	3
1118	1	2
1119	0	1
1120	0	4
1121	0	1
1122	0	1
1123	2	5
1124	1	3
1125	1	5
1126	0	3
1127	0	4
1128	0	6
1129	1	5
1130	3	3
1131	1	6
1132	0	4
1133	1	2
1134	0	2
1135	0	2
1136	1	3
1137	1	4
1138	1	5
1139	1	4
1140	1	5
1141	0	4
1142	0	4
1143	1	4
1144	0	1
1145	0	3
1146	0	4
1148	1	7
1149	1	4
1151	0	2
1152	1	2
1153	0	1
1154	0	1
1155	1	3
1156	1	1
1157	1	0
1158	0	3
1159	0	5
1160	2	5
1161	1	1
1162	0	2
1163	0	2
1164	0	2
1165	0	2
1166	0	1
1167	0	3
1168	1	2
1169	0	1
1170	0	3
1171	1	4
1172	0	1
1173	0	2
1174	1	6
1175	0	1
1176	1	1
1177	1	5
1178	2	4
1179	0	2
1180	0	2
1181	0	5
1182	1	3
1183	0	2
1184	1	1
1185	2	2
1186	0	3
1187	1	2
1188	0	2
1189	0	4
1190	0	1
1191	0	2
1192	1	2
1193	2	2
1194	0	1
1195	1	4
1196	1	5
1197	1	3
1198	0	1
1199	1	5
1200	1	0
1201	0	5
1202	2	4
1203	0	6
1204	3	1
1205	0	7
1206	0	2
1207	1	1
1208	0	1
1209	1	4
1210	0	3
1211	1	2
1212	0	5
1214	0	3
1215	0	3
1216	0	3
1217	0	1
1218	0	2
1219	1	4
1220	0	3
1221	1	4
1222	1	2
1223	0	6
1224	1	3
1225	1	6
1226	1	3
1227	0	1
1228	1	4
1229	1	3
1230	1	4
1231	0	4
1232	1	4
1233	1	3
1234	1	1
1235	0	4
1236	0	1
1237	1	2
1238	0	4
1239	3	4
1240	3	3
1241	0	1
1242	0	4
1243	0	2
1244	0	4
1245	1	6
1246	1	5
1247	0	4
1248	0	4
1249	1	2
1250	0	4
1251	0	3
1252	0	7
1253	3	3
1254	1	2
1255	2	4
1256	0	1
1257	0	1
1258	0	1
1259	1	3
1260	0	2
1261	2	1
1262	1	4
1263	0	2
1264	2	1
1265	0	1
1266	0	2
1267	0	4
1268	1	2
1269	1	3
1270	1	3
1271	1	4
1272	0	4
1273	0	6
1274	0	2
1275	1	0
1277	0	3
1278	1	5
1279	0	1
1280	2	2
1281	0	2
1282	0	2
1283	1	3
1284	0	1
1285	0	5
1286	2	0
1287	0	3
1288	3	2
1289	1	2
1290	2	6
1291	1	5
1292	0	3
1293	2	2
1294	0	2
1295	0	1
1296	1	1
1297	1	2
1299	1	0
1300	3	2
1301	1	2
1302	1	3
1303	0	3
1304	0	2
1305	1	5
1306	0	2
1307	1	2
1308	0	2
1309	0	2
1310	1	2
1311	0	3
1312	0	2
1313	1	2
1314	0	2
1315	0	5
1316	1	1
1317	0	2
1318	0	1
1319	0	3
1320	1	2
1321	0	2
1322	0	1
1323	1	3
1324	0	5
1325	1	3
1326	1	4
1327	1	5
1328	1	1
1329	0	2
1330	0	2
1331	1	3
1332	0	2
1333	2	3
1334	0	3
1335	1	4
1336	0	1
1337	1	2
1338	0	3
1339	0	2
1340	0	3
1341	0	2
1342	1	3
1343	0	5
1344	1	2
1345	1	0
1346	1	2
1347	1	2
1348	0	3
1349	1	4
1350	0	4
1351	2	2
1352	0	1
1353	2	7
1354	0	4
1355	1	10
1356	0	1
1357	0	1
1358	1	4
1359	0	3
1360	0	2
1361	2	3
1362	0	2
1363	1	2
1364	3	5
1365	0	2
1366	1	2
1367	1	9
1368	0	3
1369	1	2
1370	0	1
1371	0	8
1372	1	2
1373	0	4
1374	0	1
1375	1	2
1376	2	2
1377	0	2
1378	0	2
1379	0	2
1380	0	1
1381	0	2
1382	0	1
1384	1	3
1385	0	1
1386	1	3
1387	1	1
1388	4	1
1389	2	1
1390	1	2
1391	1	3
1392	0	1
1393	0	2
1394	2	2
1395	2	2
1396	0	5
1397	0	1
1398	0	3
1400	1	1
1401	0	2
1402	3	3
1404	1	0
1405	0	2
1406	1	3
1407	2	2
1408	1	4
1410	0	5
1411	0	4
1412	0	4
1413	0	2
1414	0	1
1415	2	5
1416	0	7
1417	0	2
1418	0	4
1420	0	3
1421	0	2
1422	1	3
1423	0	3
1424	0	1
1425	0	5
1426	0	3
1427	1	2
1428	0	2
1429	1	1
1430	2	2
1431	1	6
1432	1	3
1433	1	4
1434	0	2
1435	0	3
1436	0	1
1437	0	3
1438	1	2
1439	1	4
1440	0	2
1441	0	3
1442	0	2
1443	1	4
1444	1	5
1445	0	1
1446	0	4
1447	1	3
1448	1	4
1449	0	7
1450	1	1
1451	1	2
1452	0	5
1453	1	5
1454	1	0
1455	0	5
1456	0	3
1457	0	1
1458	0	5
1459	0	3
1460	0	2
1461	1	2
1462	0	5
1463	0	2
1464	0	1
1465	1	2
1466	1	3
1467	0	3
1468	1	4
1469	0	4
1470	0	6
1471	1	1
1472	0	2
1473	2	3
1474	0	3
1475	0	5
1476	0	4
1477	1	1
1478	1	3
1479	0	1
1480	2	3
1481	0	2
1482	1	3
1483	2	1
1484	1	3
1485	0	3
1486	0	5
1487	0	1
1489	2	1
1490	0	5
1491	0	4
1492	1	2
1493	1	4
1494	1	3
1495	0	3
1496	1	2
1498	1	2
1499	0	5
1500	1	4
1501	0	1
1502	3	3
1503	0	5
1504	0	3
1505	5	4
1506	0	2
1507	4	2
1508	3	2
1509	1	4
1510	0	5
1511	1	6
1512	1	5
1513	0	3
1514	1	1
1515	1	5
1516	1	3
1517	0	2
1518	1	5
1519	0	4
1520	0	3
1521	0	2
1522	0	3
1523	0	5
1524	0	4
1525	0	1
1526	1	1
1527	0	3
1528	0	1
1529	0	1
1530	1	1
1531	1	3
1532	0	2
1533	1	1
1534	1	3
1535	0	2
1536	0	1
1537	2	2
1538	0	4
1539	0	3
1540	0	2
1542	4	0
1543	1	2
1544	1	3
1545	0	1
1546	1	3
1547	0	6
1548	0	2
1549	0	1
1550	2	5
1551	3	3
1552	0	4
1553	0	3
1554	0	1
1555	1	3
1556	0	3
1557	1	5
1558	0	4
1559	0	2
1560	0	3
1561	0	6
1562	0	3
1563	0	1
1564	1	3
1565	0	4
1566	1	2
1567	1	3
1568	2	5
1569	0	2
1570	3	5
1571	0	1
1572	0	4
1573	2	2
1574	1	3
1575	0	1
1576	1	5
1577	0	4
1578	1	1
1579	0	4
1580	0	1
1581	0	3
1582	3	1
1583	0	2
1584	0	3
1585	0	5
1586	1	3
1587	0	2
1588	1	2
1589	4	2
1590	1	3
1591	0	4
1592	1	5
1593	0	2
1594	1	3
1595	0	3
1596	0	4
1597	0	5
1598	0	2
1599	3	4
1600	1	4
1601	1	5
1602	0	1
1603	0	2
1604	0	2
1605	1	1
1606	0	2
1607	0	2
1608	1	2
1609	0	4
1610	1	2
1611	1	2
1612	0	6
1613	0	1
1614	2	2
1615	0	6
1616	0	1
1617	0	5
1618	0	4
1619	0	1
1620	0	3
1621	0	3
1622	1	0
1623	1	4
1624	0	2
1625	0	6
1626	1	3
1627	1	5
1628	0	3
1629	0	3
1630	0	1
1631	0	7
1632	0	3
1633	0	2
1634	2	5
1635	1	2
1636	1	2
1637	1	2
1638	1	4
1639	0	3
1640	0	1
1641	0	3
1642	1	6
1643	1	5
1644	0	1
1645	2	2
1646	0	2
1647	0	3
1648	0	4
1649	0	3
1650	0	2
1651	1	5
1652	0	3
1653	1	2
1654	2	3
1655	0	2
1656	1	2
1657	0	2
1658	0	6
1659	1	2
1660	1	2
1661	0	2
1662	1	4
1663	0	2
1664	1	2
1665	1	5
1666	0	1
1667	3	3
1668	2	2
1669	1	4
1670	0	4
1671	0	1
1672	0	1
1673	1	2
1674	0	6
1675	0	5
1676	0	5
1677	1	2
1678	3	3
1679	0	1
1680	1	3
1681	0	1
1682	1	7
1683	1	3
1684	2	4
1685	0	2
1686	2	7
1687	0	2
1688	0	3
1689	1	5
1690	0	3
1691	1	3
1692	0	5
1693	0	4
1694	0	2
1695	0	5
1696	1	4
1697	1	3
1698	1	3
1699	2	7
1700	2	6
1701	1	6
1702	1	4
1703	0	1
1704	1	3
1705	0	2
1706	1	0
1707	0	4
1708	1	2
1709	1	1
1710	0	3
1711	2	5
1712	0	3
1714	0	5
1715	0	2
1717	0	4
1718	1	4
1719	4	6
1720	1	8
1721	1	5
1722	1	0
1723	0	3
1724	0	2
1725	0	2
1726	0	5
1727	1	1
1728	0	1
1729	0	7
1730	2	5
1731	1	3
1732	1	4
1733	1	3
1734	4	4
1735	1	3
1736	0	3
1737	0	3
1738	0	1
1739	3	1
1740	0	1
1741	3	4
1742	2	1
1743	1	4
1744	0	5
1745	1	2
1747	0	6
1748	3	1
1749	1	3
1750	0	3
1751	0	3
1753	0	5
1754	1	2
1755	1	6
1756	1	1
1757	0	3
1758	1	1
1759	0	2
1760	1	0
1761	1	2
1762	1	3
1763	1	3
1764	1	2
1765	0	6
1766	2	2
1767	0	4
1768	0	2
1769	0	2
1770	1	3
1771	0	4
1772	1	2
1773	2	3
1774	0	5
1775	0	6
1776	1	1
1777	1	3
1778	0	2
1779	0	3
1780	0	1
1781	0	2
1782	1	1
1783	3	1
1784	2	2
1785	0	4
1786	0	2
1787	2	6
1788	0	2
1789	0	2
1790	1	0
1791	0	2
1792	2	0
1793	3	8
1794	0	5
1795	0	7
1796	0	2
1797	1	3
1798	0	1
1799	0	3
1800	0	4
1802	0	3
1803	3	1
1804	0	2
1805	1	1
1806	2	2
1807	1	1
1808	0	1
1809	1	2
1810	1	3
1811	0	4
1812	0	3
1813	1	1
1814	1	2
1815	0	2
1816	0	2
1817	1	3
1818	0	1
1819	1	6
1820	1	4
1821	1	5
1822	0	3
1823	2	2
1824	0	3
1825	0	3
1826	0	4
1827	0	5
1828	0	4
1829	1	0
1830	1	5
1831	1	0
1832	1	5
1833	0	1
1834	0	3
1835	1	2
1836	0	2
1837	0	3
1838	1	5
1839	0	2
1840	0	1
1841	0	6
1842	0	5
1843	0	2
1844	0	6
1845	0	7
1846	0	5
1847	1	3
1848	0	4
1849	0	8
1850	1	4
1851	2	3
1852	1	4
1853	2	2
1854	0	1
1855	0	3
1856	1	3
1857	1	1
1858	0	1
1859	0	4
1860	1	5
1861	1	3
1862	0	3
1863	0	7
1864	0	4
1865	0	3
1866	0	3
1867	3	1
1868	0	3
1869	1	3
1870	0	3
1871	0	6
1872	1	2
1873	1	3
1874	0	2
1875	1	3
1876	0	2
1877	0	2
1878	1	7
1879	1	3
1880	3	2
1881	0	2
1882	1	4
1883	1	7
1884	0	6
1885	0	4
1886	0	3
1887	0	3
1888	0	1
1889	0	4
1890	1	2
1892	1	5
1893	1	4
1895	0	3
1896	0	3
1897	1	3
1898	1	2
1899	1	3
1900	0	3
1901	1	1
1902	1	5
1903	0	7
1904	1	3
1905	0	2
1906	0	3
1907	0	5
1908	1	6
1909	0	2
1910	0	4
1911	0	7
1912	2	5
1913	1	6
1914	0	4
1916	0	1
1917	1	0
1918	0	2
1920	1	1
1921	0	1
1922	1	2
1923	2	5
1924	0	4
1925	1	3
1926	0	2
1927	0	1
1928	0	4
1929	1	3
1930	2	1
1931	1	2
1932	1	3
1933	1	5
1934	1	4
1935	0	5
1936	0	5
1937	1	3
1938	2	3
1939	0	2
1940	1	4
1941	0	5
1942	0	5
1943	0	2
1944	1	4
1945	1	2
1947	1	2
1948	0	1
1949	1	2
1950	1	4
1951	1	3
1952	0	2
1953	1	3
1954	0	2
1955	1	3
1956	0	5
1957	1	2
1958	0	1
1959	0	5
1960	1	1
1961	0	4
1962	2	2
1963	1	3
1964	0	5
1965	1	3
1966	0	3
1967	1	7
1968	0	3
1969	0	2
1970	1	3
1971	0	6
1972	0	3
1973	0	3
1974	2	4
1975	0	3
1976	0	7
1977	0	9
1978	0	2
1979	0	2
1980	0	4
1981	0	6
1982	2	7
1983	0	4
1984	1	3
1985	3	7
1986	2	3
1987	2	1
1988	1	6
1989	3	1
1990	2	6
1991	1	7
1992	2	1
1993	1	5
1994	2	5
1995	1	5
1996	0	5
1997	0	5
1998	0	1
1999	1	3
2001	0	3
2002	0	3
2003	0	4
2004	0	1
2005	0	2
2006	0	2
2007	0	3
2008	0	5
2009	4	1
2010	0	6
2011	0	5
2012	1	4
2013	1	3
2014	0	3
2015	0	3
2016	0	2
2019	1	4
2020	1	2
2021	4	3
2022	2	7
2023	0	4
2024	0	8
2025	0	4
2026	0	4
2027	1	2
2028	0	5
2029	1	5
2030	1	6
2031	0	9
2032	0	7
2033	1	5
2034	1	3
2035	0	3
2036	0	3
2037	2	4
2038	0	7
2039	3	5
2040	2	3
2041	2	5
2042	0	2
2043	1	3
2044	2	2
2045	1	2
2046	1	3
2047	0	5
2048	1	1
2049	1	6
2050	1	0
2051	2	4
2052	0	4
2053	0	2
2054	2	2
2055	0	1
2056	1	1
2057	0	1
2058	1	6
2059	1	3
2060	0	3
2061	0	4
2062	1	0
2063	0	4
2064	0	1
2065	1	2
2066	0	1
2067	0	2
2068	1	1
2069	1	2
2070	0	2
2071	0	4
2072	1	4
2073	0	1
2074	1	1
2075	0	1
2076	0	4
2077	0	2
2078	1	4
2079	1	1
2080	3	2
2081	0	4
2082	1	3
2083	0	2
2084	0	4
2085	0	3
2086	1	3
2087	0	2
2088	1	5
2089	0	5
2090	1	3
2091	0	1
2092	0	5
2093	1	3
2094	1	4
2095	0	5
2096	2	4
2097	5	5
2098	1	1
2099	3	3
2100	3	4
2101	0	2
2102	2	2
2103	0	5
2105	0	3
2106	0	4
2107	0	5
2108	2	2
2109	2	0
2110	1	1
2111	0	6
2112	1	4
2113	1	8
2114	1	1
2115	0	3
2116	0	3
2118	1	1
2119	0	4
2120	0	4
2121	1	3
2122	0	5
2123	1	7
2125	4	3
2126	0	3
2127	0	1
2128	1	2
2129	1	0
2130	0	4
2131	1	2
2132	2	1
2133	2	4
2134	1	2
2135	1	3
2136	0	1
2137	1	6
2138	0	5
2139	0	2
2140	0	3
2141	0	2
2142	0	2
2143	0	2
2144	2	2
2145	0	1
2146	1	1
2147	0	3
2148	0	4
2149	0	2
2150	0	3
2151	0	3
2152	1	4
2153	0	2
2154	0	1
2155	0	3
2156	1	2
2157	0	3
2158	1	2
2159	0	9
2160	2	4
2161	0	4
2162	0	3
2163	0	5
2164	1	6
2165	1	3
2166	1	3
2167	0	2
2168	0	3
2169	1	4
2170	0	4
2171	0	3
2172	2	2
2173	0	4
2174	0	4
2175	1	2
2176	0	5
2177	3	4
2178	0	1
2179	0	7
2180	0	4
2181	3	2
2182	0	3
2183	1	2
2184	0	2
2185	1	4
2186	2	2
2187	0	4
2188	0	4
2189	0	5
2190	0	2
2191	0	4
2192	0	7
2193	1	4
2194	1	6
2195	0	4
2196	0	4
2197	2	6
2198	0	3
2199	1	1
2200	1	1
2201	1	3
2202	3	4
2203	1	3
2204	3	0
2205	0	4
2206	1	5
2207	0	4
2208	1	1
2209	5	6
2210	0	3
2211	2	9
2212	2	4
2213	0	2
2214	0	2
2215	1	4
2216	0	3
2217	2	5
2218	2	4
2219	0	1
2220	1	6
2221	0	4
2222	0	6
2223	1	3
2224	0	9
2225	1	4
2226	1	2
2227	0	9
2228	0	2
2229	3	6
2230	0	4
2231	1	1
2232	1	3
2233	0	1
2234	2	6
2235	0	1
2236	2	6
2237	4	4
2238	5	1
2239	1	1
2240	0	3
2241	3	3
2242	0	1
2243	1	4
2244	2	3
2245	0	3
2246	1	3
2247	0	4
2248	1	3
2249	0	1
2250	1	2
2251	1	1
2252	1	1
2253	0	4
2254	1	4
2255	3	2
2257	1	3
2258	0	2
2259	1	4
2260	1	6
2261	0	2
2262	0	3
2263	0	2
2264	0	3
2265	0	1
2266	3	8
2267	0	1
2268	0	3
2269	3	1
2270	0	6
2271	0	4
2272	1	4
2273	2	4
2274	0	3
2275	2	6
2276	1	5
2277	0	3
2279	2	2
2280	1	3
2281	0	4
2282	0	3
2283	3	2
2284	2	2
2285	2	1
2286	2	1
2287	0	3
2288	1	1
2289	0	2
2290	0	2
2291	0	4
2292	0	1
2293	0	3
2294	0	4
2295	1	5
2296	0	1
2297	1	2
2298	2	2
2299	2	2
2301	1	0
2302	0	2
2303	0	3
2304	1	2
2305	0	4
2306	1	3
2307	1	0
2308	0	2
2309	1	4
2310	0	4
2311	1	1
2312	1	2
2313	0	2
2314	1	1
2315	0	3
2316	0	2
2317	0	1
2318	1	0
2319	0	3
2320	2	1
2321	4	3
2322	0	1
2323	3	3
2324	0	1
2325	3	2
2326	1	3
2327	2	5
2328	0	3
2329	1	1
2330	0	7
2331	1	3
2332	0	3
2333	0	1
2334	0	1
2336	0	3
2337	0	2
2338	0	4
2339	1	1
2340	0	3
2341	0	2
2343	0	2
2344	0	1
2345	1	2
2346	0	2
2347	0	3
2348	0	4
2349	1	3
2350	0	3
2351	0	3
2352	2	3
2353	1	1
2354	0	2
2355	1	3
2356	0	2
2357	0	2
2358	0	2
2359	1	2
2360	2	0
2361	0	1
2362	0	1
2363	0	5
2364	1	1
2365	1	4
2366	1	2
2367	1	3
2368	0	2
2369	1	3
2370	0	3
2371	1	1
2372	0	3
2373	0	5
2374	1	3
2375	2	3
2376	1	0
2377	0	4
2378	1	4
2379	1	1
2380	0	3
2381	0	3
2382	1	2
2383	1	4
2384	1	2
2385	1	7
2386	0	3
2387	1	3
2388	1	3
2389	0	6
2390	0	3
2391	0	3
2392	0	2
2393	1	3
2394	1	5
2395	1	3
2396	1	4
2397	0	3
2398	0	5
2399	2	2
2400	1	3
2401	1	3
2402	3	5
2403	0	2
2404	0	6
2405	0	3
2406	0	2
2407	0	1
2408	0	2
2409	0	5
2410	0	2
2411	0	2
2412	0	7
2413	3	3
2414	2	3
2416	0	3
2417	1	3
2418	2	4
2419	1	1
2420	0	6
2421	0	2
2422	1	3
2423	0	3
2424	0	3
2425	2	2
2427	1	7
2428	1	2
2429	1	5
2430	1	0
2431	0	1
2432	0	1
2433	1	5
2434	0	1
2435	0	4
2436	1	0
2437	1	3
2438	1	2
2439	1	3
2440	0	1
2441	0	2
2442	0	4
2443	1	1
2444	1	1
2445	0	1
2446	0	3
2447	0	1
2448	0	1
2449	2	0
2450	0	5
2451	0	3
2452	0	1
2453	0	4
2454	1	5
2455	0	2
2456	0	11
2457	1	2
2458	1	5
2459	1	3
2460	0	2
2461	0	4
2462	0	7
2463	2	4
2464	2	1
2465	0	3
2466	0	1
2467	2	3
2468	0	3
2469	0	1
2470	1	4
2471	1	3
2472	3	1
2473	0	3
2474	1	2
2475	0	7
2476	2	3
2477	0	6
2478	0	5
2479	5	7
2480	1	3
2481	0	2
2482	1	6
2483	0	7
2484	1	7
2485	0	2
2486	2	4
2487	0	3
2488	1	2
2489	0	2
2490	0	2
2491	0	4
2492	0	3
2493	0	5
2494	1	4
2495	2	2
2496	1	4
2497	0	4
2498	0	3
2499	1	5
2500	0	1
2501	0	3
2502	0	2
2503	1	6
2504	0	1
2505	1	4
2506	0	2
2507	0	4
2508	0	1
2509	1	2
2510	0	2
2511	0	5
2512	1	3
2513	0	1
2514	0	2
2515	0	3
2516	0	2
2517	0	3
2518	0	6
2519	0	3
2520	0	2
2521	0	3
2522	1	1
2523	1	3
2524	2	3
2525	0	2
2526	0	6
2527	3	4
2528	1	2
2529	0	3
2530	1	2
2531	1	4
2532	0	5
2533	0	1
2534	0	1
2535	0	1
2537	1	6
2538	2	3
2539	1	1
2540	1	1
2541	0	1
2542	1	1
2543	0	2
2544	2	0
2545	0	3
2546	2	4
2547	1	1
2548	1	5
2549	0	4
2550	0	3
2551	1	2
2552	0	2
2553	0	1
2554	2	1
2555	0	2
2557	0	6
2558	0	2
2559	0	1
2560	1	2
2561	0	6
2562	0	1
2563	2	4
2565	0	3
2566	0	1
2567	0	3
2569	1	4
2570	0	2
2571	0	1
2572	0	3
2573	0	6
2574	0	4
2575	1	9
2576	1	1
2577	1	5
2578	2	6
2579	2	3
2580	3	1
2581	0	4
2582	0	4
2583	0	4
2584	1	3
2585	0	3
2586	1	3
2587	1	1
2588	1	2
2589	0	1
2590	0	5
2591	0	6
2592	0	1
2593	0	4
2594	0	5
2595	1	0
2596	0	2
2597	0	2
2598	0	4
2599	0	1
2600	0	2
2601	0	1
2602	0	1
2603	0	3
2604	1	5
2605	0	4
2606	1	2
2607	0	1
2608	0	4
2609	0	3
2610	0	5
2611	0	2
2612	1	4
2613	0	3
2614	0	7
2615	1	0
2616	0	5
2617	1	6
2618	0	2
2619	0	2
2620	0	4
2621	0	3
2622	1	2
2623	0	2
2624	1	2
2625	1	7
2626	0	5
2627	0	4
2628	0	8
2629	0	1
2630	1	6
2631	0	2
2632	0	2
2633	0	2
2634	0	3
2635	2	4
2636	0	5
2637	1	4
2638	0	2
2639	0	7
2640	1	7
2641	1	2
2642	0	8
2643	0	4
2644	1	3
2645	1	5
2646	0	4
2647	0	3
2648	0	3
2649	0	3
2650	0	2
2651	1	2
2652	1	0
2653	2	1
2654	0	2
2655	1	2
2656	0	2
2657	1	2
2658	1	2
2659	0	3
2660	1	5
2662	2	2
2663	0	2
2664	0	3
2665	0	1
2666	0	2
2667	1	1
2668	0	1
2669	0	3
2670	1	2
2671	0	4
2672	0	3
2673	3	3
2674	0	1
2675	1	1
2676	1	6
2677	0	2
2679	3	1
2680	1	4
2681	0	5
2682	0	6
2683	0	3
2684	0	4
2685	1	4
2687	1	3
2689	1	2
2690	0	3
2691	0	5
2692	0	8
2693	1	3
2694	1	6
2695	1	3
2696	0	1
2697	1	1
2698	0	2
2699	1	1
2700	1	1
2701	0	2
2702	1	3
2703	0	1
2704	1	2
2705	0	1
2706	0	5
2707	2	2
2708	1	7
2709	1	2
2710	0	2
2711	0	6
2712	0	1
2713	0	2
2714	0	1
2715	0	1
2716	2	2
2717	1	8
2718	1	2
2719	0	2
2720	1	6
2721	1	3
2722	1	2
2723	1	1
2724	1	2
2725	0	2
2726	0	5
2727	1	2
2728	0	5
2729	1	1
2730	0	1
2731	1	5
2733	2	6
2734	0	1
2735	2	3
2736	0	3
2737	0	2
2738	2	3
2739	0	5
2740	0	3
2741	0	3
2742	1	1
2743	0	1
2744	1	1
2745	1	1
2746	0	2
2747	1	4
2748	0	5
2749	0	4
2750	0	1
2751	1	2
2752	2	3
2753	1	2
2754	3	0
2755	0	3
2756	1	1
2757	2	4
2758	1	4
2759	2	3
2760	1	1
2761	0	1
2762	0	2
2763	1	3
2764	2	5
2765	0	1
2766	0	2
2767	0	3
2768	1	3
2769	1	4
2770	1	2
2771	0	2
2772	0	2
2773	0	1
2774	2	2
2775	1	0
2776	0	4
2777	0	3
2778	1	2
2779	0	1
2780	0	6
2781	2	5
2782	0	1
2783	0	1
2784	1	1
2785	0	3
2786	2	1
2787	1	5
2788	0	1
2789	2	1
2790	2	2
2791	1	1
2792	1	0
2793	1	7
2794	1	2
2795	0	8
2796	0	6
2797	0	4
2798	0	3
2799	1	1
2800	0	4
2801	0	5
2802	1	2
2803	0	9
2804	2	2
2805	1	2
2806	0	3
2807	0	1
2808	0	4
2809	1	2
2810	0	1
2811	1	3
2812	2	1
2813	2	3
2814	1	3
2815	0	1
2816	0	2
2817	0	1
2818	1	4
2819	3	1
2820	0	2
2821	1	1
2822	0	3
2823	3	1
2824	1	3
2825	1	4
2827	0	1
2828	0	2
2829	4	2
2830	2	0
2831	0	3
2832	1	2
2833	1	2
2834	2	2
2835	0	4
2837	1	1
2838	0	1
2840	1	5
2841	1	5
2842	2	4
2843	0	4
2844	1	7
2845	0	4
2846	1	2
2847	0	6
2848	0	1
2849	0	2
2851	0	3
2852	0	3
2853	0	8
2854	0	1
2855	0	1
2856	1	1
2857	1	3
2858	1	3
2859	3	3
2860	0	2
2861	2	2
2862	0	2
2863	0	5
2864	2	3
2865	0	2
2866	0	3
2867	0	2
2868	1	3
2869	1	0
2870	0	3
2871	0	3
2872	1	3
2873	0	5
2874	1	4
2875	1	2
2876	3	5
2877	0	2
2878	2	5
2879	0	5
2881	0	3
2882	0	2
2884	0	2
2885	0	2
2886	0	1
2887	1	3
2888	2	2
2889	0	2
2890	1	0
2892	1	3
2893	2	4
2895	1	0
2896	1	6
2897	1	2
2898	0	3
2899	0	7
2900	0	2
2901	0	3
2902	1	3
2904	2	5
2905	0	2
2906	1	4
2907	0	3
2908	2	4
2909	0	2
2910	0	1
2911	2	1
2912	1	3
2913	1	2
2914	2	3
2915	0	3
2916	1	3
2917	0	6
2918	0	6
2919	0	1
2920	1	2
2921	1	5
2922	0	2
2923	1	1
2924	0	1
2925	0	4
2926	0	2
2927	0	2
2928	1	2
2929	0	4
2930	0	3
2931	0	3
2932	0	1
2933	0	3
2934	1	5
2935	1	1
2937	1	4
2938	1	5
2939	0	3
2940	2	3
2941	0	4
2942	0	2
2943	2	5
2944	0	2
2945	0	3
2946	0	1
2947	3	1
2948	1	4
2949	0	5
2950	1	11
2951	0	4
2952	0	3
2953	0	6
2954	0	5
2955	2	4
2956	0	7
2957	1	4
2958	0	4
2959	0	4
2960	0	6
2961	1	4
2962	0	2
2963	0	2
2965	0	6
2966	0	1
2967	0	2
2968	0	3
2969	1	3
2970	0	2
2971	0	3
2972	0	4
2973	0	3
2974	1	5
2975	1	4
2976	0	2
2977	0	1
2978	0	4
2979	0	7
2980	1	6
2981	2	4
2982	2	6
2983	1	4
2984	0	1
2985	1	3
2986	0	4
2987	0	3
2988	1	5
2989	0	2
2990	2	6
2991	0	2
2992	0	2
2993	0	2
2994	0	2
2995	3	2
2997	0	2
2998	2	3
2999	0	1
3000	0	2
3001	0	3
3002	0	3
3003	2	2
3004	0	3
3005	0	1
3006	0	3
3007	0	5
3008	0	1
3009	1	2
3010	0	2
3011	1	7
3012	0	1
3013	0	3
3014	0	1
3015	1	6
3016	0	3
3017	1	4
3018	1	2
3019	0	3
3020	0	3
3021	0	2
3022	0	4
3023	1	2
3024	0	3
3025	0	3
3026	2	1
3027	0	3
3028	1	5
3029	0	1
3030	0	6
3031	0	3
3032	1	6
3033	2	1
3034	1	2
3035	1	4
3036	3	3
3037	0	2
3038	0	2
3039	0	1
3040	0	1
3041	2	1
3042	0	3
3043	1	5
3044	0	3
3045	2	1
3046	2	3
3048	1	1
3049	1	1
3050	0	1
3051	1	3
3052	1	5
3053	0	7
3054	1	1
3055	0	3
3056	0	1
3057	0	3
3058	1	2
3060	0	4
3061	0	1
3062	0	1
3063	0	6
3064	0	3
3065	0	4
3066	0	2
3067	0	3
3068	0	1
3069	2	1
3070	0	5
3071	1	5
3072	0	3
3073	1	2
3075	2	6
3076	2	2
3077	0	1
3078	1	2
3079	0	4
3080	1	3
3081	0	1
3082	0	3
3083	1	3
3084	0	4
3085	0	2
3086	0	1
3087	1	3
3088	2	5
3089	3	2
3090	0	1
3091	0	2
3093	0	5
3094	2	2
3095	0	1
3096	3	3
3097	1	1
3099	1	6
3100	0	5
3101	0	3
3102	0	4
3103	1	2
3104	0	1
3105	0	2
3106	1	2
3107	0	2
3108	1	5
3109	0	2
3110	0	1
3111	1	3
3112	0	1
3113	0	5
3114	0	3
3115	0	3
3116	0	6
3117	0	4
3118	1	1
3119	1	8
3120	0	3
3121	0	1
3122	0	4
3123	2	1
3124	0	6
3125	0	1
3126	0	9
3127	1	6
3128	0	5
3129	0	2
3130	1	1
3131	0	1
3132	0	2
3133	2	2
3134	1	3
3135	0	4
3136	2	7
3137	0	2
3138	0	7
3139	1	6
3140	0	2
3141	2	4
3142	0	2
3143	1	2
3144	0	2
3145	2	5
3146	0	3
3147	3	7
3148	1	5
3149	0	2
3150	3	3
3151	0	2
3152	1	3
3153	2	4
3154	0	4
3155	0	4
3156	0	2
3157	0	1
3158	1	3
3159	1	1
3160	0	3
3161	2	4
3162	1	2
3163	1	5
3164	2	7
3165	0	8
3166	0	4
3167	0	2
3168	1	4
3169	0	3
3170	2	0
3171	1	6
3172	0	6
3173	0	1
3174	0	2
3175	0	4
3176	1	2
3177	0	3
3178	2	3
3179	0	3
3180	1	1
3181	3	5
3182	0	4
3183	0	2
3184	0	2
3185	2	0
3186	0	1
3187	0	4
3188	0	2
3189	0	4
3190	0	4
3191	2	3
3192	3	3
3193	0	3
3194	2	0
3195	2	1
3196	2	3
3197	1	2
3198	0	1
3199	0	3
3200	1	3
3201	1	5
3202	0	4
3203	2	2
3204	0	2
3205	1	6
3206	1	0
3208	0	1
3209	0	2
3210	2	1
3211	1	4
3212	4	2
3213	1	4
3214	3	1
3215	2	2
3216	4	1
3217	0	3
3218	1	1
3219	0	1
3220	2	2
3221	0	6
3222	2	4
3223	1	0
3224	2	2
3225	2	4
3226	0	3
3227	0	5
3228	1	1
3229	0	2
3230	0	5
3231	0	3
3233	0	3
3235	0	3
3236	1	3
3237	2	1
3238	1	3
3239	0	2
3240	0	1
3241	2	1
3242	3	1
3243	1	1
3244	1	1
3245	2	4
3246	0	3
3247	2	1
3248	2	3
3249	1	2
3250	1	2
3251	3	9
3252	0	3
3253	5	2
3254	3	5
3255	0	3
3256	6	3
3257	0	7
3258	1	6
3259	2	10
3260	1	2
3261	2	2
3262	0	6
3263	0	1
3264	0	3
3265	0	2
3266	0	4
3267	3	2
3268	0	7
3269	1	2
3270	1	7
3271	1	3
3272	0	5
3273	1	5
3274	0	2
3275	0	3
3276	0	1
3277	0	4
3278	0	2
3279	0	3
3280	0	2
3281	1	3
3282	0	3
3283	0	2
3284	0	1
3285	4	0
3286	2	2
3287	0	4
3288	0	1
3289	0	1
3290	1	1
3291	0	3
3292	1	3
3293	0	4
3294	1	1
3295	0	4
3296	0	1
3297	2	2
3298	0	2
3299	1	2
3300	0	3
3301	1	1
3302	0	4
3303	0	3
3304	0	5
3305	0	2
3306	0	2
3307	0	1
3308	0	3
3309	1	3
3310	0	3
3311	0	3
3312	0	4
3313	0	1
3314	0	6
3315	1	2
3316	0	4
3317	0	2
3318	0	4
3320	3	5
3321	0	6
3322	0	3
3323	1	2
3324	1	4
3325	0	7
3326	2	6
3327	1	4
3328	0	4
3329	3	2
3330	11	6
3331	3	5
3332	2	4
3333	1	2
3334	2	4
3335	4	4
3336	5	1
3337	1	1
3338	3	3
3339	0	1
3340	1	3
3341	0	2
3342	1	9
3343	0	2
3344	2	5
3345	1	5
3346	2	5
3347	0	2
3348	0	4
3349	4	4
3350	0	3
3351	0	3
3352	1	4
3353	1	3
3354	2	6
3355	1	5
3356	1	3
3357	0	1
3358	1	5
3359	0	4
3360	1	4
3361	0	6
3362	2	2
3363	2	4
3364	4	2
3365	2	2
3366	2	4
3367	0	3
3368	0	4
3369	1	4
3370	0	1
3371	1	3
3372	0	1
3373	0	4
3374	0	4
3375	0	6
3376	0	4
3377	0	6
3378	0	7
3379	0	3
3380	0	7
3382	0	4
3383	1	5
3384	0	4
3385	0	4
3386	0	1
3387	0	1
3388	0	1
3389	2	3
3390	2	1
3391	1	5
3392	2	2
3393	1	6
3394	1	3
3395	0	7
3396	0	2
3397	1	1
3398	0	2
3399	1	1
3400	0	3
3401	1	6
3402	1	2
3403	0	2
3404	2	2
3405	0	4
3406	0	2
3407	0	3
3408	0	3
3409	0	4
3410	1	5
3411	1	5
3412	1	0
3413	0	2
3414	2	4
3415	3	2
3416	0	2
3417	1	3
3418	0	5
3419	0	4
3421	0	2
3422	0	5
3423	1	3
3424	0	1
3425	1	2
3426	0	4
3427	0	1
3428	0	1
3429	1	1
3430	0	2
3431	1	1
3432	1	3
3433	0	4
3434	0	7
3436	0	1
3437	1	3
3438	0	6
3439	1	0
3440	0	3
3441	1	7
3442	0	3
3443	0	3
3444	1	2
3445	0	2
3446	0	5
3447	0	4
3448	0	3
3449	0	4
3450	1	1
3451	2	6
3452	2	4
3453	0	2
3454	0	4
3455	1	7
3456	0	2
3457	1	3
3458	0	3
3460	0	2
3461	2	2
3462	3	4
3463	1	6
3465	0	1
3466	0	1
3467	0	2
3468	1	7
3469	1	3
3470	1	5
3471	1	2
3472	0	3
3473	0	5
3474	1	4
3475	1	3
3476	1	1
3477	1	1
3478	0	4
3479	1	2
3480	1	1
3481	0	2
3482	3	1
3483	0	3
3484	1	3
3485	0	2
3486	0	6
3487	0	3
3488	0	4
3489	1	5
3490	1	2
3491	1	4
3492	0	2
3493	1	0
3494	0	4
3495	0	4
3496	0	1
3497	1	3
3498	0	3
3499	0	3
3500	2	2
3501	1	4
3502	2	4
3504	0	3
3505	3	3
3506	0	2
3507	0	2
3508	1	2
3509	0	4
3510	4	1
3511	1	0
3512	4	0
3513	2	2
3514	0	2
3515	0	7
3516	1	3
3517	0	1
3518	2	0
3519	0	4
3520	2	6
3521	0	3
3522	0	5
3523	1	3
3524	0	2
3525	1	2
3527	1	3
3528	0	3
3529	0	1
3530	1	2
3531	1	5
3532	1	3
3533	0	1
3534	0	2
3535	0	2
3536	0	5
3537	0	3
3538	1	0
3539	2	3
3540	1	2
3541	0	3
3542	1	5
3543	0	2
3544	0	2
3545	1	6
3546	0	4
3547	0	2
3548	1	4
3549	0	1
3550	0	5
3551	1	6
3552	1	4
3553	1	3
3554	1	3
3555	0	6
3556	0	1
3557	0	2
3558	0	5
3559	1	5
3560	0	4
3561	1	2
3562	0	2
3563	0	1
3564	0	2
3565	0	3
3566	1	5
3567	0	3
3568	0	2
3569	1	3
3570	0	4
3571	1	4
3572	0	2
3573	0	2
3574	1	1
3575	0	1
3576	1	4
3577	2	2
3578	1	4
3579	3	2
3580	1	0
3581	0	4
3582	1	3
3583	3	2
3584	1	4
3585	0	5
3586	2	3
3587	0	3
3588	1	3
3589	0	3
3591	0	4
3592	0	1
3593	0	3
3594	0	5
3595	1	0
3596	0	7
3597	1	3
3598	3	6
3599	0	3
3600	1	2
3601	1	2
3602	1	4
3603	0	1
3604	2	3
3605	1	2
3606	0	4
3607	1	3
3608	0	1
3609	1	2
3610	0	2
3611	0	3
3612	1	3
3613	0	2
3614	3	3
3615	1	4
3616	1	4
3617	0	2
3618	1	4
3620	1	6
3621	0	3
3622	0	3
3623	0	1
3624	0	2
3625	2	6
3626	2	3
3627	0	8
3628	2	5
3629	0	2
3630	0	1
3631	1	3
3632	1	0
3633	0	4
3634	0	4
3635	2	5
3636	2	2
3637	0	3
3638	1	2
3639	1	4
3640	0	2
3641	0	4
3642	0	2
3643	0	4
3644	0	1
3645	0	2
3647	0	3
3649	0	2
3650	2	3
3651	0	4
3652	2	0
3653	0	4
3654	2	2
3656	1	0
3657	0	1
3658	0	2
3659	0	3
3660	1	4
3661	0	6
3662	1	2
3663	1	3
3664	1	6
3665	2	5
3666	1	4
3667	1	2
3668	0	3
3669	1	0
3670	0	4
3671	1	3
3672	0	2
3673	1	1
3674	0	2
3675	2	4
3676	1	0
3677	0	2
3678	1	5
3679	0	2
3680	2	2
3681	0	3
3682	3	5
3683	1	3
3684	0	4
3685	2	2
3686	0	1
3687	1	3
3688	1	4
3689	1	1
3690	1	5
3691	0	5
3692	1	5
3693	0	2
3694	1	7
3695	0	2
3696	0	6
3697	0	4
3698	2	1
3699	1	5
3700	0	8
3701	3	4
3702	0	8
3703	1	4
3704	1	1
3705	0	4
3706	0	2
3707	0	6
3708	1	7
3709	0	1
3710	2	5
3711	0	3
3712	3	4
3713	0	2
3714	1	7
3715	2	2
3716	1	4
3717	0	3
3718	0	4
3719	0	4
3720	0	6
3721	1	3
3722	0	3
3723	2	3
3724	0	2
3725	1	1
3726	0	2
3727	0	2
3728	1	4
3729	2	3
3730	1	5
3731	0	2
3732	0	1
3733	0	5
3734	3	0
3735	0	7
3736	0	3
3737	0	2
3738	1	2
3739	0	4
3740	1	3
3741	0	1
3742	0	1
3743	0	3
3744	2	2
3745	0	2
3746	1	4
3747	1	2
3748	1	4
3749	0	3
3750	0	4
3751	0	3
3752	2	5
3753	1	3
3754	0	4
3756	0	3
3757	0	1
3758	1	4
3759	1	3
3760	4	3
3761	0	3
3762	0	3
3763	0	4
3764	1	6
3765	2	3
3766	1	7
3767	1	2
3768	1	5
3769	1	1
3770	2	6
3771	1	3
3772	0	5
3773	1	4
3774	0	4
3775	0	5
3776	0	6
3777	0	2
3778	0	3
3779	1	4
3780	0	3
3781	1	3
3782	0	3
3783	1	5
3784	1	5
3785	0	2
3786	0	8
3787	0	5
3788	2	4
3789	0	2
3790	0	2
3791	0	7
3792	0	3
3793	0	4
3794	0	5
3795	0	2
3796	4	3
3797	0	2
3798	1	3
3799	0	4
3800	2	3
3801	2	1
3802	0	2
3803	0	3
3804	0	9
3805	0	5
3806	0	3
3807	1	2
3808	0	4
3810	1	6
3811	0	3
3812	1	4
3813	0	3
3814	0	4
3815	0	2
3816	1	2
3817	0	2
3818	0	4
3819	2	1
3820	1	3
3821	0	2
3822	2	5
3823	0	5
3824	0	2
3825	4	7
3826	2	2
3827	0	1
3828	0	5
3829	0	2
3830	0	4
3831	0	3
3832	0	1
3833	2	8
3834	0	3
3835	0	5
3836	1	4
3837	0	2
3838	1	2
3839	1	1
3840	1	3
3841	0	1
3842	0	1
3843	2	3
3844	0	6
3845	1	2
3846	1	3
3847	1	9
3848	1	1
3849	0	2
3850	0	2
3851	0	1
3852	0	1
3853	0	2
3854	0	5
3855	1	4
3856	0	2
3857	1	7
3858	1	2
3859	1	3
3860	3	4
3861	0	4
3862	2	4
3863	1	5
3864	1	1
3865	0	3
3866	0	3
3867	0	4
3868	0	2
3869	1	2
3870	1	3
3871	3	4
3872	0	3
3873	0	4
3874	0	4
3875	1	2
3876	0	1
3878	1	2
3879	0	4
3880	0	2
3881	0	1
3882	1	3
3883	2	3
3884	0	2
3885	0	4
3886	1	3
3887	0	2
3888	1	1
3889	0	6
3890	0	1
3891	1	7
3892	1	5
3893	0	4
3894	0	1
3895	0	2
3896	1	4
3897	1	1
3898	1	4
3899	2	1
3900	0	4
3901	0	4
3902	0	3
3903	0	3
3904	1	1
3905	1	3
3906	1	2
3907	0	3
3908	0	5
3909	1	4
3910	1	3
3911	0	1
3912	3	3
3913	0	2
3914	0	4
3915	1	3
3916	0	3
3917	1	3
3918	1	4
3919	0	3
3920	0	3
3921	0	2
3922	2	7
3923	1	3
3924	0	7
3925	1	2
3926	1	2
3927	0	5
3928	0	3
3929	0	6
3930	0	3
3931	0	2
3932	0	5
3933	0	5
3934	1	5
3935	0	3
3936	2	4
3937	0	3
3938	0	3
3939	0	3
3940	1	0
3941	0	1
3942	1	3
3943	0	1
3944	1	1
3945	0	2
3946	1	1
3947	1	7
3948	1	2
3949	0	5
3950	1	3
3951	1	4
3952	1	2
3953	0	3
3954	2	6
3955	0	2
3956	0	4
3957	0	2
3958	0	2
3959	0	3
3960	1	7
3961	2	6
3962	1	3
3963	0	1
3964	0	5
3965	0	2
3966	1	3
3967	0	6
3968	3	0
3969	1	6
3970	0	4
3971	0	2
3972	0	3
3973	0	3
3975	0	1
3976	2	4
3977	0	1
3978	0	2
3979	0	6
3980	0	4
3981	0	3
3982	1	4
3983	2	1
3984	0	7
3985	1	2
3986	3	1
3987	0	3
3988	1	2
3989	1	3
3990	0	5
3991	0	2
3992	1	1
3994	0	3
3995	2	0
3996	0	5
3997	0	4
3998	1	5
3999	1	3
4000	1	2
4001	1	4
4002	1	3
4003	1	6
4004	1	3
4005	1	2
4006	0	2
4007	0	2
4008	1	2
4009	0	1
4010	1	5
4011	1	1
4012	2	2
4013	0	3
4014	1	3
4015	3	1
4016	2	6
4017	1	3
4018	1	1
4019	0	3
4020	0	3
4021	0	2
4022	2	1
4023	4	4
4024	0	3
4025	0	3
4026	1	5
4027	1	3
4028	0	2
4029	0	2
4030	0	4
4031	0	3
4032	0	2
4033	0	5
4034	0	4
4035	2	2
4036	0	2
4037	1	2
4038	3	3
4039	0	2
4040	0	1
4041	1	1
4042	3	6
4043	2	2
4044	1	5
4045	1	2
4046	0	3
4047	0	7
4048	0	1
4049	1	1
4050	2	7
4051	0	2
4052	0	3
4053	0	4
4054	1	5
4055	0	7
4056	1	3
4057	0	4
4058	1	4
4059	0	1
4060	2	2
4061	0	3
4062	1	4
4063	1	2
4064	1	1
4065	0	3
4066	0	3
4067	2	0
4068	3	2
4069	0	3
4070	0	2
4071	2	1
4072	1	2
4073	0	3
4074	1	2
4075	0	2
4077	0	4
4078	0	6
4079	1	2
4080	1	5
4081	0	5
4082	0	3
4083	0	3
4084	0	2
4085	1	4
4086	0	3
4087	1	8
4088	0	2
4089	0	6
4090	0	1
4091	0	1
4092	0	6
4093	0	2
4094	0	2
4095	0	4
4096	1	2
4097	0	1
4098	0	4
4099	0	3
4100	0	4
4101	1	9
4102	0	3
4103	2	2
4104	0	4
4105	0	3
4106	0	3
4107	1	3
4108	0	1
4109	0	6
4110	0	3
4111	1	3
4112	0	2
4113	1	3
4114	0	2
4115	1	4
4116	0	2
4117	0	3
4118	0	2
4119	1	1
4120	0	5
4121	0	2
4122	0	5
4123	0	5
4124	2	0
4125	0	3
4126	1	4
4127	0	3
4128	0	1
4130	2	0
4131	1	2
4133	0	1
4134	1	1
4135	0	2
4136	1	3
4137	1	4
4138	2	2
4139	1	5
4140	1	3
4141	0	5
4142	0	2
4143	0	1
4144	0	2
4145	1	3
4146	0	2
4147	1	4
4148	1	0
4149	4	3
4150	0	1
4152	1	2
4153	0	5
4155	0	1
4156	0	4
4157	0	1
4160	1	2
4161	1	1
4163	0	3
4164	0	4
4165	0	5
4166	0	3
4167	2	6
4168	1	4
4169	0	5
4170	1	3
4171	0	4
4172	0	6
4173	2	2
4174	0	2
4175	0	1
4176	0	3
4177	0	3
4178	0	2
4179	0	3
4180	2	4
4181	1	6
4182	0	1
4183	1	5
4184	1	4
4185	1	3
4186	0	3
4187	0	1
4188	4	6
4189	0	4
4190	1	3
4191	2	1
4192	0	7
4193	0	1
4195	1	6
4196	1	7
4197	1	2
4198	0	1
4199	1	5
4200	0	4
4201	0	5
4202	0	2
4203	0	4
4204	0	3
4205	1	7
4206	2	4
4207	1	3
4208	0	5
4209	0	3
4210	0	1
4211	2	2
4212	0	4
4213	2	2
4214	1	3
4215	0	4
4216	0	3
4217	0	2
4218	1	2
4219	0	6
4220	0	3
4221	0	3
4222	2	1
4223	1	2
4224	0	3
4226	0	2
4227	2	1
4228	0	1
4229	0	2
4231	4	2
4232	1	2
4233	0	3
4235	2	1
4236	0	1
4237	1	1
4238	1	2
4239	1	2
4240	0	2
4241	1	1
4243	0	4
4244	0	8
4245	0	2
4246	1	0
4247	1	2
4248	0	5
4249	0	1
4250	0	1
4251	3	2
4252	0	1
4253	4	4
4254	0	3
4255	1	1
4256	0	2
4257	0	3
4258	1	3
4259	1	1
4260	0	5
4261	1	4
4262	0	1
4263	1	2
4264	0	2
4265	0	4
4266	0	4
4267	1	6
4268	0	3
4269	0	2
4270	1	7
4271	1	5
4272	0	3
4273	0	1
4274	1	5
4275	0	1
4276	0	3
4277	1	4
4278	0	1
4279	1	5
4280	2	4
4281	0	6
4282	2	3
4283	0	2
4284	0	1
4285	1	2
4286	0	5
4287	0	4
4288	0	2
4289	3	6
4290	1	4
4291	3	5
4292	4	1
4293	2	2
4294	0	3
4295	1	2
4296	0	5
4297	1	4
4298	0	4
4299	0	4
4300	0	2
4301	1	5
4302	1	5
4303	0	2
4304	0	2
4305	0	2
4306	0	3
4307	0	5
4308	1	6
4309	0	5
4310	1	4
4311	1	3
4312	0	5
4313	1	0
4314	0	2
4315	0	2
4316	0	1
4317	1	2
4318	0	1
4319	0	1
4320	0	3
4321	1	3
4322	1	3
4323	0	3
4324	0	2
4325	0	3
4326	3	2
4328	1	2
4329	0	4
4330	0	1
4331	0	2
4332	0	2
4333	0	7
4334	1	3
4335	0	2
4336	2	2
4337	1	7
4338	1	4
4339	0	5
4341	0	2
4342	0	2
4343	2	2
4344	1	3
4345	0	1
4346	0	2
4347	1	2
4348	1	4
4349	0	1
4350	1	7
4351	0	7
4352	0	2
4353	1	2
4354	1	5
4355	2	7
4356	1	4
4357	0	5
4358	0	4
4359	1	2
4360	0	2
4361	1	5
4362	1	2
4363	0	2
4364	1	4
4365	0	4
4366	0	8
4367	0	2
4368	0	7
4369	1	1
4370	0	3
4371	1	2
4372	0	2
4373	1	2
4374	3	1
4375	3	1
4376	0	4
4378	0	1
4379	0	1
4380	1	2
4381	1	4
4382	2	5
4383	1	6
4384	0	4
4386	0	3
4387	2	5
4388	0	3
4389	0	4
4390	0	6
4391	1	4
4392	3	1
4393	1	2
4394	1	3
4395	0	4
4396	0	4
4397	0	2
4398	1	2
4399	2	1
4400	1	2
4401	1	3
4402	0	4
4403	1	1
4405	0	7
4406	0	3
4407	2	2
4408	0	1
4409	0	2
4410	1	1
4411	0	1
4412	0	3
4413	0	4
4414	1	4
4415	1	4
4416	0	2
4417	0	3
4418	1	3
4419	1	3
4420	0	1
4421	0	4
4422	0	4
4423	0	2
4425	1	2
4426	0	4
4427	0	3
4428	0	3
4429	0	5
4430	0	1
4431	0	1
4432	0	3
4433	0	3
4434	0	4
4435	0	2
4436	1	2
4437	0	3
4438	0	1
4439	3	3
4440	0	6
4441	2	0
4442	1	4
4443	0	4
4444	0	2
4445	1	3
4446	1	1
4447	0	3
4448	0	3
4449	0	3
4450	1	2
4451	2	1
4452	1	7
4453	0	2
4454	2	2
4455	0	4
4456	1	2
4457	0	2
4459	0	1
4460	1	4
4461	2	4
4462	0	1
4464	0	2
4465	1	4
4466	0	6
4467	0	3
4468	0	1
4469	1	4
4470	1	5
4471	0	2
4472	1	4
4473	0	1
4474	1	6
4475	0	4
4476	0	3
4477	1	3
4478	0	1
4480	0	2
4481	0	6
4482	0	3
4483	0	2
4484	0	2
4485	1	4
4486	1	2
4487	1	3
4488	0	3
4489	0	3
4490	1	3
4491	0	1
4492	0	5
4493	0	3
4494	2	4
4495	0	1
4496	1	4
4497	0	3
4498	1	7
4499	1	1
4500	0	4
4501	0	6
4502	0	4
4503	0	3
4504	0	1
4505	1	1
4506	0	2
4507	1	3
4508	3	4
4509	0	3
4510	0	5
4511	0	5
4512	0	4
4513	1	7
4514	1	9
4515	0	2
4516	0	2
4517	1	4
4518	0	3
4520	0	3
4521	0	5
4522	0	5
4523	0	6
4524	1	5
4525	0	4
4526	0	2
4527	0	2
4528	0	2
4529	3	5
4530	0	1
4531	0	5
4532	1	4
4533	0	3
4534	0	3
4535	0	3
4536	1	2
4537	0	2
4538	1	3
4539	1	4
4540	0	5
4541	0	4
4542	0	2
4543	1	8
4544	0	5
4545	0	1
4546	0	3
4547	0	1
4548	1	5
4549	2	3
4550	0	5
4551	2	0
4552	1	1
4553	0	3
4554	2	7
4555	0	2
4557	0	4
4558	0	4
4559	0	3
4560	0	3
4561	0	1
4562	0	1
4563	0	4
4564	0	2
4565	0	4
4566	2	5
4567	1	1
4568	0	5
4569	0	1
4570	0	2
4571	2	1
4572	2	2
4573	0	6
4574	1	6
4575	1	1
4576	0	3
4577	0	3
4578	1	2
4579	0	4
4580	0	5
4581	0	3
4582	0	3
4583	0	3
4584	0	5
4585	0	2
4586	0	6
4587	0	4
4588	1	8
4589	1	4
4590	1	5
4591	0	6
4592	0	2
4594	0	3
4595	1	3
4596	1	4
4597	0	5
4598	1	5
4599	0	1
4600	0	6
4601	0	3
4602	0	3
4603	0	4
4604	3	2
4605	0	3
4606	0	4
4607	0	4
4608	0	2
4609	0	4
4610	0	3
4611	0	8
4612	1	3
4613	0	4
4614	0	3
4615	1	3
4617	0	2
4618	1	2
4619	1	4
4620	0	2
4621	0	3
4622	1	5
4623	0	1
4624	0	8
4625	2	7
4626	0	6
4627	0	5
4628	0	3
4629	0	4
4630	0	4
4631	2	2
4632	1	8
4633	1	4
4634	0	6
4635	1	5
4636	2	3
4637	0	2
4638	0	3
4639	2	0
4640	2	2
4641	0	1
4642	1	5
4643	0	3
4644	1	4
4645	0	5
4646	0	3
4647	0	2
4648	0	3
4649	1	3
4650	0	5
4651	1	3
4652	0	5
4653	1	4
4654	0	4
4655	1	3
4656	0	1
4657	1	0
4658	1	1
4659	2	3
4660	1	4
4661	1	3
4662	3	1
4663	0	3
4664	1	1
4665	0	5
4666	1	2
4667	1	1
4668	1	4
4669	0	1
4670	0	2
4671	2	1
4672	3	3
4673	0	1
4674	0	1
4675	1	0
4676	0	3
4678	0	3
4679	1	2
4680	0	5
4681	0	4
4682	0	3
4684	0	1
4685	0	5
4686	1	0
4687	0	2
4688	1	6
4689	1	2
4690	0	2
4691	0	2
4692	0	3
4693	0	6
4694	0	5
4695	0	2
4696	0	2
4697	0	6
4698	0	3
4699	0	6
4700	0	2
4701	0	6
4702	0	4
4703	1	3
4704	0	3
4705	0	2
4706	0	1
4707	1	3
4708	0	4
4709	0	3
4710	0	4
4711	0	3
4712	0	2
4713	0	3
4714	0	3
4715	0	7
4716	1	4
4717	2	0
4718	0	2
4719	0	1
4720	0	3
4721	0	2
4722	0	5
4723	0	2
4724	2	4
4725	2	0
4726	1	5
4727	2	5
4728	1	1
4729	0	2
4731	1	0
4732	1	2
4733	0	1
4734	0	6
4735	0	3
4736	1	5
4737	0	4
4738	0	3
4739	1	7
4740	0	9
4741	0	5
4742	1	3
4743	1	3
4744	0	4
4745	0	6
4746	2	2
4747	2	4
4748	0	2
4749	0	3
4750	1	5
4751	0	3
4752	0	1
4753	2	4
4754	1	3
4755	0	5
4756	1	5
4757	1	1
4758	1	2
4759	1	7
4760	1	2
4761	0	2
4762	0	3
4763	0	3
4764	0	4
4765	2	3
4766	0	2
4767	0	5
4768	1	3
4769	1	7
4770	0	4
4771	1	5
4772	0	3
4773	1	5
4774	1	3
4775	0	2
4776	0	1
4777	0	4
4778	2	2
4779	0	2
4780	0	4
4781	2	3
4783	0	3
4784	1	4
4785	0	2
4786	0	5
4787	0	3
4788	1	2
4790	0	7
4791	0	5
4792	0	2
4793	0	5
4794	0	2
4795	2	2
4796	2	2
4797	1	4
4798	0	3
4799	0	6
4800	4	3
4801	2	3
4802	0	4
4803	1	1
4804	1	1
4805	0	2
4806	0	5
4807	0	3
4808	2	6
4809	1	1
4810	0	2
4811	0	1
4812	0	4
4813	0	3
4814	0	6
4815	1	5
4816	0	4
4817	1	3
4818	0	2
4819	0	1
4820	1	2
4821	1	3
4822	0	3
4823	1	2
4824	0	2
4825	1	1
4826	0	6
4827	0	3
4828	0	3
4829	1	4
4830	2	6
4831	1	4
4832	2	2
4833	0	3
4834	1	2
4835	1	6
4836	0	1
4837	1	1
4838	0	3
4839	0	5
4840	0	4
4841	0	2
4842	0	2
4843	0	3
4844	0	4
4845	2	2
4846	1	2
4847	0	2
4848	3	5
4849	0	1
4850	0	1
4851	2	3
4852	0	4
4853	0	4
4854	0	7
4855	0	3
4856	1	1
4857	0	2
4858	2	4
4859	1	1
4860	0	5
4861	0	3
4862	0	1
4863	1	3
4864	1	4
4865	0	3
4866	1	2
4867	1	2
4868	0	3
4869	2	2
4870	0	3
4871	0	2
4872	0	1
4873	1	1
4874	0	1
4875	0	3
4876	0	3
4877	1	2
4878	1	1
4879	0	1
4880	4	3
4881	0	2
4882	0	1
4883	2	1
4884	2	3
4885	0	4
4886	2	2
4887	1	1
4888	0	1
4889	2	2
4890	2	1
4891	0	1
4892	0	2
4893	0	4
4894	1	1
4895	0	4
4896	0	1
4897	0	2
4898	1	0
4899	3	1
4900	2	2
4901	1	1
4902	0	3
4903	0	3
4904	1	1
4905	2	2
4906	0	1
4907	3	1
4908	1	2
4909	0	2
4910	1	3
4911	1	2
4912	2	1
4913	0	6
4914	0	4
4915	0	4
4916	0	5
4917	0	1
4918	0	6
4919	0	1
4920	0	1
4922	1	0
4923	0	2
4924	1	6
4925	0	2
4926	1	3
4927	1	1
4928	1	1
4929	0	3
4930	1	2
4931	0	4
4932	1	1
4933	1	5
4934	1	5
4935	1	3
4936	0	1
4937	0	4
4938	0	8
4939	1	8
4940	0	1
4942	0	2
4943	1	7
4944	0	3
4945	0	4
4946	1	2
4947	1	0
4948	0	6
4949	2	2
4950	1	1
4951	1	2
4952	0	3
4953	0	4
4954	0	3
4955	0	4
4956	0	5
4957	2	3
4958	0	1
4959	0	5
4960	0	2
4961	1	4
4962	0	9
4963	0	4
4964	1	5
4965	1	5
4966	0	5
4967	0	2
4968	1	5
4969	0	5
4970	2	2
4971	4	1
4972	1	2
4973	1	10
4974	0	5
4975	0	6
4976	2	2
4977	0	4
4978	1	6
4979	1	3
4980	0	2
4981	0	2
4982	1	2
4983	1	2
4984	1	2
4985	0	1
4986	0	1
4987	1	3
4988	1	5
4989	0	4
4990	1	4
4991	1	4
4992	1	1
4993	1	2
4994	2	6
4995	0	1
4996	1	6
4997	1	1
4998	4	3
4999	1	1
5000	2	1
5001	2	2
5003	2	1
5004	0	3
5005	1	5
5007	0	3
5008	0	5
5009	0	2
5010	0	4
5011	2	3
5013	1	2
5014	0	1
5015	0	3
5016	0	3
5017	1	2
5018	0	1
5019	0	2
5020	3	3
5021	0	1
5022	0	2
5023	0	8
5025	0	3
5026	0	6
5027	1	1
5028	0	4
5029	1	0
5030	0	4
5031	1	0
5032	0	2
5033	2	0
5034	1	4
5035	0	3
5036	1	2
5037	0	1
5038	0	6
5039	2	1
5040	0	3
5041	1	3
5042	1	2
5043	0	5
5044	0	2
5045	0	5
5046	0	1
5047	0	2
5048	0	3
5049	0	5
5050	0	5
5051	0	3
5052	1	0
5053	2	6
5054	1	2
5055	1	4
5056	1	3
5057	0	2
5058	0	4
5059	1	2
5061	2	1
5062	0	1
5063	0	1
5064	0	4
5065	3	6
5066	2	0
5068	1	2
5069	0	3
5070	0	3
5071	0	3
5072	1	1
5073	0	1
5074	0	2
5075	2	3
5076	0	4
5077	1	1
5078	1	0
5079	0	3
5080	1	2
5081	0	2
5082	1	1
5083	1	1
5084	1	1
5085	2	2
5088	1	0
5089	0	3
5090	0	3
5091	1	3
5092	3	7
5093	1	7
5094	0	8
5095	0	1
5096	0	2
5097	1	2
5098	1	5
5099	0	5
5100	1	2
5101	0	2
5102	0	3
5103	0	1
5104	0	4
5105	1	5
5106	0	2
5107	0	2
5108	0	3
5109	1	3
5110	1	2
5111	1	9
5112	2	4
5113	1	3
5114	0	3
5116	0	2
5117	0	2
5118	2	2
5119	0	2
5120	0	1
5121	0	3
5122	0	5
5123	0	1
5124	1	1
5125	0	4
5126	0	2
5127	1	1
5128	1	3
5129	0	4
5130	1	0
5131	3	2
5132	0	2
5133	0	2
5134	0	1
5135	2	3
5136	0	1
5137	2	3
5138	1	2
5139	1	4
5140	0	3
5141	0	7
5142	0	2
5143	1	7
5144	1	4
5145	0	3
5146	1	2
5147	3	2
5148	2	1
5149	0	4
5150	1	6
5151	1	4
5152	1	4
5153	1	3
5154	0	4
5155	0	1
5156	1	4
5157	0	5
5158	0	3
5159	1	7
5160	0	3
5161	0	5
5162	0	3
5163	0	5
5164	0	5
5165	2	1
5166	0	4
5167	0	6
5168	0	4
5169	0	2
5170	1	2
5171	1	3
5172	0	6
5173	2	2
5174	0	1
5175	1	3
5176	1	7
5177	0	5
5178	3	2
5179	0	1
5180	0	2
5181	1	3
5182	0	1
5183	1	1
5184	1	1
5185	1	0
5186	1	5
5187	1	4
5188	0	2
5189	0	3
5190	0	4
5191	2	2
5192	1	4
5193	0	2
5194	0	4
5195	0	2
5196	1	3
5197	1	3
5198	2	5
5199	0	3
5200	0	7
5201	2	2
5202	0	1
5203	1	1
5204	0	4
5205	1	4
5206	0	4
5207	0	1
5208	2	3
5209	0	4
5210	1	1
5212	1	2
5213	2	0
5214	0	2
5215	2	5
5216	0	2
5217	5	1
5218	0	4
5219	1	0
5220	0	3
5221	0	5
5222	0	5
5223	0	5
5224	0	1
5225	0	3
5226	0	3
5227	1	2
5228	1	3
5229	2	6
5230	1	2
5231	1	3
5232	1	2
5233	1	3
5234	0	5
5235	0	5
5236	0	2
5237	1	2
5238	0	5
5240	0	1
5241	1	1
5242	0	8
5243	0	3
5244	2	3
5245	0	5
5246	3	5
5247	1	5
5249	0	2
5251	1	3
5252	1	4
5253	1	4
5254	1	0
5255	0	6
5256	0	3
5257	0	1
5258	1	4
5259	0	4
5260	0	5
5261	0	2
5262	1	1
5263	1	0
5264	1	4
5265	0	2
5266	0	6
5267	0	2
5268	1	4
5269	0	4
5270	0	3
5271	0	5
5272	2	4
5273	0	1
5274	0	3
5275	0	3
5276	1	2
5277	0	4
5278	0	1
5280	0	7
5281	1	7
5282	1	1
5283	0	3
5284	0	8
5285	1	6
5286	0	2
5288	1	1
5289	1	5
5290	0	1
5291	0	2
5292	0	2
5293	0	2
5294	0	1
5295	0	3
5296	2	3
5297	1	4
5298	0	4
5299	0	3
5300	0	2
5301	2	1
5302	0	4
5303	2	3
5304	0	3
5305	0	3
5306	0	4
5307	0	1
5308	1	2
5309	0	3
5310	0	2
5311	0	4
5312	3	3
5313	1	4
5314	1	2
5315	0	1
5316	1	1
5317	0	2
5318	0	3
5319	1	4
5320	1	3
5321	1	4
5324	0	4
5325	1	4
5326	0	1
5327	0	2
5328	1	4
5329	2	4
5330	0	4
5331	1	5
5332	0	2
5333	2	2
5334	0	4
5335	0	3
5336	0	3
5337	1	0
5338	1	5
5339	0	1
5340	0	1
5341	3	0
5342	0	2
5343	0	6
5344	0	4
5345	1	3
5346	0	1
5347	3	3
5348	0	5
5349	0	3
5350	1	0
5351	0	2
5352	0	1
5353	1	2
5354	0	2
5355	0	5
5356	0	3
5357	1	3
5359	2	4
5360	0	4
5361	0	3
5362	0	2
5363	0	4
5364	0	4
5365	1	2
5366	0	4
5367	0	4
5368	0	5
5369	0	3
5370	0	2
5371	1	1
5372	0	1
5373	0	11
5374	1	4
5375	0	4
5376	2	2
5377	1	5
5378	1	5
5379	2	4
5380	0	3
5381	0	4
5382	0	6
5383	0	3
5384	0	3
5385	0	3
5386	0	4
5387	2	3
5388	1	4
5389	0	1
5390	0	3
5391	1	2
5392	0	2
5393	2	1
5394	1	2
5395	1	1
5396	0	6
5397	0	3
5398	1	3
5399	1	2
5400	2	2
5401	0	1
5402	1	2
5403	0	4
5404	0	3
5405	0	2
5406	2	1
5407	0	1
5408	0	1
5409	2	2
5413	0	4
5415	1	1
5416	0	2
5418	0	1
5419	0	3
5420	1	5
5421	1	1
5422	0	3
5423	2	6
5424	0	7
5425	0	8
5426	0	5
5427	1	1
5428	1	3
5429	0	2
5430	2	3
5431	0	6
5432	0	2
5433	2	4
5434	0	1
5435	2	3
5436	1	1
5437	2	3
5438	1	5
5439	0	4
5440	0	5
5441	0	1
5442	0	1
5443	1	4
5444	1	0
5445	0	4
5446	0	5
5447	2	4
5448	0	3
5449	0	5
5450	1	2
5451	0	5
5452	0	1
5453	0	2
5454	2	2
5455	1	2
5456	0	1
5457	0	2
5458	0	5
5459	0	5
5460	1	1
5461	0	2
5462	0	2
5463	0	3
5464	0	5
5465	2	0
5466	0	3
5467	0	2
5468	1	3
5469	1	3
5470	3	2
5471	4	2
5472	1	3
5473	1	2
5474	0	2
5475	0	1
5476	2	5
5477	2	3
5478	0	3
5479	1	3
5480	0	3
5481	0	5
5482	1	5
5483	0	3
5484	1	2
5485	0	7
5486	1	6
5487	1	2
5488	0	2
5489	0	3
5490	0	4
5491	1	3
5492	1	2
5493	0	4
5494	0	1
5495	0	3
5496	1	3
5497	0	4
5498	0	4
5499	0	2
5500	0	2
5501	0	4
5502	1	7
5503	0	2
5504	1	4
5505	0	2
5506	2	6
5507	2	3
5508	2	6
5509	0	3
5510	0	2
5511	1	0
5512	0	3
5513	0	4
5514	0	6
5515	1	3
5516	0	3
5517	0	2
5518	0	1
5519	0	2
5520	1	2
5522	1	4
5523	1	2
5524	0	1
5525	2	2
5526	2	2
5527	0	5
5528	1	3
5529	1	3
5530	2	2
5531	0	6
5532	2	2
5533	1	3
5534	1	2
5535	2	1
5536	0	2
5537	0	4
5538	0	3
5539	0	7
5540	0	3
5541	1	2
5542	2	2
5543	0	2
5544	0	4
5545	1	3
5546	1	3
5547	0	2
5548	1	2
5549	1	4
5550	0	2
5551	0	7
5552	1	5
5553	0	6
5554	0	5
5555	1	4
5556	1	4
5557	0	5
5558	0	5
5559	2	6
5560	0	5
5561	0	2
5562	0	5
5563	0	2
5564	2	5
5565	0	5
5566	0	1
5567	2	4
5568	0	1
5569	0	2
5570	0	1
5571	0	2
5572	0	3
5573	0	3
5574	0	2
5575	0	7
5576	0	5
5577	0	3
5578	1	3
5579	0	3
5580	0	4
5581	0	1
5582	0	5
5583	0	6
5584	0	4
5585	0	5
5586	1	2
5587	2	4
5588	0	5
5589	0	3
5590	0	3
5591	0	2
5592	1	4
5593	1	1
5594	0	4
5595	0	1
5596	0	3
5597	1	2
5598	0	8
5599	0	2
5600	0	3
5601	0	5
5602	1	5
5603	0	4
5604	0	5
5605	1	4
5606	0	1
5607	0	1
5608	0	3
5609	2	4
5610	0	6
5611	0	5
5612	0	7
5613	0	5
5614	0	2
5615	0	1
5616	1	2
5617	0	5
5618	1	3
5619	0	2
5620	0	4
5621	1	3
5622	0	2
5623	2	6
5624	0	1
5625	1	4
5626	0	4
5627	0	5
5628	0	3
5629	2	4
5630	0	3
5631	0	4
5632	0	4
5633	0	3
5634	0	1
5635	0	2
5636	0	2
5637	0	4
5638	0	4
5639	0	4
5640	0	2
5641	0	4
5642	0	2
5643	0	2
5644	3	4
5645	1	2
5646	1	4
5647	1	7
5648	0	3
5649	1	2
5650	1	3
5651	0	2
5653	1	2
5654	1	2
5655	1	3
5656	0	3
5657	1	3
5658	0	5
5659	0	3
5660	2	3
5661	0	4
5662	1	1
5663	0	1
5664	0	1
5665	0	4
5666	1	2
5667	0	3
5668	0	4
5669	0	6
5670	2	2
5671	1	1
5672	0	7
5673	0	5
5674	0	1
5675	0	2
5676	0	3
5677	0	5
5678	1	3
5679	2	7
5680	0	1
5681	0	4
5682	0	7
5683	1	3
5684	2	2
5685	0	2
5686	0	5
5687	3	1
5688	0	2
5689	0	10
5690	1	2
5691	2	4
5692	0	3
5693	0	5
5694	1	6
5695	0	3
5696	0	3
5697	2	2
5698	1	2
5699	0	3
5700	1	7
5701	2	3
5702	0	3
5703	0	2
5704	0	1
5705	1	3
5706	1	1
5707	0	2
5708	0	4
5709	0	5
5710	1	0
5711	1	1
5712	0	7
5713	1	0
5714	1	8
5715	0	8
5716	0	5
5717	1	5
5718	0	6
5719	3	3
5720	0	1
5721	0	3
5722	0	2
5723	0	1
5724	0	3
5725	0	5
5726	1	7
5727	0	2
5728	0	4
5729	2	6
5730	2	3
5731	0	2
5732	0	5
5733	0	2
5734	1	4
5735	0	2
5737	0	4
5738	0	6
5739	2	3
5740	0	2
5741	0	4
5742	1	3
5743	2	1
5744	0	3
5745	1	1
5746	0	1
5747	0	3
5748	0	1
5749	1	1
5750	1	0
5751	2	5
5753	0	1
5754	1	5
5755	1	4
5756	0	5
5757	0	5
5758	0	2
5759	0	1
5760	0	2
5761	1	3
5762	0	1
5763	0	1
5764	0	4
5765	1	6
5766	0	4
5767	1	2
5768	0	2
5769	1	3
5770	1	4
5771	0	3
5772	2	0
5773	1	3
5774	0	5
5775	1	6
5776	0	1
5777	0	4
5778	0	3
5779	0	3
5780	0	4
5781	1	3
5782	0	5
5783	0	2
5784	1	3
5785	1	2
5786	0	2
5788	0	1
5789	0	4
5790	0	2
5791	1	2
5792	2	2
5793	0	3
5794	1	0
5795	1	2
5796	0	1
5797	0	3
5798	0	3
5799	0	5
5800	0	2
5801	0	7
5802	1	3
5803	1	3
5804	1	2
5805	0	3
5806	0	3
5807	0	3
5808	0	1
5809	0	4
5810	1	2
5811	0	4
5812	0	6
5813	1	3
5814	0	4
5815	1	3
5816	1	3
5817	0	3
5818	0	6
5819	0	3
5820	1	2
5821	1	3
5822	1	2
5823	0	1
5824	0	2
5825	0	3
5826	0	1
5827	0	3
5828	0	3
5829	0	1
5830	0	1
5831	0	2
5832	1	2
5833	2	4
5834	0	6
5835	0	2
5836	0	4
5837	1	3
5838	0	4
5839	0	4
5840	0	1
5841	3	2
5842	1	4
5843	2	0
5844	1	3
5845	0	4
5846	0	3
5847	1	3
5848	3	3
5849	1	4
5850	1	6
5851	0	6
5852	0	1
5853	2	4
5854	1	1
5855	0	2
5856	0	2
5857	1	2
5858	0	8
5859	0	2
5860	0	5
5861	2	5
5862	0	1
5863	1	2
5864	1	0
5865	1	2
5866	0	2
5867	0	3
5868	0	4
5869	0	7
5870	0	5
5871	0	2
5872	0	1
5873	0	3
5874	0	3
5875	1	6
5876	0	7
5877	1	2
5878	2	0
5879	2	4
5880	0	2
5881	0	7
5882	0	4
5883	1	2
5884	0	2
5885	1	3
5886	1	3
5887	0	6
5888	0	2
5889	0	6
5890	0	2
5891	0	4
5892	0	4
5893	2	6
5895	1	4
5897	0	5
5898	1	0
5899	0	4
5900	3	6
5901	1	5
5902	0	2
5903	1	3
5904	0	4
5905	3	2
5906	1	3
5907	1	2
5908	1	4
5910	1	2
5911	2	2
5912	2	4
5913	2	3
5914	1	3
5915	1	1
5916	0	2
5917	0	6
5918	0	4
5919	0	4
5920	2	7
5921	1	2
5922	1	5
5923	2	6
5924	0	3
5925	0	2
5927	1	7
5928	0	4
5929	0	2
5930	0	6
5931	1	5
5932	0	3
5933	0	3
5934	0	4
5935	0	3
5936	1	2
5937	0	2
5938	3	2
5939	0	3
5940	0	1
5941	0	1
5942	2	1
5943	0	1
5944	4	2
5945	2	6
5946	1	0
5947	2	1
5948	0	7
5949	0	2
5950	1	2
5951	0	1
5952	0	2
5953	0	1
5954	1	4
5955	0	3
5956	0	1
5957	1	7
5958	0	9
5959	0	3
5960	0	4
5961	0	3
5962	0	2
5963	0	6
5964	1	2
5965	0	1
5966	2	6
5969	0	2
5970	0	1
5971	1	3
5972	0	1
5973	0	2
5974	1	0
5975	2	2
5977	0	4
5978	0	2
5979	1	1
5980	0	7
5981	2	1
5982	0	1
5983	1	1
5984	0	8
5986	0	1
5987	0	2
5988	0	5
5989	1	3
5990	0	3
5991	1	0
5992	2	2
5993	1	2
5994	0	3
5995	1	0
5996	1	2
5998	0	4
5999	0	2
6000	0	1
6001	1	4
6002	1	1
6003	0	6
6004	0	4
6005	1	6
6006	0	3
6007	1	1
6008	0	2
6009	3	2
6010	0	1
6011	0	3
6012	2	2
6013	0	2
6014	3	2
6015	3	3
6016	4	4
6017	1	2
6018	0	2
6019	2	4
6020	0	5
6021	1	4
6022	2	0
6023	0	4
6024	0	3
6025	0	3
6026	0	4
6027	0	5
6028	0	5
6029	0	6
6030	2	3
6031	1	2
6032	0	1
6033	0	4
6034	4	5
6036	1	8
6037	1	3
6038	1	2
6039	0	2
6040	0	3
6041	2	2
6042	0	3
6043	0	2
6044	1	2
6045	0	1
6046	0	3
6047	0	1
6048	2	2
6049	0	2
6050	0	6
6051	1	3
6052	1	1
6053	1	3
6054	0	4
6055	1	1
6056	0	2
6057	0	4
6058	0	5
6059	0	2
6060	0	1
6061	1	3
6062	1	5
6063	1	2
6064	0	2
6065	0	3
6066	2	4
6067	0	4
6068	3	1
6069	0	4
6070	0	6
6071	0	5
6072	1	2
6073	2	5
6074	1	5
6075	2	3
6076	1	3
6077	1	1
6078	1	5
6079	1	2
6080	0	2
6081	0	3
6082	1	3
6083	1	1
6084	0	1
6085	1	3
6086	0	3
6087	1	0
6088	1	1
6089	0	4
6090	1	2
6091	0	4
6092	1	1
6093	0	1
6094	0	4
6095	2	1
6096	1	1
6097	0	3
6098	0	3
6099	1	4
6100	0	1
6101	1	5
6102	2	2
6103	1	4
6104	0	3
6105	2	4
6106	3	6
6107	1	2
6108	1	0
6109	2	3
6110	0	2
6111	0	5
6112	0	3
6113	0	5
6114	1	2
6115	1	1
6116	0	3
6117	0	4
6118	1	2
6119	1	3
6120	2	3
6121	0	9
6122	1	2
6123	0	8
6124	0	6
6125	2	1
6126	0	3
6127	0	2
6128	0	5
6129	2	4
6130	0	2
6131	1	1
6132	1	4
6133	1	4
6134	0	5
6135	0	3
6136	1	2
6137	0	3
6138	2	7
6139	0	1
6140	1	1
6141	1	4
6142	0	5
6144	0	3
6145	0	4
6146	0	2
6147	1	4
6148	1	1
6149	1	3
6150	2	4
6151	1	4
6152	0	2
6153	2	4
6154	0	4
6155	0	6
6156	0	2
6157	0	2
6158	0	3
6159	1	6
6160	2	1
6161	0	5
6162	0	1
6163	1	6
6164	0	4
6165	1	6
6166	1	2
6167	0	5
6168	0	5
6169	1	9
6170	0	1
6171	0	1
6172	2	4
6173	0	2
6175	1	5
6176	0	4
6177	0	3
6178	1	3
6179	0	3
6180	0	4
6181	0	6
6182	1	3
6183	0	6
6184	0	6
6185	1	3
6186	1	6
6187	0	3
6188	0	6
6189	1	5
6190	1	3
6191	0	6
6192	1	5
6193	1	1
6194	0	5
6195	0	5
6196	4	4
6197	1	5
6198	0	1
6199	4	0
6200	2	4
6201	2	4
6202	0	1
6203	2	5
6204	2	4
6205	4	4
6206	0	1
6207	0	3
6208	1	1
6209	0	1
6210	2	4
6211	0	2
6212	0	1
6213	1	2
6214	2	3
6215	0	3
6216	0	5
6217	1	8
6218	0	5
6219	2	5
6220	0	4
6221	0	3
6222	0	2
6223	0	5
6224	0	8
6225	2	2
6226	2	1
6227	1	3
6228	3	1
6229	1	5
6230	0	4
6231	0	3
6232	1	4
6233	2	4
6234	0	4
6235	0	5
6236	2	4
6237	1	2
6238	1	3
6239	4	4
6240	0	3
6241	3	3
6242	2	2
6243	1	1
6244	1	3
6245	1	2
6246	0	6
6247	0	5
6248	0	4
6249	0	2
6250	0	2
6251	1	7
6252	0	5
6253	0	4
6254	0	1
6255	0	5
6256	0	4
6257	1	3
6258	0	6
6259	0	2
6260	0	3
6261	0	4
6263	1	3
6264	0	2
6266	0	3
6267	2	2
6268	1	1
6269	0	1
6270	0	3
6271	0	2
6272	0	3
6273	1	0
6274	1	0
6275	0	2
6276	0	2
6277	1	3
6278	1	0
6279	1	1
6280	0	1
6282	0	3
6283	1	0
6284	1	3
6287	1	1
6289	0	1
6291	0	2
6293	0	1
6294	2	1
6295	0	2
6296	0	1
6297	0	3
6298	2	0
6300	1	1
6301	1	1
6302	0	1
6303	0	2
6304	0	2
6305	1	1
6306	2	2
6307	2	3
6308	2	1
6309	1	1
6310	1	1
6311	0	2
6312	2	0
6313	0	2
6314	1	2
6315	0	3
6316	0	1
6317	0	1
6318	0	1
6320	3	0
6321	2	1
6322	0	1
6323	0	1
6324	0	1
6326	0	1
6327	0	1
6328	0	1
6329	0	1
6330	1	0
6331	0	2
6332	1	0
6333	0	1
6334	1	0
6335	1	1
6336	1	0
6338	1	0
6339	2	3
6340	1	1
6341	1	0
6342	1	0
6343	1	2
6344	0	1
6345	1	1
6346	1	1
6347	0	5
6348	2	2
6349	0	2
6350	0	1
6351	0	1
6352	0	4
6353	1	2
6354	2	1
6358	1	0
6359	1	0
6360	1	2
6361	0	2
6362	1	3
6364	1	2
6365	2	2
6366	1	3
6367	1	2
6368	0	1
6369	1	1
6370	0	1
6371	2	2
6372	2	0
6373	1	4
6374	0	3
6375	0	3
6376	0	1
6377	0	1
6379	1	0
6381	0	1
6384	1	0
6386	0	1
6387	0	2
6388	1	2
6389	1	0
6390	1	0
6391	0	1
6392	0	2
6393	2	1
6394	1	3
6395	2	1
6396	0	1
6397	0	1
6398	1	1
6399	0	3
6400	1	0
6402	1	1
6403	0	6
6404	0	2
6405	1	1
6406	2	2
6407	0	3
6408	1	2
6409	0	4
6410	1	4
6411	0	6
6412	0	2
6414	0	3
6415	0	4
6416	1	2
6417	1	3
6418	0	8
6419	0	7
6421	1	6
6422	0	1
6423	1	4
6424	0	3
6426	0	3
6427	1	6
6428	0	4
6429	0	2
6430	1	2
6431	0	1
6432	1	3
6433	0	4
6434	0	1
6435	0	4
6436	0	2
6437	1	4
6438	1	5
6439	0	1
6440	1	3
6441	0	2
6442	0	4
6443	1	3
6444	0	2
6445	0	3
6446	0	3
6447	1	1
6448	2	3
6449	0	7
6450	1	3
6451	0	2
6452	1	3
6453	6	3
6455	1	3
6456	0	5
6457	0	3
6458	1	3
6459	1	6
6460	0	1
6461	2	3
6462	1	3
6463	0	5
6464	0	4
6465	0	1
6466	0	2
6467	1	2
6468	0	2
6469	0	2
6470	0	3
6471	0	7
6472	1	5
6473	0	1
6474	1	1
6475	1	4
6476	0	3
6477	1	1
6478	1	3
6479	0	1
6480	0	1
6481	0	4
6482	0	3
6483	0	4
6484	0	2
6485	0	5
6486	2	5
6487	0	9
6488	1	3
6489	0	2
6490	1	2
6491	0	2
6492	1	3
6493	1	4
6494	1	3
6495	0	5
6496	0	5
6497	0	1
6498	1	4
6499	3	6
6500	0	1
6501	1	5
6502	0	6
6503	0	1
6504	1	2
6505	1	3
6506	0	5
6507	0	1
6508	0	2
6509	2	5
6510	0	6
6511	0	4
6512	0	4
6513	0	5
6514	0	4
6515	1	3
6516	0	5
6517	2	1
6518	0	1
6519	2	4
6520	2	0
6521	0	1
6522	0	4
6523	1	2
6524	1	1
6525	0	2
6526	3	2
6527	0	1
6528	0	1
6529	0	1
6530	0	6
6531	0	2
6533	0	2
6534	1	1
6535	1	4
6538	0	3
6539	3	3
6540	1	4
6541	2	5
6542	1	7
6543	1	2
6544	2	1
6545	1	6
6546	0	2
6547	1	2
6548	2	5
6549	1	4
6550	3	2
6551	2	4
6552	1	2
6553	1	3
6554	0	4
6555	1	6
6556	1	2
6557	0	1
6558	2	1
6559	0	3
6560	0	1
6561	2	1
6562	0	1
6563	0	3
6564	0	6
6565	0	2
6566	0	3
6567	1	1
6568	0	3
6569	0	5
6570	0	3
6571	0	4
6572	1	5
6573	0	3
6574	0	1
6575	0	1
6576	0	4
6577	0	2
6578	1	3
6579	0	3
6580	1	3
6581	0	4
6582	0	4
6583	0	5
6584	0	2
6585	0	3
6586	0	2
6587	1	3
6588	0	2
6589	1	3
6590	0	5
6591	1	4
6592	1	5
6593	1	1
6594	0	4
6595	2	0
6596	0	4
6597	1	6
6598	0	4
6600	0	7
6601	0	3
6602	0	4
6603	0	4
6604	0	2
6605	0	1
6606	0	3
6607	2	2
6608	0	6
6610	3	4
6611	0	4
6612	1	2
6613	1	2
6614	0	4
6616	0	5
6617	2	7
6618	2	1
6619	1	4
6620	1	2
6621	1	3
6622	0	2
6623	0	4
6624	0	4
6625	0	3
6626	1	2
6627	0	2
6628	2	3
6629	3	1
6630	0	1
6631	1	3
6632	0	3
6633	2	7
6634	3	2
6635	1	1
6636	1	2
6637	2	1
6638	0	3
6639	2	2
6640	2	4
6641	1	5
6642	0	2
6643	1	4
6644	0	4
6645	0	3
6646	0	3
6647	0	2
6648	0	3
6649	3	6
6650	2	4
6651	1	6
6652	1	4
6653	0	2
6654	0	8
6655	0	4
6656	0	1
6657	1	5
6658	1	3
6659	0	1
6660	1	5
6661	0	4
6662	1	4
6663	3	3
6664	0	5
6665	1	3
6666	0	5
6667	0	3
6668	1	5
6669	0	3
6670	0	4
6671	0	2
6672	1	2
6673	0	4
6674	0	4
6675	0	5
6676	1	4
6677	1	6
6678	0	4
6679	0	4
6680	0	6
6681	1	2
6682	0	1
6683	0	4
6684	2	2
6685	0	1
6686	1	2
6687	0	2
6688	1	2
6689	0	3
6690	0	7
6691	0	3
6692	0	1
6693	1	3
6694	3	2
6695	0	5
6696	2	7
6697	1	6
6698	0	2
6699	0	8
6700	1	5
6701	0	4
6702	1	2
6703	0	3
6704	1	4
6705	0	6
6706	1	9
6707	1	1
6708	0	2
6709	1	4
6710	1	6
6711	2	1
6712	2	6
6713	0	5
6714	0	1
6715	0	4
6716	2	1
6717	0	3
6718	1	1
6719	0	1
6720	0	1
6721	0	1
6722	1	3
6723	0	4
6724	1	3
6725	0	4
6726	0	1
6727	0	4
6728	0	5
6729	0	1
6730	1	7
6731	0	3
6732	0	4
6733	1	0
6734	0	1
6735	0	4
6736	0	6
6737	1	2
6738	1	3
6739	0	1
6740	0	4
6741	0	4
6742	1	1
6743	2	2
6744	0	7
6745	0	5
6746	0	3
6747	2	9
6748	1	5
6749	1	4
6750	0	3
6751	1	3
6752	0	1
6753	2	1
6754	1	2
6755	1	2
6756	2	5
6757	2	3
6758	0	1
6759	2	1
6760	0	3
6761	0	3
6762	0	3
6763	1	3
6764	0	2
6765	0	5
6766	1	5
6767	1	0
6768	2	3
6769	0	1
6770	2	2
6771	3	3
6772	0	3
6773	1	3
6774	0	1
6775	0	4
6776	0	3
6777	1	2
6778	1	3
6779	0	7
6780	1	3
6781	1	2
6782	0	3
6783	0	2
6784	0	2
6785	0	4
6786	0	4
6787	0	2
6788	0	3
6789	0	2
6790	0	2
6791	0	2
6792	0	1
6793	1	3
6794	0	3
6795	1	1
6796	1	3
6797	0	1
6798	0	5
6799	1	7
6800	0	6
6801	1	4
6802	0	2
6803	1	6
6804	1	2
6805	1	2
6807	2	6
6808	0	3
6809	0	4
6810	2	4
6811	0	4
6812	0	2
6813	0	3
6814	1	0
6815	0	2
6816	3	3
6818	0	5
6820	0	6
6821	1	1
6822	2	3
6823	2	0
6825	2	3
6826	1	5
6827	1	2
6828	0	1
6829	0	4
6830	2	2
6831	0	1
6832	0	1
6833	0	2
6835	0	4
6836	1	2
6838	0	4
6839	0	1
6840	0	1
6841	0	4
6842	0	2
6843	1	2
6844	0	2
6845	0	2
6846	1	2
6847	0	2
6848	1	5
6849	1	1
6850	1	4
6851	0	4
6852	0	5
6853	0	3
6854	0	2
6855	1	3
6856	0	2
6857	0	2
6858	0	4
6859	0	2
6860	2	1
6861	0	4
6862	1	1
6863	0	5
6864	0	1
6865	0	4
6866	1	0
6867	1	2
6868	0	2
6869	0	3
6870	1	3
6871	0	2
6872	0	5
6873	0	2
6874	2	2
6875	2	2
6876	0	5
6877	1	3
6879	2	9
6880	0	2
6881	1	6
6882	1	4
6883	1	2
6884	1	1
6885	1	4
6886	0	4
6887	0	4
6889	0	3
6890	0	4
6891	0	3
6892	0	7
6893	0	4
6894	0	4
6895	0	5
6896	0	2
6897	1	1
6898	0	1
6899	0	1
6900	0	1
6901	1	1
6902	1	2
6903	3	5
6904	2	5
6905	1	0
6906	0	3
6907	0	3
6908	0	1
6909	0	1
6910	0	5
6911	1	3
6912	1	3
6913	0	2
6914	1	1
6915	0	1
6916	1	1
6917	0	4
6918	2	3
6919	0	2
6920	3	0
6921	0	3
6922	0	1
6923	0	6
6924	1	3
6925	2	3
6926	0	3
6927	0	3
6928	0	2
6929	0	2
6930	1	6
6931	1	2
6932	1	4
6934	0	6
6935	0	5
6936	1	6
6937	1	1
6938	0	3
6939	1	5
6940	0	1
6941	0	3
6942	0	5
6943	0	3
6944	0	2
6945	0	5
6946	2	4
6947	2	1
6948	1	4
6949	1	1
6950	0	3
6951	0	2
6952	0	3
6953	2	4
6955	0	1
6956	0	3
6957	0	2
6958	1	5
6959	0	4
6961	0	7
6962	1	1
6963	0	6
6964	4	4
6965	0	2
6966	0	1
6967	0	4
6968	0	3
6969	0	6
6970	1	1
6971	1	1
6972	1	3
6973	0	1
6974	5	4
6975	2	3
6976	0	3
6977	2	2
6979	1	0
6980	1	1
6981	1	2
6982	4	2
6983	0	1
6984	0	4
6986	0	2
6987	0	3
6988	1	3
6990	0	1
6991	0	1
6992	1	4
6993	0	2
6994	1	2
6995	1	2
6996	0	5
6997	2	0
6998	0	1
6999	1	2
7000	0	2
7001	0	2
7002	0	1
7003	0	3
7004	0	5
7005	1	0
7006	1	2
7007	1	2
7008	0	2
7009	1	2
7010	0	2
7011	3	2
7012	1	1
7013	2	2
7014	0	3
7015	0	2
7016	1	1
7017	3	3
7018	1	6
7019	0	3
7020	0	2
7021	0	1
7022	0	2
7023	0	2
7024	0	2
7025	0	3
7027	2	3
7028	1	3
7029	0	2
7030	0	7
7031	3	1
7032	0	2
7033	1	9
7034	1	6
7035	0	1
7036	0	4
7037	2	5
7038	1	1
7039	1	1
7040	1	1
7042	0	5
7043	0	4
7044	1	6
7045	0	7
7046	0	1
7047	0	1
7048	0	1
7049	0	5
7050	0	1
7051	0	5
7052	0	5
7053	1	4
7054	0	3
7055	0	5
7056	1	2
7057	2	3
7058	0	6
7059	0	5
7060	1	2
7061	2	2
7062	1	0
7063	1	4
7064	0	1
7065	1	6
7066	0	5
7067	0	4
7068	0	3
7069	1	5
7070	0	2
7071	1	5
7072	0	8
7073	1	1
7074	0	5
7075	1	5
7076	0	4
7077	0	3
7078	1	3
7079	1	2
7080	1	1
7081	0	4
7082	1	3
7083	0	8
7084	0	2
7085	0	3
7086	1	3
7087	0	2
7088	0	2
7089	1	4
7090	0	2
7091	1	4
7092	0	5
7093	2	2
7094	1	2
7095	0	7
7096	1	6
7097	0	2
7098	0	2
7100	0	6
7101	0	4
7102	0	1
7103	0	1
7104	1	2
7105	0	2
7106	0	1
7107	1	1
7108	1	1
7109	2	1
7111	2	7
7112	3	3
7113	5	6
7114	0	2
7115	1	4
7116	0	7
7117	0	3
7118	0	1
7119	0	8
7120	1	2
7121	0	2
7122	1	4
7123	0	4
7124	1	4
7125	0	4
7126	1	2
7127	0	3
7128	1	4
7129	0	4
7130	0	3
7131	1	2
7132	0	4
7133	0	6
7134	0	3
7135	0	7
7136	3	5
7137	0	4
7138	1	3
7139	1	5
7140	0	4
7141	0	2
7142	0	4
7143	0	3
7144	0	3
7145	0	4
7146	2	4
7147	1	3
7148	0	3
7149	0	5
7150	0	2
7151	0	1
7152	0	3
7153	1	2
7154	0	6
7155	0	3
7156	2	3
7157	1	3
7158	0	3
7159	0	4
7160	0	2
7161	0	5
7162	0	3
7163	0	3
7164	1	2
7165	1	1
7166	1	2
7167	0	2
7168	0	2
7169	2	4
7170	0	2
7171	0	2
7172	2	2
7173	0	2
7174	0	2
7175	1	3
7176	2	3
7177	0	4
7178	2	5
7179	0	4
7180	3	6
7181	0	5
7182	1	5
7183	0	2
7184	2	4
7185	1	2
7186	2	5
7187	0	4
7188	0	2
7189	1	4
7190	2	6
7191	1	4
7192	0	2
7193	2	1
7194	1	2
7195	1	8
7196	1	3
7197	0	3
7198	0	3
7199	0	5
7200	0	5
7201	0	3
7202	0	6
7203	1	3
7204	1	1
7205	0	1
7206	0	3
7207	0	1
7208	0	4
7209	0	2
7210	0	3
7211	1	5
7212	0	4
7213	0	2
7214	2	7
7215	1	5
7216	0	2
7217	2	4
7218	0	4
7219	1	2
7220	1	5
7221	0	3
7222	0	5
7223	0	4
7224	0	9
7225	2	3
7226	0	4
7227	0	3
7228	1	3
7229	1	4
7230	1	7
7231	0	1
7232	2	6
7233	1	4
7234	1	2
7235	0	1
7236	0	4
7237	0	3
7238	1	4
7239	1	4
7240	2	2
7241	0	2
7242	3	5
7243	5	4
7244	0	4
7245	1	6
7246	2	2
7247	0	3
7248	0	1
7249	4	3
7250	0	2
7251	0	4
7252	1	4
7253	1	5
7254	2	1
7255	0	3
7256	0	6
7257	0	3
7258	0	7
7259	1	3
7260	0	4
7261	2	3
7262	1	1
7263	0	1
7264	0	2
7265	1	7
7266	0	6
7267	1	4
7268	0	4
7269	1	2
7270	0	3
7271	0	7
7272	0	3
7273	1	4
7274	0	1
7275	0	2
7276	0	3
7277	0	4
7278	0	2
7279	0	2
7280	1	4
7281	0	6
7282	0	4
7283	0	3
7284	0	6
7285	0	4
7286	1	2
7287	0	7
7288	1	4
7289	1	2
7290	0	2
7291	0	4
7292	2	1
7293	0	4
7294	1	1
7295	0	3
7296	4	4
7297	2	2
7298	0	4
7299	0	4
7300	1	1
7301	0	3
7302	0	4
7303	1	4
7304	1	3
7305	0	2
7306	1	1
7307	1	6
7308	0	3
7309	0	4
7310	2	6
7311	2	2
7312	1	4
7313	1	5
7314	1	6
7315	0	2
7316	0	4
7317	0	4
7318	0	1
7319	1	2
7320	0	2
7322	1	2
7323	0	2
7324	0	2
7325	1	3
7326	1	7
7327	0	4
7328	2	2
7329	0	3
7330	0	2
7331	1	4
7332	1	3
7333	1	6
7334	0	1
7335	0	1
7336	2	2
7337	0	2
7338	1	2
7339	1	3
7340	0	4
7341	2	4
7342	2	1
7343	0	1
7344	1	3
7345	0	4
7346	1	2
7347	0	2
7348	1	2
7349	0	6
7350	1	3
7351	1	8
7352	0	2
7354	0	6
7355	0	5
7356	1	0
7357	0	4
7358	0	1
7359	3	1
7360	0	2
7361	0	3
7362	1	2
7364	0	2
7365	0	4
7366	2	7
7367	1	4
7368	0	5
7369	0	3
7371	0	2
7372	1	4
7373	1	8
7375	0	4
7376	2	0
7377	0	2
7378	1	3
7379	0	3
7380	2	1
7381	0	5
7382	0	1
7383	0	2
7384	1	5
7385	2	3
7386	1	4
7387	0	6
7388	0	11
7389	0	4
7390	0	7
7391	0	4
7392	0	2
7393	1	6
7394	0	4
7395	0	2
7396	1	4
7397	0	5
7398	3	2
7399	1	6
7400	2	9
7401	1	1
7402	0	3
7403	0	5
7404	0	3
7405	1	4
7406	0	2
7407	1	3
7409	1	5
7410	0	4
7411	1	6
7412	0	6
7413	1	4
7414	2	4
7415	0	3
7416	0	2
7417	1	3
7418	0	4
7419	0	1
7420	0	7
7421	1	5
7422	0	4
7423	3	2
7424	0	4
7425	1	1
7426	0	2
7427	1	1
7428	0	6
7429	0	2
7430	0	6
7431	0	5
7432	1	3
7433	0	4
7434	1	3
7435	2	5
7436	0	1
7437	2	4
7438	3	3
7439	0	2
7440	2	1
7441	0	5
7442	1	6
7443	0	3
7444	0	2
7445	0	5
7446	0	2
7447	1	2
7448	0	3
7449	0	3
7450	0	3
7451	0	1
7452	0	4
7453	0	3
7454	1	4
7455	1	2
7456	3	3
7457	0	1
7458	1	1
7459	0	3
7460	1	5
7461	1	2
7462	1	5
7463	1	2
7464	0	3
7465	0	1
7466	0	11
7467	2	1
7468	1	7
7469	0	1
7470	0	2
7471	1	2
7472	0	3
7473	1	1
7474	0	9
7475	0	2
7476	1	3
7477	0	5
7478	1	3
7479	1	1
7480	0	4
7481	1	2
7482	0	3
7483	0	2
7484	0	2
7485	1	8
7486	0	4
7487	0	10
7488	0	3
7489	2	5
7490	1	6
7491	1	4
7492	1	0
7493	0	3
7494	1	1
7495	1	2
7496	2	2
7497	0	4
7498	1	5
7499	1	2
7500	0	3
7501	1	4
7502	0	2
7503	0	2
7504	1	3
7505	0	8
7506	0	2
7507	0	4
7508	0	3
7509	2	1
7510	0	1
7511	0	1
7512	1	2
7514	0	1
7515	2	2
7516	0	4
7517	1	2
7518	0	2
7519	0	3
7520	0	2
7521	2	5
7522	1	3
7523	2	6
7524	2	2
7525	0	2
7526	0	4
7527	1	2
7528	0	3
7529	1	4
7530	0	3
7531	0	3
7532	0	6
7533	0	4
7534	0	3
7535	0	4
7536	3	3
7537	1	4
7538	1	1
7539	1	6
7540	0	3
7541	0	2
7542	0	2
7543	1	3
7544	0	5
7545	0	5
7546	1	4
7547	2	2
7548	1	3
7549	0	5
7550	1	5
7551	1	4
7552	0	6
7553	2	8
7554	1	4
7555	0	5
7556	3	5
7557	0	4
7558	0	2
7559	3	2
7560	0	5
7561	1	1
7562	0	9
7563	1	5
7564	1	3
7565	1	3
7566	0	6
7567	1	4
7568	0	3
7569	2	3
7570	0	4
7571	1	2
7572	0	3
7573	1	3
7574	0	2
7575	0	3
7576	0	5
7577	1	2
7578	0	3
7579	2	4
7580	1	4
7581	0	6
7582	0	1
7583	1	1
7584	1	3
7585	0	3
7586	1	1
7587	3	4
7588	2	6
7589	0	4
7590	0	3
7591	2	8
7592	0	3
7593	1	6
7594	0	6
7595	0	7
7596	1	5
7597	0	2
7599	0	1
7600	1	1
7601	0	7
7602	0	4
7603	0	2
7604	0	3
7605	0	2
7606	0	2
7607	1	6
7608	1	7
7609	0	3
7610	0	7
7611	1	3
7612	2	3
7613	0	4
7614	1	1
7615	2	3
7616	0	2
7617	1	2
7618	0	3
7619	1	2
7620	1	2
7621	0	1
7622	0	3
7623	0	2
7624	0	4
7625	0	1
7627	2	1
7628	0	5
7629	0	2
7630	0	3
7631	0	5
7632	2	4
7633	2	2
7634	1	1
7635	0	3
7636	0	4
7637	0	6
7638	1	0
7639	0	1
7640	1	4
7641	2	1
7642	1	3
7643	0	1
7644	1	1
7645	1	4
7646	0	3
7647	1	5
7648	0	4
7649	0	3
7651	0	6
7652	0	4
7653	1	1
7654	0	7
7655	0	5
7656	0	6
7657	0	1
7658	1	1
7659	0	4
7660	0	4
7661	3	5
7662	1	2
7663	1	3
7664	2	3
7665	0	2
7666	1	5
7667	1	4
7668	2	11
7669	0	4
7670	0	3
7671	0	5
7672	0	4
7673	1	2
7674	1	5
7675	0	3
7676	1	1
7677	1	3
7678	0	4
7679	1	7
7680	0	6
7681	0	3
7682	0	2
7683	0	3
7684	0	3
7685	0	2
7686	0	3
7687	0	3
7688	1	4
7689	1	4
7690	0	8
7691	0	2
7692	0	6
7693	2	4
7694	1	5
7695	0	4
7696	0	5
7697	1	4
7698	0	7
7699	0	4
7700	0	8
7701	0	5
7702	0	2
7703	0	5
7704	0	2
7705	1	5
7706	0	2
7707	0	4
7708	0	7
7709	1	2
7710	1	3
7711	1	4
7712	1	4
7713	0	1
7714	2	3
7715	0	2
7716	0	1
7717	1	5
7718	0	1
7720	2	2
7721	1	1
7722	0	3
7723	0	5
7724	1	6
7725	0	5
7726	1	2
7727	0	1
7728	2	0
7729	0	4
7730	0	3
7731	0	8
7732	0	5
7733	0	3
7734	0	6
7735	0	5
7736	0	4
7737	1	1
7738	1	1
7739	0	2
7740	2	2
7741	0	4
7742	0	2
7743	1	0
7744	0	1
7745	0	3
7746	0	1
7747	0	4
7748	1	8
7749	3	2
7750	0	2
7751	0	2
7752	0	6
7753	0	7
7754	1	4
7755	0	2
7756	1	1
7757	3	3
7758	0	2
7759	0	4
7760	0	3
7761	1	2
7762	0	1
7763	0	4
7764	0	4
7765	0	4
7766	1	5
7767	2	3
7768	1	4
7769	0	1
7770	0	4
7771	0	4
7772	1	3
7773	1	2
7774	0	2
7775	0	1
7776	1	2
7777	1	2
7778	1	2
7779	0	1
7780	2	6
7781	0	5
7782	0	2
7783	0	2
7784	0	3
7785	0	4
7786	2	2
7787	0	1
7788	0	3
7789	2	0
7790	0	3
7791	0	4
7792	0	3
7793	0	2
7794	0	3
7795	0	6
7796	0	4
7797	0	4
7798	2	2
7799	0	2
7800	0	1
7801	1	3
7802	1	7
7803	1	2
7804	1	5
7805	0	5
7806	1	1
7807	0	5
7808	0	7
7809	1	4
7810	0	1
7811	0	2
7812	0	4
7813	1	4
7814	2	3
7815	1	3
7816	0	1
7818	0	9
7819	0	8
7820	1	7
7821	1	7
7822	1	1
7823	1	3
7824	0	4
7825	0	5
7826	0	3
7827	2	4
7828	0	3
7829	0	4
7830	0	4
7831	0	4
7832	0	4
7833	1	2
7834	0	4
7835	0	7
7836	0	2
7837	1	2
7838	0	3
7839	0	4
7840	0	7
7841	0	5
7842	0	2
7843	0	6
7844	0	4
7845	0	1
7846	0	5
7847	0	2
7848	0	8
7849	3	2
7850	0	4
7851	1	4
7852	0	2
7853	0	6
7854	0	6
7855	1	1
7856	1	2
7857	0	4
7858	0	2
7859	0	2
7860	0	1
7861	1	2
7862	1	2
7863	0	3
7864	0	3
7865	0	1
7866	0	3
7867	3	2
7869	0	2
7870	0	5
7871	2	0
7872	0	2
7873	0	1
7874	1	1
7875	0	4
7876	0	2
7877	0	1
7878	1	4
7880	0	4
7881	0	5
7882	1	6
7883	0	3
7884	0	1
7885	0	3
7886	0	3
7887	0	4
7888	0	2
7889	1	4
7890	1	1
7891	1	3
7892	1	1
7893	0	4
7894	0	2
7895	1	4
7896	2	2
7897	1	3
7898	2	3
7899	0	5
7900	2	6
7901	0	4
7902	1	2
7903	0	6
7904	0	2
7905	0	2
7906	0	4
7907	1	3
7908	0	2
7909	0	2
7910	0	4
7911	0	4
7912	1	5
7913	0	5
7914	0	5
7915	1	3
7916	0	4
7917	2	0
7920	1	3
7921	1	4
7922	0	5
7923	2	3
7924	0	4
7925	1	3
7926	0	4
7927	0	2
7928	1	5
7929	0	1
7930	1	5
7931	1	3
7932	0	3
7933	1	5
7934	0	8
7935	0	7
7936	1	4
7937	0	1
7938	1	0
7939	1	5
7940	2	3
7941	0	1
7942	2	3
7943	0	4
7944	0	2
7945	0	5
7946	0	1
7947	0	3
7948	1	4
7949	0	2
7950	0	7
7951	1	3
7952	1	1
7953	0	2
7954	0	6
7955	1	5
7956	2	3
7957	0	2
7958	0	4
7959	0	3
7960	1	6
7961	1	2
7962	0	5
7963	3	0
7964	2	1
7965	0	3
7966	1	4
7967	0	1
7968	1	1
7969	4	2
7970	1	2
7972	0	2
7973	1	3
7974	1	2
7975	0	3
7976	0	2
7977	0	1
7978	1	3
7979	0	1
7980	2	5
7981	4	4
7982	0	2
7983	0	1
7984	1	0
7985	1	1
7986	0	7
7987	1	3
7990	1	0
7991	1	3
7992	0	6
7993	1	1
7994	0	9
7995	1	5
7996	0	5
7997	0	2
7998	2	3
7999	1	4
8001	1	3
8002	0	5
8003	1	1
8004	0	3
8005	1	4
8006	0	5
8007	0	5
8008	1	5
8009	0	2
8010	0	1
8011	1	2
8012	1	1
8013	0	6
8014	0	3
8015	0	2
8016	0	1
8017	1	2
8018	0	1
8019	1	2
8020	1	5
8021	0	4
8022	0	3
8023	1	2
8024	1	5
8025	0	1
8026	0	2
8027	1	8
8028	1	7
8029	1	2
8030	2	5
8031	0	3
8032	0	2
8033	0	3
8034	0	4
8035	0	1
8036	1	2
8037	0	4
8038	1	3
8039	0	4
8040	0	1
8041	1	3
8043	0	2
8044	1	4
8045	0	6
8046	0	5
8047	0	5
8048	0	1
8049	1	4
8050	1	7
8051	0	3
8052	0	1
8053	0	3
8054	0	1
8055	1	5
8056	2	4
8057	1	1
8058	1	4
8059	2	4
8060	1	3
8061	0	1
8062	1	1
8063	0	3
8064	0	6
8065	0	5
8066	0	3
8067	1	2
8068	0	5
8069	1	1
8070	0	2
8071	0	4
8072	1	1
8073	1	3
8074	0	9
8075	0	3
8076	2	4
8077	1	1
8078	0	4
8079	0	1
8080	0	4
8081	0	7
8082	0	2
8083	0	1
8084	0	4
8085	0	3
8086	1	5
8087	0	7
8088	1	2
8089	0	3
8091	0	2
8092	1	3
8094	0	3
8095	3	1
8096	1	3
8098	1	2
8099	1	3
8100	1	2
8101	0	5
8102	0	2
8103	0	3
8104	0	5
8105	0	5
8106	1	1
8107	1	1
8108	1	5
8109	1	4
8110	1	5
8111	0	1
8112	1	7
8113	0	3
8114	0	2
8115	0	3
8116	0	3
8117	1	6
8118	0	1
8119	0	1
8120	1	2
8121	0	4
8122	0	1
8123	0	4
8124	1	1
8125	3	4
8126	0	3
8127	1	2
8128	1	2
8129	2	0
8130	0	1
8131	0	2
8133	0	4
8134	0	3
8135	1	6
8136	0	2
8137	0	1
8138	0	7
8139	0	4
8140	1	2
8141	0	2
8142	2	6
8143	0	2
8144	1	3
8146	1	1
8147	2	0
8148	0	1
8149	1	5
8150	0	5
8151	0	3
8152	0	4
8153	1	5
8154	1	5
8155	4	2
8156	2	2
8157	2	4
8158	1	3
8159	1	1
8160	0	5
8161	0	5
8162	1	1
8163	0	2
8164	0	3
8165	0	2
8167	0	1
8168	0	2
8169	1	6
8170	0	5
8171	1	3
8172	2	1
8173	0	5
8174	0	3
8175	0	3
8176	0	2
8177	0	3
8178	0	7
8179	1	3
8181	0	2
8182	0	1
8183	0	7
8184	0	5
8185	1	8
8186	1	2
8187	2	3
8188	0	5
8189	0	4
8190	0	2
8192	0	6
8193	0	1
8194	0	7
8195	0	2
8196	0	3
8197	0	1
8198	0	4
8199	0	4
8200	0	1
8201	2	3
8202	0	5
8203	0	6
8204	0	5
8205	1	0
8206	0	4
8207	1	4
8208	0	4
8209	0	3
8210	1	5
8211	1	4
8212	0	2
8213	0	2
8214	0	4
8215	2	3
8216	1	1
8217	0	4
8218	0	4
8219	0	3
8220	0	2
8221	0	1
8223	1	2
8224	1	2
8225	1	3
8226	0	3
8227	0	4
8228	0	2
8229	1	0
8230	0	1
8231	1	4
8232	0	5
8233	0	3
8234	0	3
8235	0	5
8236	0	4
8237	0	4
8238	0	3
8239	0	6
8240	0	1
8241	0	4
8242	0	1
8243	0	6
8244	0	3
8245	0	3
8246	0	3
8247	0	5
8248	0	7
8249	0	4
8250	0	2
8251	0	2
8252	1	3
8253	2	0
8254	0	2
8255	1	3
8256	0	2
8257	0	2
8258	1	4
8259	1	1
8260	0	1
8261	2	1
8262	1	1
8263	0	1
8264	1	3
8265	0	4
8266	0	2
8267	1	6
8268	0	4
8269	0	2
8270	1	3
8271	0	3
8272	2	3
8273	0	5
8274	1	3
8275	1	2
8276	1	3
8277	2	1
8278	0	2
8279	1	1
8280	2	1
8281	0	6
8282	2	1
8283	1	2
8284	0	5
8285	1	0
8286	1	1
8287	0	3
8288	0	3
8289	1	2
8290	0	6
8291	0	2
8292	2	1
8293	0	6
8294	0	3
8295	0	2
8296	0	1
8297	1	0
8298	0	8
8299	0	8
8300	0	1
8301	0	2
8302	0	4
8303	1	4
8304	6	1
8305	11	3
8306	0	4
8307	0	1
8308	1	6
8309	1	6
8310	0	3
8311	0	5
8312	0	2
8313	0	2
8314	2	6
8315	1	1
8316	0	2
8317	0	2
8318	1	2
8319	1	4
8320	0	3
8321	1	6
8322	0	1
8323	0	1
8324	0	2
8325	0	2
8326	0	3
8327	1	2
8328	1	4
8329	1	4
8330	0	4
8331	0	1
8332	0	4
8333	1	3
8334	0	3
8335	0	4
8336	0	2
8337	1	3
8338	1	4
8340	2	5
8341	0	5
8342	0	4
8343	1	2
8344	0	3
8345	1	3
8346	1	0
8347	0	1
8348	0	1
8349	1	4
8350	0	4
8351	0	5
8353	1	8
8354	0	2
8355	0	2
8357	0	2
8358	0	3
8359	2	3
8360	1	3
8361	1	2
8362	0	1
8363	0	5
8364	2	3
8365	1	4
8366	0	2
8367	1	4
8368	0	1
8369	0	3
8370	1	4
8371	0	1
8372	2	5
8373	1	3
8374	0	4
8375	0	5
8376	0	3
8377	0	4
8378	1	3
8379	0	3
8380	0	2
8381	1	1
8382	2	2
8383	2	1
8385	0	5
8386	1	2
8387	3	2
8388	0	2
8390	0	2
8391	3	2
8392	2	0
8393	0	2
8394	1	1
8395	0	5
8396	0	1
8397	1	3
8398	0	4
8399	0	1
8400	3	0
8401	0	1
8402	2	3
8403	2	4
8404	2	3
8405	0	3
8406	2	4
8407	2	1
8408	1	4
8409	0	1
8410	0	1
8411	0	3
8412	0	4
8413	3	5
8414	1	2
8415	1	4
8416	1	3
8417	2	4
8418	0	2
8419	0	3
8420	0	5
8421	1	1
8422	2	1
8423	1	2
8424	1	5
8425	2	2
8426	1	1
8427	2	4
8428	3	2
8429	2	2
8430	2	0
8431	0	1
8432	0	3
8434	0	1
8435	0	1
8437	1	2
8438	0	4
8439	1	2
8440	2	0
8441	4	0
8442	0	3
8443	0	6
8444	1	2
8445	0	3
8446	0	2
8447	0	5
8448	0	2
8449	0	4
8450	1	3
8451	1	2
8452	0	1
8453	0	4
8454	1	4
8456	1	4
8457	1	5
8458	1	1
8459	0	5
8460	0	1
8461	0	6
8462	0	5
8463	1	3
8464	0	4
8465	0	2
8466	1	2
8467	0	9
8468	1	6
8469	1	4
8470	0	4
8471	1	5
8473	1	2
8474	0	3
8475	0	2
8476	0	2
8477	0	4
8478	0	5
8479	2	4
8480	0	3
8481	1	1
8482	0	2
8483	1	5
8484	1	3
8485	0	3
8486	2	5
8487	1	2
8488	2	4
8489	0	4
8490	2	1
8491	1	2
8492	2	3
8493	1	4
8494	0	6
8495	0	3
8496	0	4
8497	1	5
8498	2	3
8499	0	1
8501	2	2
8502	1	5
8503	0	2
8504	0	4
8505	0	2
8506	2	1
8507	0	6
8508	3	2
8509	2	4
8510	1	3
8511	1	2
8512	0	2
8513	0	4
8514	0	3
8515	1	5
8516	0	3
8517	1	5
8518	1	3
8519	0	4
8520	1	3
8521	0	3
8522	0	5
8523	0	1
8524	2	3
8525	1	2
8526	0	4
8527	1	3
8528	1	0
8529	0	6
8530	0	1
8531	1	5
8532	1	3
8533	0	2
8534	1	5
8535	1	2
8536	0	3
8537	1	3
8538	1	5
8539	0	2
8540	0	3
8541	0	7
8542	1	2
8544	0	2
8545	1	1
8546	0	2
8547	0	3
8548	1	8
8550	1	1
8551	1	3
8552	1	3
8553	0	2
8554	0	6
8555	0	8
8556	0	4
8557	1	4
8558	1	1
8559	0	1
8560	1	4
8561	0	2
8562	0	1
8563	0	5
8564	0	1
8566	0	2