1	1	8
2	2	3
3	2	7
4	1	10
5	0	4
6	0	6
7	1	9
8	0	8
9	1	4
10	1	5
11	1	2
12	0	5
13	1	4
14	0	7
15	2	2
16	4	2
17	0	2
18	1	1
19	1	1
20	2	4
21	0	1
22	0	1
23	0	2
24	0	3
25	0	1
26	2	6
27	4	3
28	0	4
29	2	3
30	6	1
31	2	2
32	2	3
33	0	7
34	0	7
35	0	7
36	0	4
37	0	9
38	2	4
39	1	4
40	5	1
41	0	1
42	0	4
43	1	2
44	1	0
45	5	1
46	1	4
47	4	4
48	3	1
49	1	3
50	2	5
51	0	4
52	2	5
53	1	6
54	2	4
55	1	3
56	3	3
57	3	3
58	2	5
59	1	7
60	0	5
61	1	3
62	0	4
63	2	5
64	1	5
65	4	6
66	1	5
67	1	2
68	1	6
69	0	2
70	0	5
71	0	5
72	1	1
73	3	6
74	0	7
75	1	5
76	1	5
77	0	3
78	2	4
79	2	4
80	0	3
81	0	4
82	0	1
83	0	6
84	0	7
85	0	4
86	0	6
87	0	4
88	1	3
89	1	4
90	2	8
91	1	3
92	0	1
93	1	6
94	2	6
95	0	5
96	0	3
97	0	5
98	1	5
99	0	7
100	0	6
101	1	6
102	2	4
103	0	7
104	2	5
105	1	5
106	1	7
107	1	3
108	2	3
109	3	3
110	1	2
111	1	4
112	0	3
113	1	5
114	4	5
115	3	4
116	1	3
117	4	0
118	1	1
119	0	2
120	3	1
122	1	5
123	0	6
124	2	2
125	1	5
126	0	4
127	2	3
128	3	4
129	3	1
130	0	1
131	1	0
132	2	4
133	3	5
134	2	1
135	0	2
137	4	4
138	1	4
139	0	3
140	0	14
141	1	2
142	1	6
143	2	9
144	0	5
145	0	6
146	0	7
147	0	6
148	0	9
149	0	3
150	1	3
151	0	11
152	0	8
153	0	3
154	0	3
155	0	4
156	1	4
157	2	3
158	1	4
159	0	2
160	1	11
161	0	4
162	0	5
163	1	4
164	1	7
165	3	2
167	0	2
168	0	3
169	2	5
170	3	5
171	1	7
172	2	3
173	0	2
174	1	0
175	2	1
176	0	1
177	2	1
178	0	4
179	3	2
180	4	2
181	3	4
182	7	6
183	0	1
184	1	1
185	4	5
186	0	5
187	1	3
188	1	0
190	1	3
191	3	1
192	2	2
193	1	4
194	4	6
195	0	1
196	4	6
197	1	6
198	0	2
199	0	8
200	3	7
201	0	3
202	2	5
203	0	3
204	1	13
205	0	7
206	1	10
207	2	12
208	2	8
209	1	6
210	2	3
211	3	5
212	0	4
213	0	5
214	0	7
215	0	4
216	3	0
217	5	5
218	2	14
219	1	15
220	4	3
221	2	2
222	4	3
223	0	8
224	1	2
225	0	7
226	0	5
227	1	4
228	1	6
229	1	5
230	2	2
231	1	6
232	0	3
233	0	7
234	1	6
235	3	10
236	1	4
237	2	4
238	0	11
239	0	7
240	0	2
241	1	4
242	0	4
243	1	5
244	0	2
245	2	4
246	2	7
247	5	1
248	6	4
249	1	3
250	0	1
251	1	3
252	0	5
253	0	4
254	1	5
255	1	0
256	2	7
257	1	2
258	0	8
259	0	5
260	0	4
261	0	9
262	0	4
263	1	5
264	4	3
265	3	11
266	2	7
267	0	6
268	0	6
269	0	8
270	0	9
271	0	4
272	1	6
273	1	4
274	0	10
275	1	11
276	0	7
277	0	14
278	1	6
279	1	4
280	0	1
281	0	6
282	5	4
283	2	5
284	4	6
285	0	7
286	0	6
287	0	4
288	0	4
289	1	6
290	0	5
291	3	4
292	3	5
293	0	1
294	0	4
295	1	3
296	0	2
297	0	4
298	0	3
299	1	8
300	1	7
301	0	3
302	0	4
303	1	5
304	0	3
305	0	2
307	1	3
308	0	5
310	1	6
311	0	2
312	1	0
313	0	1
316	0	3
317	1	4
318	0	5
319	1	2
320	1	3
321	0	8
322	2	6
323	1	3
324	0	4
325	0	13
326	0	2
327	1	10
328	2	4
330	0	8
331	0	7
332	0	8
333	0	2
334	0	5
335	0	5
336	0	10
337	0	8
338	0	6
339	0	4
340	1	4
341	1	4
342	2	7
343	1	2
344	0	3
345	0	3
346	1	3
347	1	4
348	0	1
349	3	2
350	1	7
351	1	0
352	1	3
353	1	2
354	0	7
355	1	12
356	1	3
357	0	4
358	1	9
359	1	10
360	0	2
361	0	1
362	1	4
363	0	5
364	0	8
365	0	8
366	0	3
367	1	4
368	0	3
369	0	6
370	1	4
371	0	6
372	1	3
373	1	4
374	2	2
375	0	5
376	2	2
377	1	2
378	1	0
379	2	4
380	2	0
381	3	1
382	3	1
383	1	1
384	0	3
385	0	1
387	2	7
389	0	5
390	3	6
391	0	4
392	3	7
393	0	6
394	1	6
395	1	3
396	1	8
397	2	8
398	2	0
399	1	3
400	2	1
401	2	3
402	0	3
403	2	1
404	1	5
405	0	4
406	1	1
407	2	2
408	4	1
409	1	1
410	3	2
411	1	4
412	0	2
413	2	1
414	1	4
415	0	4
416	0	6
417	0	8
418	1	6
419	1	1
420	1	4
421	0	2
422	0	5
423	0	7
424	1	2
425	1	5
426	1	3
427	1	2
428	3	2
429	1	8
430	1	5
431	0	10
432	3	5
433	1	7
434	2	9
435	3	5
436	1	3
437	6	2
438	0	6
439	1	5
440	0	1
441	1	3
442	3	7
443	1	5
444	1	6
445	0	8
446	0	3
447	1	5
448	1	8
449	0	3
450	3	5
451	0	4
452	0	4
453	1	6
454	0	6
455	0	2
456	0	6
457	0	4
458	0	6
459	2	4
460	1	5
461	1	2
462	2	1
463	7	2
464	0	4
465	0	3
466	0	2
467	0	4
468	0	1
469	0	3
470	1	3
471	0	4
472	1	7
473	2	1
474	1	7
475	3	8
476	2	3
477	3	3
478	1	2
479	0	7
480	3	3
481	0	4
482	0	11
483	1	6
484	1	3
485	0	2
486	1	4
487	0	9
488	0	8
489	0	6
490	1	1
491	0	2
492	1	9
493	2	1
494	0	6
495	1	6
496	1	7
497	1	7
498	0	7
499	1	6
500	1	8
501	1	3
502	0	5
503	0	3
504	0	2
505	0	6
506	0	6
507	0	5
508	0	7
509	1	5
510	0	4
511	1	6
512	7	5
513	1	2
514	3	3
515	4	3
516	2	5
517	3	2
518	1	2
519	4	7
520	5	3
521	1	6
522	1	9
523	2	4
524	0	7
525	0	2
526	1	1
527	6	4
528	2	2
529	1	5
530	0	7
531	1	2
532	0	3
533	1	3
534	0	5
535	2	11
536	0	1
537	2	2
538	1	1
539	0	3
540	0	3
541	1	5
542	0	3
543	1	5
544	0	5
545	0	1
546	0	6
547	1	4
548	0	6
549	2	5
550	3	3
551	1	5
552	1	5
553	2	17
554	1	9
555	1	7
556	0	10
557	1	13
558	0	3
559	0	8
560	4	4
561	2	4
562	1	6
563	0	9
564	1	11
565	0	8
566	1	8
567	1	11
568	2	8
569	0	5
570	1	12
571	1	3
572	0	11
573	1	7
574	2	12
575	0	5
576	0	5
577	0	3
578	0	8
579	0	5
580	0	9
581	0	10
582	1	13
583	1	10
584	2	10
585	0	12
586	1	9
587	0	4
588	0	8
589	2	0
590	2	4
591	0	8
592	1	2
593	1	3
594	3	4
595	2	3
596	2	4
597	2	3
598	4	2
599	2	4
600	0	2
601	0	3
602	0	4
603	4	0
604	3	3
605	5	4
606	0	6
607	1	5
608	2	8
609	2	4
610	5	8
611	1	2
612	0	2
613	1	1
614	0	4
615	1	0
616	0	6
617	0	4
618	3	5
619	1	1
620	2	3
621	0	4
622	1	2
623	0	2
624	0	4
625	1	9
626	0	5
627	2	4
628	0	4
629	0	4
630	1	8
631	0	9
632	0	3
633	0	2
634	0	5
635	1	4
636	5	3
637	2	4
638	1	5
639	0	5
640	0	6
641	2	7
642	0	2
643	0	5
644	0	1
645	1	3
646	0	1
647	0	2
648	2	3
649	0	4
650	2	5
651	0	9
652	2	4
653	0	4
654	2	7
655	1	5
656	1	4
657	0	7
658	0	6
659	1	3
660	0	7
661	0	4
662	0	4
663	4	9
664	0	6
665	0	3
666	1	3
667	1	4
668	1	6
669	0	8
670	1	7
671	2	11
672	0	10
673	0	8
674	0	3
675	0	10
676	2	10
677	0	6
678	0	6
679	0	7
680	0	8
681	0	4
682	1	8
683	2	8
684	0	10
685	2	3
686	1	3
687	4	2
688	2	1
689	4	0
690	3	2
691	0	4
692	2	3
693	4	3
694	5	5
695	1	5
696	0	4
697	0	2
698	0	7
699	1	6
700	0	6
701	1	5
702	0	6
703	1	7
704	0	5
705	0	1
706	2	2
707	3	4
708	0	5
709	3	4
710	5	2
711	2	3
712	0	10
713	1	2
714	5	5
715	4	2
716	5	4
717	3	2
718	1	1
719	1	4
720	1	3
721	2	4
722	1	2
723	4	2
724	2	4
725	5	4
726	0	9
727	1	5
728	1	1
729	1	6
730	0	5
731	1	10
732	1	7
733	2	7
734	1	10
735	1	5
736	0	6
737	0	7
738	1	5
739	0	1
740	3	7
741	0	6
742	0	3
743	1	6
744	1	2
745	0	4
746	5	4
747	0	2
748	2	5
749	3	5
750	0	5
751	0	4
752	1	4
753	1	3
754	4	7
755	2	5
756	2	3
757	0	8
758	0	4
759	0	3
760	1	3
761	5	2
762	3	4
763	1	3
764	2	3
765	1	7
766	0	6
767	0	6
768	0	8
769	1	6
770	2	2
771	0	3
772	0	1
773	0	2
774	0	5
775	5	5
776	3	9
777	0	4
778	2	6
779	0	5
780	0	2
781	0	6
782	0	7
783	0	1
784	2	10
785	0	5
786	2	8
787	0	7
788	1	10
789	2	8
790	0	6
791	0	4
792	1	6
793	0	5
794	4	7
795	1	3
796	2	6
797	2	5
798	1	6
799	0	8
800	4	0
801	2	3
802	3	3
803	2	7
804	0	4
805	0	6
806	1	6
807	1	11
808	0	7
809	0	2
810	1	7
811	1	5
812	0	8
813	1	6
814	0	8
815	0	3
816	1	5
817	4	8
818	1	8
819	1	4
820	0	7
821	0	4
822	0	10
823	2	4
824	3	4
825	0	4
826	2	2
827	2	4
828	1	5
829	1	8
830	1	12
831	0	11
832	0	9
833	0	3
834	2	9
835	0	6
836	0	12
837	0	8
838	1	0
839	2	3
840	0	10
841	1	9
842	0	6
843	0	7
844	0	10
845	0	3
846	2	2
847	5	3
848	3	4
849	3	0
850	1	10
851	2	11
852	0	3
853	1	6
854	0	7
855	0	9
856	3	3
857	1	0
858	0	2
859	0	1
860	2	2
861	0	10
862	0	5
863	3	9
864	1	5
865	1	1
866	1	7
867	0	4
868	1	5
869	0	5
870	0	2
871	3	4
872	0	2
873	1	1
874	1	3
875	0	4
876	0	3
877	1	3
878	4	2
879	2	4
880	1	6
881	0	2
882	7	0
883	4	5
884	2	3
885	3	1
886	0	5
887	0	7
888	1	4
889	1	12
890	0	5
891	1	5
892	2	1
893	2	7
894	4	3
895	2	5
896	3	5
897	0	4
898	2	5
899	1	2
900	0	6
901	0	9
902	1	6
903	1	10
904	1	7
905	0	9
906	0	7
907	0	3
908	0	4
909	2	7
910	4	8
911	1	3
912	0	4
913	0	2
914	0	9
915	0	5
916	3	4
917	2	5
918	3	4
919	2	0
920	3	2
921	4	4
922	1	5
923	0	3
924	1	2
925	1	3
926	0	5
927	3	4
928	3	9
929	4	3
930	0	5
931	1	1
932	2	5
933	3	2
934	2	3
935	0	11
936	0	5
937	3	6
938	6	2
939	5	3
940	4	10
941	3	4
942	2	6
943	3	4
944	4	8
945	3	3
946	4	2
947	1	4
948	1	6
949	2	4
950	5	3
951	8	6
952	4	3
953	5	2
954	2	1
955	2	3
956	4	6
957	3	4
958	3	5
959	1	2
960	0	5
961	1	5
962	0	11
963	0	6
964	0	7
965	1	4
966	3	8
967	1	7
968	2	3
969	3	9
970	3	14
971	1	8
972	1	5
973	0	10
974	2	2
975	1	7
976	2	6
977	1	9
978	0	6
979	2	8
980	0	6
981	0	3
982	0	11
983	0	5
984	1	11
985	0	5
986	0	11
987	0	6
988	0	12
989	1	5
990	0	9
991	2	3
992	0	3
993	1	7
994	1	9
995	0	8
996	2	11
997	0	14
998	1	11
999	1	6
1000	0	3
1001	0	4
1002	0	8
1003	1	11
1004	0	7
1005	0	7
1006	0	2
1007	1	4
1008	0	6
1009	0	5
1010	0	11
1011	0	6
1012	1	7
1013	0	8
1014	0	6
1017	1	1
1018	0	2
1019	0	2
1020	0	5
1021	0	13
1022	0	9
1023	0	5
1024	0	5
1025	1	5
1026	0	8
1027	0	6
1029	1	1
1030	0	2
1031	0	4
1032	0	5
1033	3	4
1034	0	5
1035	2	3
1036	2	2
1037	3	2
1038	4	1
1039	7	3
1040	2	2
1041	3	7
1042	3	6
1043	2	5
1044	4	2
1045	1	4
1046	1	5
1047	1	16
1048	0	7
1049	0	1
1050	0	3
1051	1	6
1052	0	13
1054	0	6
1055	2	10
1056	0	16
1057	0	9
1058	0	9
1059	1	22
1060	0	17
1061	0	16
1062	0	10
1063	1	16
1064	0	13
1065	0	14
1066	2	10
1067	0	9
1068	0	12
1069	1	11
1070	1	18
1071	0	11
1072	1	12
1073	1	4
1074	2	3
1075	2	1
1076	0	22
1077	0	13
1078	0	21
1079	2	5
1080	0	6
1081	0	24
1082	0	28
1083	0	5
1084	0	11
1085	0	23
1086	1	16
1087	0	18
1088	0	9
1089	1	11
1090	1	13
1091	1	11
1092	0	9
1093	0	9
1094	0	4
1095	1	7
1096	1	8
1097	0	19
1098	0	17
1099	0	16
1100	0	19
1101	2	21
1102	0	23
1103	0	10
1104	0	14
1105	1	3
1106	1	10
1107	1	6
1108	1	1
1109	1	2
1110	0	5
1111	0	5
1112	2	3
1113	0	5
1114	1	6
1115	1	7
1116	0	8
1117	0	9
1118	1	6
1119	1	3
1120	0	5
1121	1	7
1122	0	9
1123	0	6
1124	2	3
1125	1	8
1126	1	11
1127	0	6
1128	1	13
1129	2	8
1130	4	2
1131	1	4
1132	0	13
1133	0	14
1134	0	20
1135	0	16
1136	1	11
1137	1	17
1138	0	20
1139	0	9
1140	5	5
1141	4	3
1142	1	2
1143	4	6
1144	3	1
1145	2	8
1146	2	3
1147	8	1
1148	6	3
1149	3	3
1150	1	1
1151	4	4
1152	12	2
1153	2	4
1154	0	4
1155	1	7
1156	1	2
1157	1	4
1158	0	6
1159	1	6
1160	1	7
1161	0	9
1162	1	3
1163	0	4
1164	1	4
1165	0	4
1166	1	4
1167	0	7
1168	2	2
1169	1	0
1170	0	2
1171	0	1
1172	1	0
1173	1	0
1174	3	2
1175	1	6
1176	1	2
1177	3	3
1178	2	3
1179	2	4
1180	5	2
1181	4	2
1182	3	2
1183	4	4
1184	4	4
1185	1	4
1186	1	0
1187	0	6
1188	1	9
1189	1	6
1190	2	8
1191	3	12
1192	0	8
1193	1	6
1194	2	6
1195	0	6
1196	0	13
1197	3	6
1198	1	3
1199	0	2
1200	0	7
1201	0	5
1202	3	3
1203	1	8
1204	1	7
1205	2	10
1206	3	6
1207	0	10
1208	1	8
1209	0	4
1210	1	6
1211	0	7
1212	1	9
1213	1	6
1214	0	7
1215	1	9
1216	0	9
1217	0	3
1218	1	2
1219	0	5
1220	0	6
1221	2	4
1222	1	14
1223	1	20
1224	0	12
1225	0	6
1226	0	5
1227	0	12
1228	2	5
1229	0	8
1230	1	8
1231	3	5
1232	6	1
1233	1	2
1234	0	6
1235	0	6
1236	1	0
1237	1	0
1240	0	3
1241	0	15
1242	1	10
1243	1	14
1244	1	10
1245	0	6
1246	0	6
1247	1	3
1248	0	6
1249	0	1
1250	0	5
1251	0	9
1252	1	0
1253	0	9
1254	1	4
1255	3	5
1256	1	4
1257	1	2
1258	0	3
1259	2	1
1260	0	9
1261	0	10
1262	1	1
1263	2	1
1264	2	1
1265	2	1
1266	2	3
1267	1	1
1268	1	3
1269	0	1
1270	1	1
1271	0	6
1272	4	2
1273	1	1
1274	3	1
1275	2	2
1276	0	1
1277	0	7
1278	1	2
1279	0	4
1280	0	6
1281	0	10
1282	0	3
1283	2	0
1284	4	0
1285	2	1
1286	4	1
1287	1	2
1288	0	2
1289	1	3
1290	0	19
1291	0	13
1292	0	4
1293	0	4
1294	0	21
1295	0	10
1296	0	7
1297	0	6
1298	0	7
1299	1	1
1300	1	6
1301	2	9
1302	1	6
1303	0	2
1304	1	14
1305	0	10
1306	1	0
1307	1	1
1310	0	1
1311	0	8
1312	0	8
1313	1	0
1314	0	7
1315	2	9
1316	1	5
1317	1	2
1318	0	4
1319	7	0
1320	2	2
1321	7	1
1322	1	5
1323	1	3
1324	2	2
1325	2	0
1326	0	3
1327	1	3
1328	2	5
1329	1	5
1330	0	9
1331	0	7
1332	2	17
1333	1	9
1334	1	8
1335	0	11
1336	0	6
1337	2	7
1338	0	6
1339	0	4
1340	0	3
1341	0	5
1342	0	2
1343	0	3
1344	2	10
1345	1	2
1346	3	5
1347	0	3
1348	0	7
1349	0	5
1350	0	4
1351	1	7
1352	0	6
1353	1	6
1354	0	1
1355	0	7
1356	0	3
1357	0	1
1358	1	0
1359	0	9
1360	1	6
1361	1	6
1362	1	1
1363	3	5
1364	0	3
1365	3	3
1366	0	3
1367	0	1
1368	0	10
1369	0	3
1370	1	4
1371	1	9
1373	1	1
1374	0	4
1375	1	7
1376	0	2
1377	0	4
1378	0	1
1379	1	1
1381	0	1
1382	0	4
1383	0	6
1384	0	10
1385	0	3
1386	1	2
1387	0	5
1388	1	11
1389	1	5
1390	1	6
1391	0	12
1392	1	2
1393	1	1
1394	0	1
1395	0	12
1396	1	8
1397	0	18
1398	0	8
1399	0	5
1400	3	5
1401	1	1
1402	2	7
1403	0	7
1404	1	8
1405	0	7
1406	1	8
1407	1	4
1408	1	4
1409	1	0
1410	0	4
1411	0	3
1412	2	4
1413	1	2
1414	1	3
1415	2	3
1416	1	0
1417	1	11
1418	0	4
1419	0	7
1420	1	3
1421	1	8
1422	2	6
1423	2	3
1424	4	5
1425	2	5
1426	1	3
1428	1	2
1429	0	2
1430	0	1
1431	0	1
1432	1	3
1433	4	7
1434	1	3
1435	0	5
1436	2	4
1437	0	3
1438	1	3
1439	6	3
1440	1	8
1441	1	3
1442	0	5
1443	0	7
1444	2	6
1445	0	4
1446	0	6
1447	1	4
1448	0	4
1449	0	6
1450	3	1
1451	1	5
1452	6	1
1453	3	4
1454	2	7
1455	2	0
1457	3	3
1458	2	6
1459	3	6
1460	1	9
1461	2	5
1462	0	2
1463	0	6
1464	0	4
1465	0	4
1466	1	8
1467	0	8
1468	0	6
1469	1	8
1470	1	4
1471	1	4
1472	1	3
1473	0	4
1474	0	4
1475	1	6
1476	0	10
1477	0	6
1478	1	6
1479	2	1
1480	1	3
1481	4	4
1482	4	4
1483	3	3
1484	1	4
1485	1	4
1486	1	1
1487	1	4
1488	0	7
1489	0	7
1490	0	7
1491	1	3
1492	0	9
1493	0	9
1494	0	11
1495	1	6
1496	1	14
1497	2	6
1498	0	7
1499	0	7
1500	1	2
1501	2	2
1502	0	9
1503	1	13
1504	2	8
1505	0	5
1506	0	6
1507	1	5
1508	1	5
1509	1	4
1510	1	8
1511	1	5
1512	1	6
1513	0	7
1514	1	4
1515	1	12
1516	0	5
1517	3	7
1518	0	3
1519	0	7
1520	0	3
1521	2	7
1522	1	5
1523	1	7
1524	0	3
1525	1	6
1526	0	5
1527	0	10
1528	0	3
1529	3	4
1531	1	4
1532	1	7
1533	0	3
1534	0	4
1535	0	3
1536	0	10
1537	2	8
1538	2	3
1539	3	7
1540	0	1
1541	1	2
1542	0	5
1543	1	0
1544	2	4
1545	1	0
1546	2	4
1547	0	13
1548	0	3
1549	0	8
1550	1	2
1551	1	3
1552	0	8
1553	0	3
1554	0	8
1555	1	9
1556	0	1
1557	6	2
1558	1	4
1559	2	0
1560	0	3
1561	2	5
1562	2	3
1563	4	2
1564	1	2
1565	0	2
1566	2	4
1567	2	5
1568	0	5
1569	1	5
1570	1	9
1571	0	8
1572	1	6
1573	0	6
1574	5	1
1575	4	1
1576	2	0
1577	1	4
1578	1	2
1579	0	4
1580	0	9
1581	1	9
1582	0	6
1583	0	7
1584	2	4
1585	1	4
1586	1	8
1587	0	8
1588	1	6
1589	1	8
1590	1	12
1591	0	4
1592	0	6
1593	0	5
1594	2	9
1595	2	3
1596	0	6
1597	0	7
1598	0	4
1599	1	5
1600	2	8
1601	1	9
1602	0	10
1603	1	0
1604	0	4
1605	0	7
1606	1	10
1607	0	6
1608	1	7
1609	2	10
1610	0	7
1611	1	5
1612	0	9
1613	1	3
1614	2	6
1615	0	9
1616	1	11
1617	0	10
1618	2	1
1619	1	7
1620	0	7
1621	2	4
1622	1	4
1623	1	8
1624	0	8
1625	1	6
1626	1	6
1627	1	2
1628	2	2
1629	1	6
1630	3	4
1631	0	4
1632	3	0
1634	6	3
1635	5	3
1636	0	2
1637	1	2
1638	2	1
1639	2	0
1640	1	1
1641	0	1
1642	1	4
1643	2	11
1644	0	7
1645	0	6
1646	0	7
1647	2	5
1648	0	4
1649	0	5
1650	3	0
1651	2	2
1652	0	5
1653	0	4
1654	4	4
1655	1	0
1656	5	3
1657	2	1
1658	3	5
1659	5	4
1660	2	6
1661	1	3
1662	1	2
1663	0	2
1664	4	0
1665	1	1
1666	3	1
1667	5	2
1668	0	1
1669	2	2
1670	0	2
1671	1	2
1672	4	2
1673	3	0
1674	2	3
1675	4	1
1676	5	3
1677	6	1
1678	8	2
1679	2	2
1680	2	2
1681	1	0
1682	1	4
1683	3	2
1684	1	2
1685	0	4
1686	2	10
1687	0	7
1688	0	8
1689	1	7
1690	0	5
1691	1	11
1692	1	4
1693	1	4
1694	0	7
1695	0	2
1696	0	4
1697	2	5
1698	0	6
1699	0	4
1700	1	6
1701	0	5
1702	0	6
1703	2	4
1704	0	7
1705	0	8
1706	0	4
1707	1	3
1708	0	10
1709	1	5
1710	0	5
1711	2	4
1712	2	7
1713	1	7
1714	1	2
1715	1	2
1716	0	5
1717	2	8
1718	1	6
1719	0	3
1720	1	1
1721	1	7
1722	2	8
1723	0	9
1724	2	10
1725	1	6
1726	0	4
1727	2	4
1728	1	7
1729	2	7
1730	1	11
1731	0	5
1732	0	7
1733	0	3
1734	1	6
1735	0	7
1736	2	5
1737	1	5
1738	0	2
1739	2	1
1740	4	5
1741	0	6
1742	1	4
1743	0	2
1744	1	0
1745	1	6
1746	3	1
1747	7	2
1748	1	4
1749	5	0
1750	1	7
1751	1	12
1752	1	8
1753	1	3
1754	1	8
1755	0	9
1756	2	7
1757	1	8
1758	0	1
1759	0	5
1760	0	5
1761	3	10
1762	0	12
1763	2	4
1764	0	3
1765	0	12
1766	3	8
1767	0	4
1768	1	8
1769	0	6
1770	0	3
1771	0	2
1772	0	1
1773	2	4
1774	1	3
1775	0	7
1776	3	6
1777	2	6
1778	0	4
1779	0	6
1780	1	2
1781	2	6
1782	1	2
1783	4	3
1784	3	3
1785	2	3
1786	2	1
1787	2	6
1788	1	9
1789	3	3
1790	0	2
1791	1	10
1792	0	12
1793	0	4
1794	2	3
1795	1	3
1796	1	5
1797	5	5
1798	2	4
1799	1	3
1800	1	0
1801	1	3
1802	1	5
1803	0	5
1804	0	5
1805	0	9
1806	1	6
1807	1	5
1808	0	8
1809	1	8
1810	1	11
1811	0	11
1812	0	4
1813	1	4
1814	0	7
1815	2	7
1816	0	6
1817	3	12
1818	0	4
1819	0	7
1820	1	12
1821	0	7
1822	0	2
1823	1	0
1824	1	9
1825	0	16
1826	0	11
1827	2	9
1828	3	7
1829	0	7
1830	1	1
1831	1	4
1832	0	9
1833	3	7
1834	0	6
1835	0	11
1836	2	2
1837	1	3
1838	1	3
1839	3	5
1840	1	9
1841	1	6
1842	1	2
1843	0	5
1844	1	7
1845	1	6
1846	3	5
1847	1	13
1848	1	3
1849	0	6
1850	0	12
1851	1	3
1852	2	6
1853	0	7
1854	1	1
1855	0	5
1856	0	9
1857	3	3
1858	2	7
1859	2	3
1860	0	5
1861	2	4
1862	0	5
1863	4	7
1864	0	2
1865	0	7
1866	1	6
1867	0	5
1868	0	5
1869	0	6
1870	0	5
1871	1	5
1872	0	6
1873	1	5
1874	0	5
1875	1	7
1876	2	13
1877	1	9
1878	1	6
1879	0	11
1880	0	6
1881	0	6
1882	0	10
1883	1	4
1884	1	4
1885	0	6
1886	0	7
1887	0	6
1888	1	1
1889	1	5
1890	1	4
1891	0	9
1892	0	7
1893	2	7
1894	0	8
1895	0	2
1896	2	6
1897	0	8
1898	0	2
1899	1	4
1900	0	6
1901	1	8
1902	0	7
1903	0	6
1904	0	8
1905	0	7
1906	1	7
1907	0	4
1908	0	4
1909	0	4
1910	1	2
1911	1	3
1912	5	2
1913	2	3
1914	2	4
1915	0	3
1916	3	2
1918	2	6
1919	0	1
1920	1	4
1921	0	3
1922	1	10
1923	0	2
1924	0	9
1925	0	7
1926	0	12
1927	1	5
1928	1	4
1929	2	3
1930	1	3
1931	0	3
1932	0	11
1933	2	8
1934	0	7
1935	0	6
1936	0	6
1937	1	8
1938	0	7
1939	1	5
1940	2	4
1941	1	8
1942	1	7
1943	0	8
1944	1	9
1945	0	11
1946	0	6
1947	1	5
1948	1	14
1949	3	10
1950	1	3
1951	1	1
1952	0	7
1953	4	2
1954	1	4
1955	1	3
1956	4	2
1957	2	13
1958	0	3
1959	1	5
1960	2	6
1961	1	7
1962	4	8
1963	0	3
1964	1	1
1965	0	8
1966	0	13
1967	3	13
1968	1	8
1969	1	6
1970	0	8
1971	0	3
1972	0	8
1973	0	3
1974	1	6
1975	2	7
1976	0	9
1977	2	8
1978	1	1
1979	2	7
1980	2	5
1981	2	1
1982	1	4
1983	5	0
1984	4	1
1985	0	3
1986	4	4
1987	2	1
1988	2	4
1989	4	6
1990	0	1
1991	0	3
1992	1	4
1993	0	4
1994	1	5
1995	0	5
1996	0	7
1997	0	12
1998	0	4
1999	1	4
2000	2	4
2001	0	5
2002	0	10
2003	1	4
2004	3	1
2005	2	4
2006	1	1
2007	2	1
2008	0	9
2009	0	11
2010	3	2
2011	0	7
2012	0	6
2013	1	7
2014	0	2
2015	1	6
2016	1	10
2017	1	5
2018	1	7
2019	0	2
2020	1	7
2021	0	5
2022	1	7
2023	2	9
2024	0	5
2025	1	4
2026	0	6
2027	2	2
2029	0	4
2030	1	2
2031	5	3
2032	4	4
2034	4	4
2035	3	4
2036	3	1
2037	0	6
2038	0	8
2039	0	8
2040	1	5
2041	0	12
2042	0	4
2043	1	9
2044	0	3
2045	1	8
2046	0	5
2047	2	2
2048	2	1
2049	0	3
2050	3	2
2051	2	3
2052	1	3
2053	3	2
2054	1	5
2055	0	3
2056	2	7
2057	2	2
2058	0	2
2059	1	6
2060	1	4
2061	0	5
2062	0	4
2063	0	2
2064	0	10
2065	0	4
2066	0	7
2067	1	4
2068	0	4
2069	0	4
2070	1	3
2071	0	5
2072	0	5
2073	3	4
2074	1	4
2075	4	3
2076	2	2
2077	1	0
2078	1	4
2079	1	4
2080	2	2
2081	2	7
2082	4	3
2083	1	2
2084	2	2
2085	0	2
2087	2	2
2088	4	3
2089	6	3
2090	1	4
2091	1	4
2092	1	5
2093	3	11
2094	3	4
2095	2	1
2096	0	3
2097	1	9
2098	0	7
2099	0	5
2100	0	6
2101	0	7
2102	1	3
2103	1	6
2104	0	6
2105	1	6
2106	1	6
2107	0	5
2108	1	3
2109	0	9
2110	0	7
2111	0	9
2112	0	6
2113	2	5
2114	0	1
2115	3	7
2116	1	7
2117	3	4
2118	5	2
2119	2	2
2120	3	4
2121	1	10
2122	1	6
2123	0	9
2124	0	9
2125	0	3
2126	0	6
2127	1	2
2128	0	13
2129	1	12
2130	0	12
2131	0	8
2132	0	10
2133	0	6
2134	0	7
2135	1	5
2136	0	5
2137	0	7
2138	0	7
2139	1	8
2140	2	4
2141	2	2
2142	1	2
2143	1	11
2144	0	3
2145	1	18
2146	0	4
2147	1	6
2148	0	4
2149	0	9
2150	0	8
2151	0	6
2152	0	8
2153	0	7
2154	2	1
2155	0	8
2156	0	8
2157	0	10
2158	0	5
2159	0	7
2160	0	6
2161	0	5
2162	1	4
2163	2	4
2164	5	2
2165	3	3
2166	1	4
2167	1	6
2168	0	1
2169	2	4
2170	3	5
2172	0	3
2173	3	0
2174	4	2
2175	3	4
2176	2	2
2177	0	2
2178	1	1
2179	3	1
2180	2	2
2181	2	4
2182	2	2
2183	0	3
2184	2	3
2185	1	2
2186	0	3
2187	3	1
2188	4	3
2189	1	4
2190	2	4
2191	4	5
2192	0	3
2193	2	3
2194	4	5
2195	1	4
2196	0	3
2197	0	3
2198	2	2
2199	1	2
2200	0	1
2201	3	2
2202	0	3
2203	0	2
2204	1	10
2205	0	7
2206	1	7
2207	0	3
2208	0	14
2209	2	11
2210	1	8
2211	3	7
2212	1	5
2213	2	3
2214	2	6
2215	1	4
2216	3	6
2217	2	3
2218	1	3
2219	0	2
2220	3	5
2221	1	2
2222	0	3
2223	6	2
2224	2	5
2225	0	5
2226	3	2
2227	0	5
2228	0	4
2229	0	12
2230	1	9
2231	0	8
2232	1	3
2233	0	10
2234	0	11
2235	0	6
2236	1	14
2237	0	3
2238	0	6
2239	0	4
2240	0	4
2241	1	1
2242	0	8
2243	0	6
2244	0	6
2245	1	14
2246	0	6
2247	1	4
2248	0	5
2249	1	5
2250	0	12
2251	1	2
2252	0	5
2253	1	6
2254	1	4
2255	1	3
2256	5	3
2257	3	10
2258	2	2
2259	2	3
2260	0	1
2261	2	3
2262	5	1
2263	1	5
2264	1	4
2265	1	6
2266	1	8
2267	1	5
2268	1	9
2269	1	3
2270	0	4
2271	0	7
2272	3	3
2273	1	8
2274	2	7
2275	1	4
2276	1	3
2277	2	7
2278	2	2
2279	0	2
2280	4	1
2281	1	2
2282	1	4
2283	0	1
2284	3	3
2285	2	1
2286	6	4
2287	1	4
2288	1	2
2289	0	3
2290	0	2
2291	1	4
2292	1	1
2293	2	3
2294	1	8
2295	1	3
2296	1	9
2297	0	5
2298	4	2
2299	4	4
2300	0	7
2301	0	2
2302	0	12
2303	1	14
2304	0	5
2305	0	7
2306	1	7
2307	0	13
2308	2	9
2309	0	3
2310	0	3
2311	0	7
2312	0	5
2313	0	10
2314	1	6
2315	1	2
2316	1	3
2317	1	2
2318	3	1
2319	4	3
2320	0	4
2321	0	7
2322	0	10
2323	2	6
2324	0	4
2325	2	15
2326	0	5
2327	0	6
2328	0	6
2329	0	4
2330	1	2
2331	4	4
2332	0	8
2333	0	5
2334	1	4
2335	0	8
2336	0	6
2337	0	5
2338	4	1
2339	3	8
2340	1	10
2341	0	1
2342	0	1
2343	1	5
2344	1	7
2345	7	1
2346	5	2
2347	2	2
2348	10	2
2349	2	4
2350	0	4
2351	5	2
2352	0	3
2353	2	1
2354	2	5
2355	0	2
2356	3	1
2357	2	2
2358	6	3
2359	2	4
2360	1	0
2361	0	1
2362	1	0
2363	7	0
2364	0	1
2365	1	6
2366	0	6
2367	0	5
2368	0	13
2369	0	4
2370	0	5
2371	0	7
2372	0	8
2373	1	5
2374	1	9
2375	1	8
2376	0	9
2377	0	8
2378	1	2
2379	0	1
2380	0	6
2381	0	7
2382	1	5
2383	0	7
2384	5	4
2385	0	2
2386	3	1
2387	3	0
2388	1	3
2389	0	3
2390	0	2
2391	1	7
2392	1	6
2393	1	5
2394	3	11
2395	2	4
2396	0	5
2397	0	9
2398	0	8
2399	0	3
2400	0	8
2401	0	5
2402	0	5
2403	2	2
2404	2	6
2405	1	3
2406	0	3
2407	1	7
2408	1	15
2409	0	8
2410	0	8
2411	0	7
2412	1	8
2413	0	6
2414	1	6
2415	3	5
2416	1	4
2417	0	3
2418	0	5
2419	1	7
2420	0	2
2421	1	4
2422	1	6
2423	2	7
2424	0	2
2425	0	2
2426	0	9
2427	0	1
2428	0	2
2429	0	8
2430	0	7
2431	1	9
2432	0	2
2433	0	7
2434	0	8
2435	0	7
2436	0	7
2437	0	9
2438	0	6
2439	0	11
2440	1	5
2441	1	8
2442	0	7
2443	0	7
2444	1	9
2445	1	5
2446	2	4
2447	0	3
2448	1	6
2449	0	4
2450	2	1
2451	0	1
2452	0	6
2453	0	5
2454	0	6
2455	1	13
2456	1	9
2457	0	11
2458	0	7
2459	1	4
2460	0	5
2461	0	3
2462	1	8
2463	0	9
2464	0	4
2465	0	14
2466	2	6
2467	0	7
2468	0	4
2469	3	5
2470	0	2
2471	2	4
2472	1	7
2473	2	7
2474	0	6
2475	0	5
2476	0	4
2477	1	4
2478	1	3
2479	0	3
2480	1	8
2481	0	3
2482	0	3
2483	1	1
2484	0	9
2485	0	8
2486	1	4
2487	0	8
2488	0	7
2489	0	3
2490	0	8
2491	1	6
2492	0	7
2493	0	9
2494	0	2
2495	0	5
2496	0	6
2497	1	7
2498	2	4
2499	1	6
2500	1	3
2501	0	8
2502	2	2
2503	1	6
2504	0	7
2505	0	3
2506	0	5
2507	0	7
2508	1	8
2509	1	1
2510	0	8
2511	1	11
2512	0	4
2513	0	7
2514	0	4
2515	1	3
2516	4	0
2517	2	5
2518	3	3
2519	3	4
2520	1	3
2521	1	4
2522	3	3
2523	1	1
2524	2	2
2525	0	6
2526	1	3
2527	0	3
2528	3	0
2529	1	8
2530	3	2
2531	2	1
2532	3	1
2533	3	1
2534	0	7
2535	1	3
2536	0	7
2537	3	4
2538	0	7
2539	0	5
2540	0	4
2541	0	5
2542	0	7
2543	0	3
2544	1	5
2545	3	7
2546	2	6
2547	0	1
2548	1	2
2549	1	2
2550	2	4
2551	1	2
2552	1	6
2553	1	1
2554	2	1
2555	3	4
2556	2	4
2557	2	2
2558	0	7
2559	2	2
2560	1	2
2561	0	2
2562	2	1
2563	2	3
2564	5	1
2565	3	0
2567	1	4
2568	4	4
2569	0	2
2570	1	5
2571	4	4
2572	3	2
2573	1	3
2574	0	7
2575	2	16
2576	0	6
2577	1	7
2578	1	6
2579	2	14
2580	0	14
2581	1	13
2582	0	7
2583	2	5
2584	2	6
2585	0	3
2586	1	3
2587	3	2
2588	1	0
2589	2	2
2590	6	4
2591	0	3
2592	4	2
2593	0	4
2594	2	3
2595	1	13
2596	0	7
2597	1	10
2598	0	9
2599	1	7
2600	2	4
2601	0	2
2602	0	2
2603	1	2
2604	2	4
2605	2	2
2606	2	7
2607	1	4
2608	1	4
2609	1	3
2610	0	1
2611	2	1
2612	1	4
2613	0	6
2614	0	7
2615	0	8
2616	1	13
2617	0	4
2618	2	8
2619	0	3
2620	1	5
2621	0	9
2622	1	10
2623	1	5
2624	0	9
2625	0	5
2626	0	12
2627	1	7
2628	0	3
2629	1	4
2630	0	3
2631	0	9
2632	0	7
2633	0	5
2634	1	5
2635	0	6
2636	0	4
2638	0	3
2639	1	10
2640	1	9
2641	0	5
2642	0	9
2643	1	5
2644	0	3
2645	3	10
2646	0	2
2647	0	9
2648	1	3
2649	0	3
2650	1	15
2651	0	6
2652	1	3
2653	1	3
2654	1	4
2655	0	4
2656	0	5
2657	0	9
2658	0	4
2659	0	3
2660	0	7
2661	1	4
2662	0	4
2663	1	7
2664	1	7
2665	1	4
2666	1	7
2667	0	4
2668	0	3
2669	0	10
2670	0	5
2671	0	3
2672	2	5
2673	0	7
2674	0	7
2675	1	3
2676	2	2
2677	1	3
2678	1	3
2679	0	2
2680	0	1
2681	2	4
2682	0	3
2683	1	3
2684	1	4
2685	4	5
2686	0	4
2687	1	10
2688	0	8
2689	0	8
2690	4	6
2691	0	8
2692	1	1
2693	1	7
2694	0	5
2695	0	14
2696	2	8
2697	1	10
2698	0	6
2699	0	5
2700	0	7
2701	1	5
2702	2	2
2703	2	2
2704	3	2
2705	3	3
2706	0	1
2707	2	4
2708	0	2
2709	3	2
2710	1	3
2711	0	6
2712	0	2
2713	0	7
2714	0	10
2715	0	6
2716	0	6
2717	0	4
2718	0	5
2719	0	14
2720	0	9
2721	1	5
2722	0	8
2723	1	5
2724	0	5
2725	1	3
2726	0	9
2727	0	9
2728	1	4
2729	0	1
2730	0	11
2731	0	4
2732	0	9
2733	0	10
2734	0	4
2735	1	4
2736	1	6
2737	1	8
2738	0	4
2739	0	4
2740	1	6
2741	2	11
2742	0	5
2743	0	5
2744	0	4
2745	1	6
2746	0	9
2747	0	4
2748	1	6
2749	2	0
2750	1	5
2751	0	7
2752	0	4
2753	2	4
2754	0	5
2755	0	4
2756	2	5
2757	0	5
2758	1	5
2759	3	7
2760	1	5
2761	1	2
2762	0	6
2763	0	8
2764	0	4
2765	0	7
2766	0	4
2767	0	6
2768	0	3
2769	1	5
2770	1	10
2771	1	4
2772	0	9
2773	0	8
2774	0	6
2775	0	6
2776	0	7
2777	0	6
2778	2	5
2779	0	3
2780	0	7
2781	0	12
2782	0	6
2783	1	5
2784	1	4
2785	0	4
2786	0	6
2787	1	8
2788	2	4
2789	1	5
2790	0	10
2791	0	8
2792	0	6
2793	0	5
2794	1	4
2795	0	4
2796	0	6
2797	1	4
2798	2	11
2799	0	4
2800	1	6
2801	0	3
2802	1	3
2803	0	1
2804	1	7
2805	0	4
2807	1	23
2808	1	1
2809	0	13
2810	1	11
2811	0	5
2812	0	13
2813	1	13
2814	0	5
2815	0	8
2816	0	7
2817	1	8
2818	0	5
2819	1	11
2820	1	5
2821	0	7
2822	1	10
2823	0	5
2824	1	8
2825	2	3
2826	2	6
2827	0	6
2828	0	1
2829	0	4
2830	0	4
2831	1	4
2832	0	2
2833	0	7
2834	0	3
2835	0	8
2836	0	3
2837	0	5
2838	0	3
2839	0	6
2840	1	4
2841	1	0
2842	3	3
2843	2	9
2844	0	10
2845	4	9
2846	0	13
2847	0	2
2848	1	2
2849	0	7
2850	1	8
2851	0	2
2852	1	8
2853	1	4
2854	1	5
2855	0	3
2856	0	5
2857	0	2
2858	0	8
2859	3	5
2860	1	3
2861	0	2
2862	6	6
2863	3	3
2864	1	5
2865	0	3
2866	1	3
2867	3	0
2868	1	2
2869	5	8
2870	2	3
2871	3	6
2872	5	4
2873	2	3
2874	1	0
2875	0	3
2876	0	2
2877	1	1
2878	2	3
2879	4	2
2880	2	7
2882	1	2
2883	2	1
2884	3	0
2885	1	2
2886	0	1
2887	0	3
2888	0	3
2889	3	1
2890	3	3
2891	1	3
2892	0	8
2893	1	13
2894	0	8
2895	1	9
2896	0	14
2897	1	14
2898	1	4
2899	2	9
2900	0	3
2902	1	1
2903	2	7
2904	2	8
2905	1	5
2906	0	13
2907	0	7
2908	0	7
2909	2	4
2910	0	10
2911	2	3
2912	5	4
2913	1	1
2914	2	1
2915	4	3
2916	4	3
2917	1	0
2918	2	2
2919	1	1
2920	3	2
2921	1	0
2922	5	2
2923	1	1
2924	0	1
2925	1	2
2926	4	2
2927	4	3
2928	2	2
2929	2	4
2930	4	1
2931	3	1
2932	2	4
2933	0	1
2934	2	6
2935	2	3
2937	2	1
2938	3	4
2939	1	3
2940	4	2
2941	0	5
2942	5	4
2943	1	4
2944	2	3
2945	2	2
2946	3	3
2947	1	4
2948	1	3
2949	2	5
2950	3	1
2951	1	2
2952	1	4
2953	4	4
2954	1	2
2955	2	2
2956	2	2
2957	4	1
2958	1	3
2960	0	2
2961	0	2
2962	0	4
2963	0	4
2964	1	2
2965	0	10
2966	0	5
2967	1	11
2968	1	8
2969	1	7
2970	0	12
2971	2	10
2972	2	8
2973	1	4
2974	2	13
2975	1	7
2976	0	3
2977	0	9
2978	0	6
2979	1	6
2980	1	9
2981	0	5
2982	1	5
2983	1	3
2984	0	2
2985	2	4
2986	1	4
2987	0	2
2988	1	6
2989	2	2
2990	0	2
2991	1	10
2992	0	1
2993	1	9
2994	1	5
2995	1	7
2996	0	5
2997	2	3
2998	1	2
2999	3	3
3000	2	10
3001	0	1
3002	4	4
3003	0	9
3004	1	7
3005	0	5
3006	0	4
3007	1	9
3008	1	6
3009	0	5
3010	1	7
3011	1	9
3012	0	3
3013	0	2
3014	0	6
3015	1	7
3016	0	1
3017	0	4
3018	0	6
3019	1	4
3020	1	7
3021	0	1
3022	4	3
3023	3	1
3024	1	0
3025	1	6
3026	0	1
3027	1	4
3028	6	7
3029	1	4
3030	6	2
3031	5	4
3032	0	1
3033	1	3
3034	6	3
3035	0	5
3036	0	3
3037	0	1
3038	1	4
3039	1	6
3040	0	8
3041	0	6
3042	1	2
3043	1	5
3044	0	7
3045	2	6
3046	2	3
3047	1	4
3048	0	5
3049	2	10
3050	0	4
3051	0	6
3052	0	3
3053	0	2
3054	2	2
3055	0	5
3056	2	2
3057	0	3
3058	2	3
3059	0	3
3060	0	7
3061	1	7
3062	0	6
3063	1	4
3064	1	11
3065	1	2
3066	0	4
3067	1	11
3068	0	12
3069	0	1
3070	0	1
3071	0	1
3072	4	2
3073	2	3
3074	1	8
3075	0	2
3076	2	6
3077	1	1
3078	1	2
3079	1	1
3080	1	1
3081	2	2
3082	0	9
3083	1	10
3084	0	3
3085	0	12
3086	0	7
3087	1	4
3088	0	7
3089	0	3
3090	1	10
3091	2	8
3092	1	8
3093	1	10
3094	0	10
3095	0	6
3096	0	6
3097	4	6
3098	4	2
3099	1	1
3100	5	4
3101	1	1
3102	1	1
3103	3	0
3104	3	3
3105	6	1
3106	7	3
3107	0	4
3108	4	6
3109	1	1
3110	1	1
3111	3	2
3112	2	2
3113	2	0
3114	3	0
3115	1	2
3116	4	1
3117	2	2
3118	1	4
3119	1	4
3120	4	4
3121	4	2
3122	2	1
3123	7	4
3124	1	3
3125	0	7
3126	4	3
3127	0	1
3128	0	1
3129	5	0
3130	2	3
3131	1	1
3132	3	10
3133	7	5
3134	2	4
3135	1	5
3137	1	4
3138	4	3
3139	7	2
3140	3	3
3141	1	7
3142	1	2
3143	2	1
3144	4	3
3145	0	1
3146	2	2
3147	1	3
3148	3	5
3149	0	2
3150	0	1
3151	2	0
3152	4	2
3153	2	1
3154	3	3
3155	1	3
3156	4	5
3157	2	2
3158	3	1
3159	2	0
3160	1	2
3161	1	4
3162	1	0
3163	3	1
3164	0	3
3165	2	1
3166	1	0
3167	1	1
3168	2	3
3169	2	2
3170	7	4
3173	2	1
3174	3	5
3175	6	3
3176	3	4
3177	1	2
3178	0	3
3179	0	11
3180	1	6
3181	4	5
3182	3	2
3183	3	3
3184	1	2
3185	3	0
3186	1	3
3187	1	0
3188	1	1
3189	3	1
3190	2	3
3191	0	1
3192	1	1
3193	2	5
3194	4	5
3195	4	1
3196	5	1
3197	0	5
3198	2	2
3199	0	4
3200	2	2
3201	1	3
3202	1	2
3203	2	1
3204	1	1
3205	1	5
3206	3	1
3207	5	8
3208	0	7
3209	0	6
3210	1	1
3211	1	1
3212	0	3
3213	2	2
3214	3	4
3215	0	5
3216	0	14
3217	1	4
3218	0	5
3219	0	3
3220	1	2
3221	1	2
3222	0	18
3223	0	18
3224	1	17
3225	1	22
3226	0	13
3227	0	18
3228	1	8
3229	0	12
3230	0	3
3231	0	1
3232	0	1
3233	1	0
3234	0	2
3235	1	4
3236	0	2
3237	1	1
3238	3	1
3239	1	1
3240	1	5
3241	1	5
3242	3	3
3243	6	6
3244	1	8
3245	1	17
3246	1	1
3247	1	1
3248	3	2
3249	2	5
3250	2	1
3251	3	3
3252	1	1
3253	4	0
3254	0	2
3255	1	1
3256	3	1
3257	3	1
3258	3	0
3259	0	2
3260	1	2
3261	1	0
3262	0	4
3263	2	2
3264	0	6
3265	1	2
3266	8	2
3267	0	6
3268	1	5
3269	2	2
3270	2	0
3271	1	5
3272	0	7
3273	0	4
3274	0	7
3275	1	4
3276	0	1
3277	0	2
3278	0	2
3279	2	0
3280	1	3
3281	6	1
3282	4	3
3283	3	0
3284	1	2
3285	0	3
3286	0	1
3287	1	1
3288	3	1
3289	0	1
3290	7	2
3291	2	2
3293	4	2
3294	3	5
3295	9	2
3296	2	2
3297	2	5
3298	2	1
3299	1	2
3300	5	3
3301	0	2
3302	1	3
3303	2	1
3304	6	3
3305	3	2
3306	1	2
3307	5	2
3308	6	1
3309	1	1
3310	4	1
3311	3	0
3312	3	1
3313	3	1
3314	4	1
3315	2	10
3316	2	2
3317	4	5
3318	0	9
3319	0	1
3320	0	4
3321	0	6
3322	0	8
3323	0	5
3324	3	6
3325	0	1
3326	2	11
3327	1	10
3328	0	7
3329	1	2
3330	1	0
3331	3	0
3332	1	8
3333	0	4
3334	0	1
3335	2	0
3336	0	4
3337	0	9
3338	0	8
3339	0	7
3340	1	11
3341	0	6
3342	0	4
3343	1	9
3344	0	12
3345	0	11
3346	0	1
3347	0	10
3348	0	7
3349	1	11
3350	0	5
3351	3	11
3352	3	3
3353	0	2
3354	0	3
3355	0	4
3356	0	9
3357	0	4
3358	1	11
3359	0	5
3360	1	4
3361	2	10
3362	1	4
3363	0	5
3364	0	4
3366	2	2
3367	4	5
3368	4	2
3369	0	2
3370	0	3
3371	4	4
3372	2	0
3373	0	5
3374	1	3
3375	2	1
3376	3	4
3377	2	5
3378	1	5
3379	1	1
3380	1	1
3381	0	2
3382	4	1
3383	1	3
3384	4	4
3385	5	0
3386	2	2
3387	2	4
3388	3	5
3389	2	3
3390	1	3
3391	2	1
3393	0	2
3394	1	1
3395	1	2
3396	1	3
3397	3	7
3398	3	4
3399	4	5
3400	3	4
3401	1	3
3402	1	0
3403	2	1
3404	2	2
3405	2	4
3406	1	1
3407	1	2
3408	2	1
3410	1	7
3411	1	5
3412	1	5
3413	2	5
3414	0	6
3415	0	11
3416	0	12
3417	0	6
3418	0	7
3419	1	7
3420	0	2
3421	0	2
3422	0	4
3423	1	3
3424	1	4
3425	1	4
3426	0	2
3427	2	2
3428	1	1
3429	0	4
3430	3	1
3431	7	0
3432	1	0
3433	2	1
3434	1	3
3435	0	2
3436	0	2
3437	0	6
3438	0	6
3439	1	4
3440	1	6
3441	1	3
3442	0	4
3443	0	3
3444	0	3
3445	2	1
3446	5	1
3447	1	1
3448	0	2
3449	2	2
3450	1	3
3451	1	1
3452	1	3
3453	1	1
3454	0	2
3455	6	1
3456	2	1
3457	0	1
3458	3	4
3459	0	5
3460	2	3
3461	4	0
3462	2	1
3463	2	2
3464	0	3
3465	6	2
3466	2	1
3467	0	2
3468	0	4
3469	3	5
3470	1	4
3472	2	1
3473	1	0
3475	1	3
3476	6	5
3477	3	3
3478	0	6
3479	0	9
3480	0	4
3481	1	10
3482	0	11
3483	1	13
3484	1	8
3485	0	5
3486	2	12
3487	0	3
3488	0	7
3489	0	6
3490	0	10
3491	0	11
3492	0	11
3493	0	7
3494	0	5
3495	0	4
3496	0	2
3497	0	3
3498	0	4
3499	0	9
3500	2	3
3501	2	7
3502	0	6
3503	2	0
3504	1	21
3505	1	8
3506	0	14
3507	0	12
3508	0	8
3509	0	4
3510	0	3
3511	1	2
3512	0	3
3513	1	7
3514	1	3
3515	1	13
3516	0	9
3517	0	13
3518	5	4
3519	2	1
3520	0	4
3521	0	3
3522	1	4
3523	3	3
3524	1	3
3525	1	13
3526	1	4
3527	0	4
3528	1	5
3529	0	5
3530	3	3
3531	1	3
3532	0	1
3533	0	1
3534	1	5
3535	2	4
3536	1	6
3537	1	7
3538	2	10
3539	1	4
3540	0	6
3541	0	10
3542	0	11
3543	1	8
3544	0	8
3545	1	11
3546	1	10
3547	2	6
3548	0	10
3549	1	11
3550	1	10
3551	0	5
3552	3	4
3553	3	0
3554	1	4
3555	3	5
3556	2	3
3557	3	2
3558	1	3
3559	1	3
3560	0	6
3561	0	7
3563	0	3
3564	0	5
3565	0	13
3566	0	4
3567	0	9
3568	0	4
3569	0	4
3570	0	3
3571	1	6
3572	1	9
3573	0	9
3574	1	10
3575	0	3
3576	0	3
3577	1	2
3578	0	4
3579	0	3
3580	0	9
3581	0	4
3582	2	4
3583	0	3
3584	1	10
3585	0	7
3586	0	11
3587	0	4
3588	0	6
3589	1	9
3590	2	4
3591	3	6
3592	2	4
3593	0	6
3594	0	7
3595	2	7
3596	1	4
3597	0	2
3598	0	4
3599	2	2
3600	3	4
3601	2	0
3602	1	1
3603	0	1
3604	3	1
3605	4	1
3606	3	3
3607	2	5
3608	2	3
3609	5	3
3610	1	4
3611	0	11
3612	1	11
3613	1	14
3614	0	4
3615	2	10
3616	2	7
3617	1	2
3618	2	3
3619	0	2
3620	1	6
3621	1	7
3622	0	2
3623	2	9
3624	0	9
3625	1	1
3626	1	8
3627	0	8
3628	1	3
3629	0	3
3630	1	1
3631	1	4
3632	1	5
3633	0	7
3634	1	11
3635	0	5
3636	0	6
3637	0	3
3638	1	10
3639	2	3
3640	1	1
3641	3	1
3642	0	3
3643	2	1
3644	1	4
3645	3	3
3646	0	1
3647	1	1
3648	4	3
3649	1	4
3650	2	8
3651	1	5
3652	1	1
3653	3	3
3654	0	4
3655	1	2
3656	1	1
3657	1	1
3658	0	5
3659	0	3
3660	1	3
3661	3	1
3662	0	2
3663	2	4
3664	3	5
3665	3	2
3666	0	1
3667	0	2
3668	0	2
3669	0	1
3670	0	1
3671	1	4
3672	0	2
3673	2	3
3674	0	2
3675	2	0
3676	3	1
3677	0	1
3678	1	6
3679	3	3
3680	1	1
3682	6	1
3683	2	2
3684	3	2
3685	3	4
3686	3	2
3687	1	2
3688	2	0
3689	3	1
3690	0	1
3691	2	3
3692	4	2
3693	1	5
3694	1	3
3695	0	4
3696	2	2
3697	7	0
3698	2	3
3699	0	1
3700	3	5
3701	1	4
3702	1	4
3703	3	4
3704	0	3
3705	1	5
3706	0	5
3707	0	5
3708	1	5
3709	0	12
3710	0	4
3711	0	1
3712	1	2
3713	1	2
3714	1	1
3715	0	6
3716	0	2
3717	0	7
3718	3	5
3719	1	10
3720	1	0
3721	1	7
3722	0	6
3723	0	10
3724	0	7
3725	2	6
3726	0	7
3727	0	7
3728	0	8
3729	1	9
3730	1	2
3731	1	1
3732	1	2
3733	2	1
3734	1	2
3735	0	7
3736	0	3
3737	1	3
3738	1	3
3739	1	1
3740	2	3
3741	3	2
3742	3	1
3743	5	5
3744	1	5
3745	5	3
3746	1	4
3747	0	3
3748	1	1
3749	4	3
3750	4	0
3751	2	1
3752	0	3
3753	2	1
3754	3	0
3755	2	4
3756	0	2
3757	3	4
3758	1	4
3759	0	4
3760	2	3
3761	2	7
3762	1	8
3763	0	2
3764	0	4
3765	0	11
3766	1	4
3767	0	7
3768	0	10
3769	0	14
3770	1	10
3771	0	3
3772	0	7
3773	0	3
3774	0	8
3775	0	6
3776	2	5
3777	0	2
3778	0	6
3779	2	5
3780	0	6
3781	0	3
3782	0	4
3783	0	6
3784	0	4
3785	0	8
3786	0	7
3787	0	4
3788	0	5
3789	2	6
3790	1	3
3791	1	2
3792	2	2
3793	1	3
3794	3	3
3795	3	6
3796	1	3
3797	3	3
3798	0	1
3799	1	4
3800	1	2
3801	0	18
3802	1	9
3803	0	2
3804	2	7
3805	0	5
3806	0	2
3807	1	2
3808	0	6
3809	1	9
3810	0	2
3811	1	4
3812	2	3
3813	6	1
3814	0	14
3815	2	5
3816	5	3
3818	0	2
3819	4	1
3820	3	2
3821	2	1
3822	3	3
3823	3	1
3824	2	2
3825	0	5
3827	2	1
3828	1	6
3829	4	4
3830	2	2
3831	3	3
3832	3	1
3833	1	1
3834	2	1
3835	2	0
3836	6	2
3837	1	2
3838	2	0
3839	2	4
3840	4	5
3841	1	1
3842	0	3
3843	3	0
3844	1	2
3845	3	5
3846	3	2
3847	4	4
3848	4	0
3849	1	4
3850	1	1
3851	0	2
3852	2	2
3853	1	0
3854	3	3
3855	0	1
3856	5	1
3857	2	2
3858	3	5
3859	1	1
3860	2	2
3861	2	5
3862	2	0
3863	1	0
3864	1	0
3865	3	4
3866	2	2
3867	3	2
3868	3	3
3870	1	2
3871	1	1
3872	1	3
3873	6	4
3874	3	2
3875	4	1
3877	0	1
3878	2	2
3879	1	1
3880	0	1
3881	1	3
3882	2	1
3883	2	3
3884	1	0
3885	2	0
3886	1	0
3887	0	1
3888	5	0
3889	2	3
3890	2	7
3891	0	5
3892	1	7
3893	3	5
3894	1	6
3897	0	3
3898	3	0
3899	0	3
3900	4	4
3901	6	2
3902	1	3
3903	1	2
3904	2	2
3905	0	5
3906	4	2
3907	2	1
3908	3	2
3909	5	3
3910	2	1
3911	2	3
3912	3	3
3913	1	0
3914	0	2
3916	1	1
3919	1	2
3920	3	3
3921	2	0
3922	1	2
3924	0	1
3925	0	2
3926	0	2
3927	1	1
3928	0	6
3929	2	0
3930	4	2
3931	5	2
3932	2	1
3933	1	7
3934	1	2
3935	2	3
3936	2	6
3937	3	1
3938	2	0
3939	2	8
3940	0	6
3941	0	3
3942	0	5
3943	0	2
3944	0	9
3945	2	3
3946	0	3
3947	1	8
3948	2	7
3949	2	8
3950	0	7
3951	0	7
3952	0	8
3953	0	13
3954	1	8
3955	0	9
3956	0	10
3957	2	12
3958	1	6
3959	0	7
3960	2	8
3961	1	6
3962	2	6
3963	3	3
3964	1	1
3965	1	3
3966	1	3
3967	4	0
3968	3	0
3969	2	1
3970	2	1
3971	1	1
3972	1	4
3973	4	5
3974	1	1
3975	0	2
3976	1	5
3977	1	6
3978	0	6
3979	0	7
3980	0	9
3981	2	6
3982	0	6
3983	0	5
3984	0	3
3985	0	4
3986	0	12
3987	1	5
3988	0	3
3989	2	2
3990	0	2
3991	5	3
3992	4	1
3993	0	2
3994	2	3
3995	3	4
3996	0	1
3997	1	1
3998	0	1
3999	2	4
4000	2	0
4001	1	2
4002	1	3
4003	0	1
4004	3	2
4005	1	2
4006	1	1
4007	0	2
4008	1	0
4009	4	0
4010	5	1
4011	2	0
4012	2	3
4013	3	3
4014	2	4
4015	1	4
4016	2	2
4017	1	1
4018	1	2
4019	2	1
4020	1	0
4021	1	1
4022	3	3
4023	1	3
4024	3	0
4025	2	4
4026	3	5
4027	2	6
4028	2	2
4029	2	0
4030	2	1
4031	4	1
4032	4	0
4033	3	1
4034	1	0
4035	1	0
4036	1	0
4037	4	1
4038	2	1
4039	3	3
4040	1	3
4041	1	3
4042	0	2
4043	1	0
4044	2	2
4045	1	2
4046	0	1
4047	0	4
4048	0	8
4049	2	4
4050	0	9
4051	0	1
4052	0	2
4053	1	5
4054	2	3
4055	3	4
4056	1	3
4057	1	6
4058	1	2
4059	2	3
4060	2	0
4061	1	2
4062	2	6
4063	2	3
4064	4	3
4065	2	0
4066	1	4
4067	2	0
4068	0	2
4069	2	2
4070	4	0
4072	0	3
4073	0	5
4074	1	0
4075	1	2
4076	1	4
4077	2	2
4078	0	3
4079	4	4
4080	1	4
4081	2	2
4082	1	2
4083	2	1
4084	1	4
4085	2	2
4086	2	1
4087	0	8
4089	0	7
4090	1	1
4091	0	7
4092	0	7
4093	0	6
4094	0	8
4095	0	6
4096	0	3
4097	0	5
4099	1	7
4100	0	2
4101	0	10
4102	0	2
4103	0	8
4104	0	3
4105	0	7
4106	1	5
4107	1	9
4108	0	2
4110	1	2
4111	0	10
4112	0	9
4113	0	12
4114	0	4
4116	1	3
4117	0	9
4118	1	10
4119	0	6
4120	0	3
4121	1	1
4122	0	6
4123	0	6
4124	2	5
4125	0	4
4126	0	7
4128	0	2
4130	0	4
4131	0	3
4132	0	1
4133	1	2
4134	0	7
4135	0	8
4136	0	4
4137	0	3
4138	0	3
4139	2	6
4140	0	8
4141	0	10
4142	1	7
4143	0	4
4144	3	4
4145	0	6
4146	3	1
4147	2	5
4148	2	5
4149	0	2
4150	3	2
4151	1	7
4152	1	7
4153	3	7
4154	1	8
4155	3	7
4156	1	4
4157	2	3
4158	2	1
4159	4	0
4160	2	4
4161	0	10
4162	0	7
4163	1	9
4164	0	1
4165	2	0
4166	1	1
4167	0	3
4168	0	1
4169	5	4
4170	2	2
4171	1	4
4172	3	3
4173	2	2
4174	6	1
4175	0	2
4176	1	4
4177	1	1
4178	3	0
4179	6	2
4180	2	2
4181	4	2
4182	4	3
4183	0	10
4184	0	3
4185	1	2
4186	2	3
4187	2	7
4188	3	8
4189	0	23
4190	0	23
4191	1	20
4192	0	23
4193	1	8
4194	0	16
4195	1	11
4196	2	10
4197	1	16
4198	0	10
4199	3	7
4200	0	5
4201	2	7
4202	0	4
4203	2	5
4204	4	6
4205	0	4
4206	7	7
4207	4	6
4208	0	6
4209	0	10
4210	1	18
4211	0	19
4212	0	12
4213	0	10
4214	0	8
4215	0	3
4216	0	7
4217	0	10
4218	0	7
4219	0	13
4220	0	1
4221	2	1
4222	3	1
4223	0	3
4224	0	1
4225	0	1
4226	0	7
4227	0	2
4228	0	13
4229	0	17
4230	3	7
4231	1	2
4232	0	3
4233	2	3
4234	0	5
4235	1	1
4236	1	3
4237	3	2
4238	2	1
4239	2	4
4240	2	4
4241	0	2
4242	1	1
4243	1	5
4244	2	4
4245	0	4
4246	0	3
4247	2	3
4248	1	10
4249	2	6
4250	0	7
4251	0	10
4252	3	6
4253	2	4
4254	0	10
4255	1	5
4256	0	7
4257	1	4
4258	0	6
4259	0	13
4260	0	3
4261	0	10
4262	0	9
4263	2	3
4264	0	4
4265	0	4
4266	2	4
4267	1	6
4268	0	7
4269	0	2
4270	0	12
4271	0	19
4272	0	3
4273	2	2
4274	1	5
4275	1	5
4276	0	10
4277	3	4
4278	2	9
4279	1	11
4280	1	5
4281	0	5
4282	1	7
4283	2	3
4284	0	3
4285	0	6
4286	0	4
4287	0	5
4288	0	9
4289	0	5
4290	1	7
4291	1	5
4292	1	6
4293	0	15
4294	0	10
4295	1	5
4296	0	3
4297	2	9
4298	1	8
4299	2	8
4300	3	6
4301	0	10
4302	1	15
4303	1	8
4304	4	4
4305	1	1
4306	3	5
4307	0	5
4308	1	2
4309	0	8
4310	0	8
4311	3	5
4312	3	2
4313	3	7
4314	3	6
4315	2	2
4316	3	1
4317	4	5
4318	1	2
4319	1	12
4320	0	5
4321	0	6
4322	0	9
4323	2	3
4324	0	4
4325	0	6
4326	2	3
4327	0	4
4328	1	7
4329	0	3
4330	1	7
4331	1	5
4332	0	3
4333	1	4
4334	0	5
4335	0	4
4336	0	9
4337	1	8
4338	1	12
4339	1	3
4340	1	6
4341	1	5
4342	1	6
4343	1	8
4344	1	5
4345	0	11
4346	1	12
4347	0	9
4348	4	6
4349	0	12
4350	1	8
4351	1	6
4352	4	4
4353	0	2
4354	1	8
4355	0	6
4356	0	4
4357	1	6
4358	1	2
4359	5	3
4360	1	5
4361	1	2
4362	2	3
4363	1	5
4364	2	4
4365	1	2
4366	3	0
4367	2	5
4368	1	3
4369	5	1
4370	1	5
4371	0	4
4372	0	5
4373	0	10
4374	0	4
4375	0	17
4376	0	2
4377	1	3
4379	1	0
4380	1	0
4381	0	1
4382	0	1
4383	0	6
4384	0	2
4385	0	8
4386	4	5
4387	0	7
4389	0	4
4390	0	2
4391	1	6
4392	1	3
4393	0	2
4394	0	6
4395	0	3
4396	0	8
4397	1	11
4398	0	1
4399	1	3
4400	0	2
4401	0	4
4402	0	24
4403	1	15
4404	0	5
4405	0	3
4406	2	4
4407	1	2
4408	1	6
4409	2	7
4410	0	8
4411	2	7
4412	0	9
4413	0	16
4414	0	5
4415	1	5
4416	0	4
4417	0	6
4418	0	14
4419	0	5
4420	2	1
4421	3	3
4422	3	0
4423	2	1
4424	6	0
4425	3	2
4426	1	1
4427	0	2
4428	1	3
4429	2	0
4430	3	0
4431	2	3
4432	2	0
4433	0	2
4434	1	5
4435	1	3
4436	2	1
4437	4	2
4438	4	7
4439	1	4
4440	0	1
4441	1	1
4442	5	5
4444	0	1
4445	1	2
4446	0	3
4447	2	9
4448	1	9
4449	0	7
4450	3	6
4451	1	4
4452	0	5
4453	0	9
4454	0	8
4455	1	6
4456	0	9
4457	0	16
4458	2	4
4459	0	5
4460	0	16
4461	1	4
4462	1	4
4463	1	8
4464	2	1
4465	2	7
4466	0	5
4467	1	6
4468	2	4
4469	2	1
4470	2	1
4471	0	4
4472	3	1
4473	3	3
4474	0	2
4475	2	0
4476	6	3
4477	4	4
4478	1	3
4479	0	4
4480	0	2
4481	1	2
4482	0	1
4483	0	5
4484	0	3
4485	2	5
4486	3	4
4487	1	1
4488	3	1
4489	0	4
4490	0	2
4491	2	7
4492	0	3
4493	2	2
4494	3	3
4495	2	1
4496	5	2
4497	1	2
4498	1	3
4499	3	2
4500	2	4
4501	0	2
4502	2	3
4503	2	1
4504	8	4
4505	2	2
4506	3	2
4507	1	3
4508	1	6
4509	0	5
4510	0	9
4511	0	4
4512	3	2
4513	3	3
4514	1	3
4515	3	3
4516	0	1
4517	3	3
4518	0	6
4519	2	4
4520	2	2
4521	2	2
4522	1	2
4523	2	6
4524	1	1
4525	1	2
4526	1	1
4527	3	2
4528	2	2
4529	0	1
4531	1	2
4532	2	2
4533	8	1
4534	2	3
4535	0	5
4536	3	2
4538	3	5
4539	0	4
4540	1	2
4541	0	3
4542	2	1
4543	0	3
4544	1	0
4545	2	1
4547	1	1
4548	1	6
4549	3	4
4550	2	5
4551	1	2
4552	1	0
4553	3	7
4554	1	4
4555	1	11
4556	0	5
4557	4	3
4558	1	3
4559	2	1
4560	3	2
4561	1	1
4562	1	0
4563	1	3
4564	0	3
4565	6	2
4566	2	4
4567	1	25
4568	0	3
4569	0	13
4570	0	13
4571	1	3
4572	0	4
4573	0	9
4574	1	16
4575	1	4
4576	1	25
4577	2	8
4578	2	12
4579	0	30
4580	0	14
4581	1	9
4582	0	15
4583	1	13
4584	3	3
4585	1	3
4586	0	6
4587	0	14
4588	1	11
4589	0	27
4590	0	5
4592	1	11
4593	2	12
4594	0	8
4595	0	6
4596	0	7
4597	0	6
4598	0	6
4599	0	4
4600	1	7
4601	2	12
4602	0	13
4603	1	9
4604	0	6
4605	0	8
4606	0	4
4607	0	11
4608	0	8
4609	2	3
4610	0	2
4611	1	6
4612	0	2
4613	0	7
4614	0	8
4615	0	3
4616	2	4
4617	1	2
4618	1	2
4619	0	6
4620	0	4
4621	0	4
4622	0	5
4623	0	5
4624	0	5
4625	0	3
4626	3	0
4627	0	1
4628	2	3
4629	2	0
4630	1	0
4631	1	1
4632	2	2
4633	2	4
4634	2	4
4635	3	1
4636	1	1
4637	0	1
4638	0	3
4639	1	5
4640	0	7
4641	0	13
4642	0	9
4643	0	12
4644	0	4
4645	0	5
4646	0	3
4647	3	2
4648	2	3
4649	1	3
4650	1	1
4651	0	1
4652	2	1
4653	0	1
4656	3	6
4657	2	6
4658	1	6
4659	2	2
4660	0	4
4661	5	7
4662	5	7
4663	2	2
4664	2	6
4665	0	12
4666	0	6
4667	0	8
4668	1	7
4669	0	4
4670	0	6
4671	2	5
4672	1	6
4673	0	8
4674	0	8
4675	0	12
4676	3	7
4677	0	8
4678	0	7
4679	0	13
4680	0	13
4681	1	5
4682	2	4
4683	1	8
4684	4	1
4685	1	2
4686	3	1
4687	1	2
4688	1	0
4689	1	3
4690	1	0
4691	1	0
4692	6	1
4693	2	1
4694	5	2
4695	2	2
4696	2	0
4697	1	3
4698	1	2
4699	2	0
4700	5	0
4701	4	2
4702	3	1
4703	5	2
4704	5	1
4705	2	0
4707	1	3
4708	0	2
4709	2	0
4710	3	1
4711	3	3
4712	1	0
4713	2	1
4714	2	2
4715	1	1
4716	9	1
4717	6	0
4718	0	3
4719	5	1
4720	1	3
4721	0	3
4722	1	1
4723	1	4
4724	1	6
4725	1	1
4726	0	3
4727	2	3
4728	3	6
4729	3	1
4730	2	2
4731	2	4
4732	2	2
4733	0	1
4734	0	4
4735	0	14
4736	1	2
4737	2	1
4738	2	5
4739	5	2
4740	1	4
4742	7	3
4743	1	1
4744	3	4
4745	1	2
4746	2	2
4747	1	0
4748	0	3
4749	3	1
4750	4	4
4751	3	1
4752	0	3
4753	3	1
4754	1	4
4755	2	4
4756	1	6
4757	3	2
4758	1	3
4759	3	1
4760	2	0
4761	0	2
4762	2	4
4763	1	0
4764	3	3
4765	5	6
4766	1	2
4767	1	1
4768	3	1
4769	2	1
4770	2	1
4771	1	1
4772	1	3
4773	1	4
4774	5	5
4775	3	6
4776	0	2
4777	3	2
4778	3	0
4780	1	1
4781	2	2
4782	4	2
4783	2	4
4784	1	0
4785	2	1
4786	1	0
4787	2	2
4788	3	3
4789	4	5
4790	0	3
4791	1	2
4792	2	2
4793	0	1
4794	2	4
4795	1	4
4796	0	8
4797	0	8
4798	0	4
4799	0	8
4800	0	8
4801	1	5
4802	0	8
4803	1	10
4804	1	4
4805	0	3
4806	0	5
4807	0	10
4808	0	6
4809	0	11
4810	5	2
4811	0	10
4812	1	1
4813	0	1
4814	1	1
4815	0	3
4816	3	8
4817	0	5
4819	0	2
4820	1	1
4821	2	1
4822	2	0
4823	1	25
4824	0	17
4825	0	17
4826	0	23
4827	2	7
4828	0	3
4829	0	1
4830	0	2
4832	0	7
4833	0	3
4834	0	1
4835	2	2
4836	1	2
4837	2	9
4838	0	1
4839	0	3
4840	1	0
4841	1	0
4842	1	1
4843	0	2
4844	1	5
4845	0	24
4847	2	3
4848	0	7
4849	0	7
4850	0	1
4851	1	5
4852	0	14
4853	0	1
4854	1	11
4855	0	9
4856	0	10
4857	0	11
4858	0	10
4859	0	9
4860	2	9
4861	2	10
4862	0	30
4863	0	6
4864	2	10
4865	1	9
4866	0	8
4867	1	14
4868	2	10
4869	2	9
4870	1	5
4871	0	9
4872	0	3
4873	0	10
4874	1	14
4875	1	10
4876	0	13
4877	0	9
4878	3	12
4879	1	6
4880	4	3
4881	4	1
4882	3	2
4883	4	0
4884	1	3
4885	1	2
4886	1	3
4887	0	3
4888	1	10
4889	1	5
4890	0	6
4891	1	2
4892	5	0
4893	0	6
4894	1	4
4895	3	3
4896	0	1
4897	2	0
4898	0	1
4899	0	2
4900	1	1
4901	3	2
4902	2	2
4903	1	1
4904	2	1
4905	7	0
4906	1	0
4907	1	1
4908	2	1
4909	0	1
4910	3	1
4911	1	3
4912	0	1
4913	0	1
4914	6	3
4915	1	5
4916	6	5
4917	5	3
4918	0	5
4919	2	3
4920	1	1
4921	4	1
4922	1	1
4923	0	3
4924	2	3
4925	1	18
4926	1	1
4928	2	0
4929	5	0
4930	1	1
4931	2	5
4932	0	6
4933	8	0
4934	2	3
4935	3	1
4936	3	2
4937	0	2
4938	3	4
4939	4	4
4940	3	3
4941	4	2
4942	2	2
4943	3	2
4944	4	2
4945	3	2
4946	2	2
4947	4	1
4948	4	1
4949	3	1
4950	3	3
4951	5	2
4952	2	3
4953	1	15
4954	0	8
4955	0	6
4956	1	14
4957	1	7
4958	1	6
4959	0	12
4960	1	1
4961	3	5
4962	1	13
4963	1	2
4964	0	1
4965	0	9
4966	2	7
4967	0	2
4968	0	1
4969	0	5
4970	0	7
4971	0	4
4972	0	10
4973	1	7
4974	1	1
4975	0	3
4976	1	3
4977	0	8
4978	0	6
4979	0	6
4980	0	6
4981	0	5
4982	0	5
4983	0	4
4984	1	13
4985	3	6
4986	4	4
4987	0	11
4988	0	8
4989	0	5
4990	2	2
4991	0	8
4992	1	12
4993	0	14
4994	0	2
4995	0	7
4996	2	12
4997	1	6
4998	1	13
4999	0	22
5000	0	12
5001	1	4
5002	2	1
5003	4	2
5004	6	3
5005	2	1
5006	2	0
5007	0	4
5008	1	0
5009	0	2
5010	2	4
5011	0	3
5012	4	1
5013	1	4
5014	1	10
5015	1	6
5016	3	14
5017	0	8
5018	0	5
5019	0	12
5020	1	7
5021	1	6
5022	0	11
5023	1	3
5024	0	11
5025	0	9
5026	1	10
5027	1	10
5028	0	4
5029	0	5
5030	0	9
5031	2	7
5032	2	1
5033	4	9
5034	1	12
5035	1	13
5036	0	26
5037	0	21
5038	0	12
5039	0	7
5042	1	0
5044	2	1
5045	1	0
5046	1	2
5047	0	11
5048	0	15
5049	0	28
5050	0	26
5051	0	18
5052	0	10
5053	1	13
5054	2	5
5055	0	21
5056	0	10
5057	4	5
5058	2	2
5059	3	1
5060	2	0
5061	2	1
5062	2	2
5063	5	2
5064	2	2
5065	0	2
5067	0	3
5068	1	1
5069	0	2
5070	3	2
5071	0	2
5072	0	2
5073	1	0
5074	1	1
5076	4	1
5077	0	2
5078	1	3
5079	4	2
5080	0	5
5081	3	1
5082	0	1
5083	2	0
5084	3	9
5085	1	2
5086	2	4
5087	0	2
5088	1	11
5089	0	7
5090	0	6
5091	0	7
5092	0	3
5093	2	4
5094	2	1
5095	0	1
5096	2	3
5097	3	2
5098	2	1
5099	2	5
5100	1	0
5101	2	1
5102	2	3
5103	1	2
5104	2	2
5105	1	6
5106	3	3
5107	4	1
5108	1	0
5109	2	1
5110	0	4
5111	1	4
5112	0	2
5113	1	5
5114	2	5
5115	1	4
5116	2	0
5117	2	3
5118	2	2
5119	4	5
5120	2	2
5121	0	3
5122	3	4
5123	1	2
5124	0	5
5125	0	1
5126	1	2
5127	1	6
5128	1	1
5129	1	4
5130	4	4
5131	2	7
5132	1	1
5133	1	1
5134	1	6
5135	1	16
5136	2	1
5137	2	4
5138	2	1
5139	2	2
5140	1	2
5141	3	1
5142	1	3
5143	3	0
5144	6	4
5145	1	1
5146	1	4
5147	1	2
5148	1	0
5149	1	7
5150	2	4
5151	1	3
5152	0	2
5153	0	2
5154	1	4
5155	0	1
5156	1	1
5157	1	4
5158	3	3
5159	1	5
5160	3	1
5161	0	4
5162	4	4
5163	3	5
5164	1	2
5165	0	5
5166	0	8
5167	1	3
5168	0	7
5169	0	4
5170	1	11
5171	2	6
5172	0	3
5173	0	5
5174	0	4
5175	0	4
5176	2	4
5177	0	2
5178	0	9
5179	2	2
5180	1	5
5181	2	9
5182	2	9
5183	1	4
5184	0	5
5185	0	7
5186	0	14
5187	1	4
5188	1	5
5189	1	0
5190	1	7
5191	0	4
5192	0	10
5193	0	7
5194	0	3
5195	1	5
5196	1	1
5197	0	6
5198	0	5
5199	4	7
5200	3	5
5201	2	6
5202	1	3
5203	0	4
5204	0	5
5205	1	10
5206	1	7
5207	1	6
5208	1	7
5209	1	3
5210	0	6
5211	3	4
5212	1	12
5213	3	6
5214	0	2
5215	1	5
5216	2	2
5218	1	3
5219	2	7
5220	2	3
5221	1	6
5222	1	1
5223	0	8
5224	1	5
5225	0	4
5226	0	8
5227	0	2
5228	0	4
5229	0	8
5230	0	5
5231	1	9
5232	0	4
5233	2	5
5234	2	7
5235	3	3
5236	3	3
5237	1	5
5238	1	3
5239	0	2
5240	0	6
5241	0	6
5242	0	8
5243	0	4
5244	0	8
5245	0	9
5246	2	4
5247	1	4
5248	1	2
5249	0	6
5250	0	5
5251	0	2
5252	1	5
5253	2	7
5254	0	8
5255	0	3
5256	1	6
5257	1	2
5258	0	7
5259	0	5
5260	0	3
5261	1	4
5262	1	6
5263	2	5
5264	0	4
5265	0	5
5266	1	3
5267	0	4
5268	1	6
5269	1	9
5270	0	5
5271	5	2
5272	4	5
5273	1	4
5274	0	6
5275	0	10
5276	0	8
5277	0	4
5278	1	10
5279	0	7
5280	1	2
5281	1	5
5282	3	7
5283	1	8
5284	0	4
5285	1	2
5286	1	3
5287	2	5
5288	1	9
5289	0	2
5290	1	8
5291	0	5
5292	0	1
5293	2	4
5294	0	5
5295	1	9
5296	0	6
5297	0	2
5298	2	6
5299	1	7
5300	0	5
5301	0	7
5302	3	6
5303	0	4
5304	0	4
5305	1	9
5306	0	10
5307	0	5
5308	0	7
5309	0	6
5310	3	5
5311	1	1
5315	0	2
5316	0	2
5317	2	5
5318	1	2
5319	6	2
5320	3	5
5321	3	4
5322	0	3
5323	0	8
5324	0	3
5325	0	4
5326	0	5
5327	0	7
5328	0	5
5329	2	6
5330	0	1
5331	1	3
5332	1	6
5333	3	0
5334	1	3
5335	1	5
5336	2	2
5337	1	7
5338	0	5
5339	0	12
5340	1	5
5341	0	5
5342	0	12
5343	1	8
5344	0	8
5345	1	1
5346	0	12
5347	1	5
5348	4	5
5349	0	7
5350	1	8
5351	0	2
5352	0	7
5353	0	9
5354	0	8
5355	2	3
5356	1	0
5357	0	1
5358	2	3
5359	1	3
5360	0	2
5361	4	0
5362	2	1
5363	1	3
5364	2	4
5365	5	2
5366	2	4
5367	3	3
5368	3	9
5369	2	4
5370	0	5
5371	2	9
5372	1	6
5373	0	5
5374	0	7
5375	2	7
5376	0	7
5377	0	3
5378	0	3
5379	0	4
5380	2	3
5381	1	5
5382	2	4
5383	2	5
5384	0	6
5385	1	4
5386	0	7
5387	0	3
5388	1	5
5389	1	9
5390	0	3
5391	1	6
5392	1	7
5393	1	5
5394	0	6
5395	0	7
5396	0	2
5397	0	3
5398	1	3
5399	3	5
5400	1	2
5401	0	6
5402	0	3
5403	1	12
5404	0	4
5405	0	6
5406	0	4
5407	0	4
5408	0	2
5409	0	5
5410	1	4
5411	3	8
5412	1	6
5413	0	6
5414	0	8
5415	1	7
5416	0	15
5417	0	4
5418	2	1
5419	0	3
5421	1	3
5422	3	1
5423	0	7
5424	1	1
5425	0	2
5426	0	3
5427	2	5
5428	1	0
5429	0	1
5430	0	9
5431	0	8
5432	1	5
5433	0	9
5434	0	6
5435	1	2
5436	1	10
5437	1	12
5438	0	5
5439	0	3
5440	0	3
5441	2	12
5442	0	4
5443	0	2
5444	0	4
5445	1	4
5446	3	5
5447	0	3
5448	2	7
5449	0	5
5450	0	4
5451	0	2
5452	1	5
5453	2	4
5454	2	3
5455	1	2
5456	0	2
5457	0	2
5458	0	12
5459	1	9
5460	0	6
5461	1	11
5462	3	8
5463	1	1
5464	0	6
5465	0	5
5466	2	5
5467	0	8
5468	0	5
5469	0	1
5470	0	6
5471	0	5
5472	0	7
5473	1	10
5474	5	7
5475	2	2
5476	4	3
5477	0	2
5478	1	0
5479	0	4
5480	2	3
5481	0	8
5482	1	8
5483	3	6
5484	0	11
5485	0	2
5486	0	7
5487	0	4
5488	1	15
5489	1	2
5490	3	5
5491	0	5
5492	0	7
5493	0	5
5494	1	3
5495	0	2
5496	0	4
5497	0	4
5498	0	7
5499	0	6
5500	1	7
5501	0	8
5502	0	7
5503	0	7
5504	0	10
5505	1	5
5506	0	5
5507	4	3
5508	1	2
5509	4	6
5510	0	2
5511	1	1
5512	1	4
5513	3	3
5514	1	4
5515	0	5
5516	0	1
5517	0	6
5518	0	1
5519	0	7
5520	0	5
5521	0	4
5522	0	5
5523	0	4
5524	1	1
5525	2	1
5526	3	0
5527	2	7
5528	0	2
5529	1	2
5530	3	5
5531	2	4
5532	1	4
5533	0	6
5534	1	2
5535	0	11
5536	0	4
5537	1	4
5538	1	9
5539	1	3
5540	0	3
5541	0	5
5542	1	7
5543	0	10
5544	1	11
5545	1	0
5546	2	12
5547	1	9
5548	2	7
5549	0	8
5550	0	9
5551	3	5
5552	0	7
5553	2	11
5554	1	5
5555	0	6
5556	1	6
5557	0	12
5558	1	5
5559	0	4
5560	0	5
5561	1	7
5562	5	6
5563	1	1
5564	4	5
5565	1	4
5566	1	8
5567	0	5
5568	0	2
5569	1	6
5570	1	6
5571	3	6
5572	1	9
5573	3	2
5574	2	3
5575	1	1
5576	0	4
5577	3	4
5578	0	1
5579	2	0
5580	1	3
5581	0	3
5582	5	3
5583	1	2
5584	1	13
5585	2	4
5586	0	2
5587	4	6
5588	2	4
5589	0	6
5590	1	2
5591	2	2
5592	2	2
5593	1	3
5594	1	2
5595	2	4
5596	3	3
5597	3	5
5598	0	2
5599	0	5
5600	0	8
5601	0	7
5602	2	4
5603	0	4
5604	0	8
5605	0	9
5606	0	6
5607	4	7
5608	4	2
5609	2	5
5610	1	6
5611	4	4
5612	0	6
5613	2	4
5614	0	8
5615	0	11
5616	1	3
5617	0	4
5618	0	12
5619	0	8
5620	0	8
5621	1	4
5622	0	3
5623	0	3
5624	0	3
5625	0	4
5626	0	7
5627	0	6
5628	0	5
5629	1	4
5630	0	5
5631	0	3
5632	0	4
5633	0	8
5634	1	6
5635	0	3
5636	0	9
5637	0	2
5638	0	7
5639	0	8
5640	1	4
5641	1	5
5642	1	4
5643	0	7
5644	0	5
5645	0	5
5646	1	7
5647	0	9
5648	2	7
5649	1	9
5650	0	7
5651	0	1
5652	0	5
5653	1	3
5654	0	6
5655	0	7
5656	0	6
5657	0	5
5658	0	7
5659	0	2
5660	0	4
5661	0	5
5662	1	8
5663	0	8
5664	0	8
5665	1	9
5666	0	4
5667	0	8
5668	2	5
5669	0	6
5670	0	6
5671	0	5
5672	1	6
5673	1	5
5674	1	2
5675	1	3
5676	1	7
5677	2	6
5678	0	5
5679	2	5
5680	1	8
5681	0	4
5682	1	3
5683	0	7
5684	3	8
5685	0	6
5686	0	14
5687	0	7
5688	0	1
5689	0	9
5690	0	3
5691	0	13
5692	0	8
5693	0	3
5694	1	3
5695	0	4
5696	1	7
5697	0	4
5698	0	5
5699	1	7
5700	1	3
5701	0	6
5702	0	7
5703	1	2
5704	1	4
5705	0	9
5706	0	7
5707	0	3
5708	0	3
5709	1	4
5710	0	2
5711	4	3
5712	3	2
5713	3	1
5714	2	2
5716	4	6
5717	5	5
5718	1	1
5719	2	3
5720	2	2
5721	1	5
5722	1	2
5723	0	5
5724	2	0
5725	1	3
5726	2	2
5727	2	9
5729	0	2
5730	2	4
5731	2	8
5732	1	2
5733	2	6
5734	0	2
5735	3	3
5736	3	1
5737	2	3
5739	2	2
5740	2	1
5741	0	3
5742	6	1
5743	1	1
5744	3	5
5745	0	3
5746	0	2
5747	2	2
5748	2	2
5749	1	0
5750	5	0
5751	1	1
5752	2	4
5753	0	2
5754	1	4
5755	2	4
5756	2	6
5757	0	9
5758	0	6
5759	2	4
5760	0	5
5761	0	3
5762	4	3
5763	1	6
5764	0	8
5765	2	14
5766	1	6
5768	1	0
5769	1	1
5770	3	2
5771	3	2
5772	0	3
5774	1	1
5775	0	3
5776	1	1
5777	1	12
5778	0	19
5779	0	19
5780	1	11
5781	1	5
5782	1	6
5783	0	7
5784	2	1
5785	2	4
5786	2	1
5787	2	3
5788	2	0
5789	2	2
5790	1	4
5791	0	5
5792	0	1
5793	1	2
5794	2	1
5795	0	3
5796	2	3
5797	0	2
5798	2	5
5799	1	3
5800	0	4
5801	2	1
5802	3	2
5803	2	5
5804	1	2
5805	1	2
5806	3	1
5807	2	2
5808	3	1
5809	3	2
5810	3	2
5811	2	5
5812	4	1
5813	5	2
5814	7	5
5815	0	7
5816	1	8
5817	0	8
5818	1	1
5819	2	8
5820	0	5
5821	0	14
5822	0	33
5823	2	5
5824	0	8
5825	0	13
5826	1	25
5827	0	38
5828	2	31
5829	1	7
5830	1	0
5831	1	0
5832	1	3
5833	0	1
5835	0	5
5836	0	13
5837	0	5
5838	0	21
5839	1	10
5840	2	4
5841	0	8
5842	0	8
5843	1	14
5844	0	11
5845	1	12
5846	4	8
5847	0	3
5848	2	0
5849	1	0
5850	0	2
5851	0	3
5852	2	2
5853	2	7
5854	2	4
5855	1	1
5856	2	7
5857	2	1
5858	1	1
5859	0	3
5860	6	3
5861	4	1
5862	0	2
5863	0	3
5864	2	2
5865	3	3
5866	2	2
5867	2	2
5868	2	3
5869	0	9
5870	2	10
5871	1	14
5872	1	20
5873	0	3
5874	0	18
5875	1	18
5876	1	19
5877	0	4
5878	0	3
5879	0	6
5880	2	6
5881	0	8
5882	0	8
5883	1	8
5884	0	7
5885	0	14
5886	1	7
5887	0	6
5888	1	7
5889	0	20
5890	0	18
5891	0	7
5892	1	5
5893	0	8
5894	0	4
5896	0	1
5897	1	13
5898	0	3
5899	0	6
5900	0	4
5901	1	18
5902	0	5
5903	0	2
5904	1	0
5905	2	1
5906	1	1
5907	0	1
5908	1	2
5909	1	5
5910	0	1
5911	0	3
5912	0	3
5913	1	2
5914	0	4
5915	0	2
5916	0	4
5917	0	11
5918	0	4
5920	0	7
5921	0	24
5922	2	9
5923	3	3
5924	0	5
5925	1	7
5926	0	11
5927	0	21
5928	2	3
5929	4	3
5930	1	5
5931	2	0
5932	3	4
5933	2	1
5934	1	4
5935	6	6
5936	5	2
5937	2	3
5938	2	4
5939	2	1
5940	0	2
5941	4	3
5942	2	3
5943	4	3
5944	4	4
5945	2	3
5946	0	2
5947	5	3
5948	1	4
5949	2	5
5950	0	2
5951	1	2
5952	1	1
5953	6	6
5954	3	10
5955	2	8
5956	1	4
5957	1	27
5958	0	16
5959	0	16
5960	0	11
5961	0	19
5962	2	7
5963	0	21
5964	1	9
5965	3	5
5966	1	2
5967	3	3
5968	2	3
5969	1	3
5970	0	4
5971	0	6
5972	1	4
5973	1	5
5974	0	1
5975	0	1
5976	2	1
5977	1	8
5978	1	12
5979	0	5
5980	0	6
5981	1	2
5982	0	9
5983	0	9
5984	2	17
5985	0	15
5986	0	21
5987	1	10
5988	0	6
5989	3	13
5990	0	19
5991	0	13
5992	1	2
5993	0	5
5994	0	8
5995	1	8
5996	0	16
5997	1	20
5998	2	8
5999	1	31
6000	0	23
6001	0	15
6002	2	0
6004	2	1
6005	3	8
6006	1	30
6007	0	13
6008	0	4
6009	0	1
6010	0	3
6011	1	5
6012	0	6
6013	1	2
6014	2	8
6015	0	6
6016	2	1
6017	0	7
6018	0	8
6019	0	6
6020	0	16
6021	0	5
6022	1	2
6023	1	14
6024	0	18
6025	0	17
6026	0	12
6027	1	9
6028	1	16
6029	2	0
6030	0	18
6031	0	15
6032	2	2
6033	2	4
6034	1	2
6035	3	3
6036	0	3
6037	0	3
6038	0	4
6039	2	2
6040	1	1
6041	5	3
6042	2	1
6043	0	1
6044	0	1
6045	2	3
6046	0	2
6047	1	0
6048	0	3
6049	4	1
6050	5	1
6051	3	0
6052	2	9
6053	0	16
6054	0	12
6055	2	10
6056	0	9
6057	1	11
6058	0	12
6059	1	3
6060	0	8
6061	0	1
6062	1	13
6063	0	10
6064	0	15
6065	1	8
6066	1	4
6067	1	3
6068	3	1
6069	1	4
6070	3	4
6071	1	2
6072	4	5
6073	3	1
6074	3	3
6075	0	6
6076	0	8
6077	0	11
6078	1	17
6079	0	19
6080	1	15
6081	0	15
6082	1	14
6083	0	14
6084	0	16
6085	0	14
6086	0	8
6087	0	16
6088	1	7
6089	1	3
6090	0	2
6091	1	6
6092	4	1
6093	1	6
6094	0	19
6095	0	17
6096	0	3
6097	0	3
6098	0	4
6099	0	7
6100	2	11
6101	0	16
6102	0	8
6103	0	2
6104	1	5
6105	0	4
6106	0	8
6107	1	8
6108	1	6
6109	0	4
6110	1	0
6111	1	4
6112	0	13
6113	1	5
6114	0	8
6115	0	14
6116	1	22
6117	0	18
6118	0	12
6119	0	23
6120	0	10
6121	0	17
6122	0	15
6123	1	16
6124	0	11
6125	3	6
6126	2	16
6127	1	7
6128	3	2
6130	3	4
6131	2	0
6132	0	1
6133	1	3
6134	0	17
6135	0	6
6136	1	1
6137	0	2
6138	0	22
6139	1	26
6140	2	18
6141	1	30
6142	1	2
6143	2	1
6144	0	10
6145	1	11
6146	0	10
6147	0	15
6148	2	1
6149	1	23
6150	1	17
6151	3	12
6152	1	10
6153	1	3
6154	1	2
6155	1	5
6156	0	6
6157	0	2
6158	2	4
6159	0	1
6160	1	2
6161	0	2
6162	6	4
6163	1	1
6164	2	2
6166	1	1
6168	0	3
6169	1	3
6170	5	1
6171	3	1
6173	2	3
6174	1	0
6175	1	3
6176	4	2
6177	1	2
6178	1	4
6179	3	0
6180	3	2
6181	0	7
6182	2	6
6183	0	8
6184	0	12
6185	3	13
6186	0	1
6187	0	17
6188	1	20
6189	0	10
6190	0	8
6191	1	8
6192	1	1
6193	0	3
6194	3	4
6195	3	2
6196	0	2
6197	3	1
6198	2	2
6199	1	3
6200	2	2
6201	1	0
6202	0	5
6203	2	3
6204	1	2
6205	0	3
6206	1	6
6207	1	1
6208	1	2
6209	4	4
6210	0	1
6211	3	4
6212	5	7
6213	4	3
6214	3	2
6215	1	1
6216	2	1
6217	3	2
6218	3	8
6219	1	2
6220	1	2
6221	2	5
6222	2	4
6223	2	3
6224	2	4
6225	1	3
6226	4	1
6227	3	4
6228	2	2
6229	1	2
6230	1	7
6231	0	7
6232	0	5
6233	0	6
6234	2	11
6235	1	11
6236	0	15
6237	1	10
6238	0	7
6239	1	3
6240	2	1
6241	1	19
6242	0	3
6243	0	7
6244	0	8
6245	0	3
6246	0	6
6247	1	1
6248	1	2
6249	0	9
6250	2	6
6251	1	8
6252	1	3
6253	0	7
6254	1	4
6255	0	3
6256	0	5
6257	2	8
6258	0	3
6259	0	4
6260	1	7
6261	1	6
6262	1	8
6263	0	5
6264	0	6
6265	2	5
6266	0	5
6267	0	2
6268	0	1
6269	1	7
6270	0	2
6271	1	8
6272	0	5
6273	0	5
6274	2	6
6275	2	5
6276	0	6
6277	0	5
6278	2	8
6279	2	6
6280	0	8
6281	1	5
6282	0	8
6283	0	3
6285	2	9
6286	0	7
6287	1	3
6288	0	6
6289	0	1
6290	1	7
6291	2	8
6292	0	7
6293	2	7
6294	0	5
6295	3	4
6296	2	2
6297	4	3
6298	2	3
6299	2	6
6300	2	2
6301	1	1
6302	0	7
6303	2	3
6304	3	3
6305	3	2
6306	2	7
6307	1	2
6308	4	3
6309	1	0
6310	3	1
6311	3	3
6312	2	3
6313	1	1
6314	3	0
6315	3	1
6316	3	1
6317	2	2
6318	2	1
6319	4	0
6320	1	0
6321	1	2
6322	2	2
6323	1	0
6324	2	1
6326	2	3
6327	4	2
6328	1	0
6330	2	2
6331	3	0
6332	6	5
6333	2	0
6334	1	0
6335	3	2
6336	5	2
6337	0	1
6338	1	2
6340	3	0
6342	2	2
6343	1	5
6344	2	2
6345	1	3
6346	0	3
6347	1	3
6348	0	2
6349	1	5
6350	2	8
6351	1	8
6352	0	31
6353	0	16
6354	0	8
6355	0	17
6356	1	10
6357	0	11
6358	1	19
6359	0	11
6360	1	27
6361	0	3
6362	3	2
6363	1	1
6364	1	2
6365	0	4
6366	6	4
6367	4	3
6368	1	6
6369	1	4
6370	0	5
6371	0	12
6372	0	6
6373	1	5
6374	2	0
6375	4	6
6376	2	1
6377	1	6
6378	3	5
6379	2	1
6380	2	3
6381	0	2
6382	0	5
6383	1	4
6384	2	2
6385	4	2
6386	5	6
6387	0	2
6388	2	3
6389	3	3
6390	2	7
6391	3	2
6392	2	1
6393	2	1
6394	4	4
6395	2	0
6396	3	1
6397	3	1
6398	1	2
6399	2	5
6400	0	6
6401	6	0
6402	0	2
6403	0	2
6404	2	4
6405	3	2
6406	1	5
6407	1	1
6408	3	2
6409	2	3
6410	0	2
6411	0	1
6412	0	2
6413	0	1
6414	0	2
6415	2	2
6416	2	3
6417	2	2
6418	1	2
6419	0	2
6420	1	1
6421	0	6
6422	2	3
6423	4	0
6424	4	4
6425	3	3
6426	2	3
6427	0	4
6428	2	2
6429	5	1
6430	1	1
6431	2	3
6432	3	2
6433	2	3
6434	0	4
6435	4	0
6436	3	0
6437	2	0
6438	0	1
6439	0	1
6440	1	5
6441	1	3
6442	2	1
6443	7	5
6444	1	1
6445	6	5
6446	1	2
6447	0	4
6448	0	7
6449	1	4
6450	2	1
6451	1	2
6452	6	1
6453	1	7
6454	2	2
6455	2	0
6456	2	0
6457	3	2
6458	3	3
6459	2	5
6460	3	3
6461	0	1
6462	0	7
6463	0	7
6464	0	3
6465	2	0
6466	1	2
6467	1	1
6468	4	3
6469	1	2
6470	1	1
6471	1	1
6472	3	2
6473	0	4
6474	1	4
6475	4	7
6476	0	7
6477	2	2
6478	6	6
6479	0	2
6480	0	7
6481	5	0
6482	4	7
6483	2	4
6484	1	0
6485	4	0
6486	5	3
6487	4	1
6488	0	2
6489	4	1
6490	5	5
6491	2	3
6492	2	2
6493	7	3
6494	5	2
6495	2	2
6496	0	12
6497	1	1
6498	7	1
6499	4	2
6500	2	5
6501	0	13
6502	1	14
6504	0	3
6505	1	6
6506	1	8
6507	1	8
6508	0	6
6509	2	2
6510	1	8
6511	1	14
6512	0	9
6513	0	4
6514	1	4
6515	1	8
6516	0	2
6517	0	2
6518	0	5
6519	1	7
6520	0	14
6521	3	5
6522	2	2
6523	0	5
6524	1	7
6525	0	3
6526	0	10
6527	0	7
6528	0	11
6529	0	10
6530	1	6
6531	0	4
6532	0	10
6533	1	2
6534	0	19
6535	1	8
6536	0	4
6537	1	3
6538	0	2
6539	0	12
6540	1	13
6541	3	0
6542	1	7
6543	1	8
6544	1	10
6545	0	8
6546	0	8
6547	0	6
6548	1	6
6549	1	3
6550	1	6
6551	0	12
6552	1	18
6553	1	0
6554	1	13
6555	1	2
6556	0	8
6557	2	18
6558	1	15
6559	1	10
6560	0	6
6561	0	17
6562	0	11
6563	1	18
6564	1	17
6565	1	16
6566	1	1
6567	1	10
6568	0	8
6569	1	1
6570	2	2
6571	3	1
6572	2	1
6573	7	2
6574	8	5
6575	2	0
6576	1	1
6577	1	1
6578	3	5
6579	1	3
6580	3	1
6581	0	1
6582	0	1
6583	1	3
6584	0	11
6585	0	6
6586	2	6
6587	0	5
6588	0	10
6589	1	15
6590	1	4
6591	0	3
6592	0	6
6593	1	5
6594	1	3
6595	1	6
6596	1	8
6597	1	15
6598	0	10
6599	1	7
6600	0	4
6601	0	5
6602	1	2
6603	2	6
6604	2	2
6605	2	5
6606	7	0
6607	0	10
6608	0	21
6609	2	12
6610	0	9
6611	0	2
6612	5	3
6613	0	9
6614	3	1
6615	1	2
6616	2	2
6617	3	1
6618	1	3
6619	7	2
6620	2	3
6621	1	2
6622	2	6
6623	3	2
6624	1	0
6625	0	1
6626	1	1
6627	0	8
6628	1	7
6629	0	4
6630	1	9
6631	1	4
6632	0	9
6633	1	2
6637	0	2
6638	4	2
6639	1	4
6640	0	2
6641	4	2
6642	3	0
6643	2	0
6644	2	1
6645	1	3
6646	1	5
6647	0	12
6648	2	6
6649	2	5
6650	1	2
6651	0	5
6652	1	11
6653	0	4
6654	0	6
6655	0	9
6656	1	3
6657	0	3
6658	0	6
6659	0	15
6660	1	8
6661	0	8
6662	0	7
6663	1	6
6664	2	2
6665	2	2
6666	0	2
6667	0	1
6668	0	4
6669	1	5
6670	0	8
6671	0	10
6672	0	10
6673	2	15
6674	0	15
6675	1	13
6676	1	7
6677	2	13
6678	0	18
6679	0	11
6680	2	4
6681	0	15
6682	0	12
6683	0	29
6684	1	21
6685	1	4
6686	4	3
6687	0	7
6688	0	17
6689	0	16
6690	0	7
6691	0	7
6692	0	10
6693	0	8
6694	0	9
6695	0	7
6696	1	6
6697	0	4
6698	1	12
6699	0	9
6700	3	10
6701	1	16
6702	1	6
6703	0	9
6704	0	8
6705	0	7
6706	1	5
6707	1	12
6708	0	5
6709	0	15
6710	1	10
6711	0	7
6712	1	3
6713	1	6
6714	0	3
6715	2	8
6716	0	5
6717	1	3
6718	2	10
6719	1	4
6720	0	5
6721	0	8
6722	0	8
6723	0	12
6724	1	8
6726	0	3
6727	0	6
6728	0	6
6729	1	3
6730	0	8
6731	3	9
6732	0	2
6733	0	8
6734	0	8
6735	0	16
6736	1	3
6737	1	10
6738	0	3
6739	5	15
6740	3	16
6741	2	18
6742	0	22
6743	1	10
6744	1	6
6745	0	10
6746	1	4
6747	0	7
6748	0	6
6749	0	3
6750	1	6
6751	1	8
6752	0	6
6753	0	5
6754	0	2
6755	0	1
6756	1	5
6757	3	1
6758	0	9
6759	1	8
6760	0	9
6761	0	6
6762	0	12
6763	1	7
6764	1	4
6765	0	6
6766	2	11
6767	0	14
6768	1	5
6769	0	2
6770	1	6
6771	0	2
6772	1	18
6773	0	6
6774	0	5
6775	0	6
6776	0	5
6777	0	3
6778	0	3
6779	1	6
6780	0	9
6781	2	5
6782	1	0
6783	5	5
6784	2	4
6785	2	0
6786	1	1
6787	4	7
6788	3	3
6789	1	3
6790	3	3
6791	4	3
6792	1	2
6793	2	2
6794	6	2
6795	2	0
6796	3	7
6797	4	2
6798	2	1
6799	3	9
6800	4	2
6801	2	4
6802	5	4
6803	4	5
6804	3	4
6805	2	3
6806	3	4
6807	3	2
6808	2	6
6809	0	3
6810	3	5
6811	0	1
6812	1	2
6813	4	2
6814	3	3
6815	5	4
6816	2	4
6817	0	3
6818	1	3
6819	6	3
6820	2	0
6821	2	1
6822	2	1
6823	3	2
6824	5	3
6825	3	6
6826	0	2
6827	6	5
6828	1	1
6829	0	5
6830	2	3
6831	2	5
6832	0	3
6833	0	11
6834	0	8
6835	0	4
6836	0	5
6837	1	6
6838	3	5
6839	0	10
6840	0	2
6841	1	1
6844	1	7
6845	0	10
6846	0	10
6847	1	15
6848	0	9
6849	2	3
6850	0	5
6851	0	10
6852	0	6
6853	0	3
6854	1	0
6855	0	4
6856	0	5
6857	0	7
6858	1	1
6859	0	1
6860	0	2
6861	1	1
6862	1	0
6863	0	4
6864	1	2
6865	2	6
6866	1	4
6867	1	4
6868	0	13
6869	1	0
6870	3	0
6871	0	9
6872	0	5
6873	4	4
6874	0	5
6875	0	10
6876	0	7
6877	2	5
6878	2	4
6879	3	13
6880	0	14
6881	0	2
6882	1	5
6883	0	5
6884	1	1
6885	2	5
6886	1	10
6887	4	4
6888	0	19
6889	0	7
6890	2	0
6891	1	4
6892	0	1
6893	3	3
6894	1	2
6895	1	3
6896	0	15
6897	0	3
6898	0	5
6899	1	9
6901	0	6
6902	1	3
6903	0	3
6904	0	2
6905	0	6
6906	1	6
6907	2	5
6908	0	8
6909	0	13
6910	0	15
6911	2	26
6912	2	8
6913	0	11
6914	0	9
6915	0	3
6916	0	6
6917	0	7
6918	0	19
6919	0	21
6920	0	10
6921	1	8
6922	1	2
6923	3	5
6924	4	6
6925	3	0
6926	2	1
6927	1	6
6928	0	10
6929	0	7
6930	0	8
6931	0	2
6932	1	4
6933	1	4
6934	0	8
6935	0	7
6936	0	9
6937	0	1
6938	1	8
6939	1	12
6940	0	5
6941	1	6
6942	1	2
6943	1	5
6944	1	3
6945	1	4
6946	0	7
6947	2	0
6948	2	4
6950	1	4
6951	1	5
6952	0	1
6953	2	4
6954	1	4
6955	0	7
6956	1	15
6957	0	8
6958	1	9
6959	0	25
6962	0	11
6963	1	4
6964	0	11
6965	0	1
6966	0	5
6967	3	2
6968	0	1
6969	0	8
6970	0	6
6971	0	23
6972	0	13
6973	2	14
6974	2	8
6975	3	12
6976	1	16
6977	0	16
6978	1	1
6979	0	3
6980	0	3
6981	0	13
6982	0	4
6983	0	5
6984	0	7
6985	0	5
6986	2	11
6987	0	3
6988	1	3
6989	0	3
6990	0	8
6991	0	2
6992	1	7
6993	0	2
6994	1	9
6995	0	2
6996	0	4
6997	1	8
6998	2	3
6999	0	4
7000	1	3
7001	0	8
7002	0	2
7003	1	5
7004	0	5
7005	0	4
7006	3	10
7007	2	6
7008	0	6
7009	0	5
7010	0	12
7011	0	6
7012	0	8
7013	0	6
7014	0	9
7015	0	5
7016	0	4
7017	1	7
7018	0	3
7019	0	4
7020	1	11
7021	0	16
7022	1	2
7023	0	5
7024	0	9
7025	1	5
7026	1	6
7027	1	11
7028	0	2
7029	1	6
7030	0	2
7031	0	2
7032	2	2
7033	2	0
7034	3	2
7035	1	0
7036	2	5
7037	5	2
7038	2	2
7039	1	0
7040	2	1
7041	1	5
7042	3	4
7043	0	2
7044	4	5
7045	1	5
7046	0	11
7047	0	3
7048	1	4
7049	0	9
7050	0	9
7051	1	11
7052	0	3
7053	1	2
7054	0	14
7055	2	2
7056	1	1
7057	0	6
7058	4	3
7059	1	5
7060	2	2
7061	1	2
7062	2	2
7063	3	6
7064	1	2
7065	2	3
7066	0	4
7067	0	2
7068	2	1
7069	1	0
7070	1	2
7071	2	2
7072	1	2
7073	1	1
7074	2	1
7075	3	3
7076	3	1
7077	3	3
7078	5	3
7079	1	3
7080	3	2
7081	0	4
7082	8	4
7083	2	2
7084	5	2
7085	2	3
7086	3	2
7087	1	4
7088	1	10
7089	3	5
7090	1	2
7091	0	17
7092	0	13
7093	0	19
7094	0	7
7095	0	6
7096	0	4
7097	4	1
7098	0	9
7099	0	4
7100	1	5
7101	1	2
7102	2	3
7103	1	11
7104	0	13
7105	0	2
7106	0	7
7107	0	6
7108	1	14
7109	0	11
7110	0	16
7111	0	18
7112	1	12
7113	0	4
7114	0	4
7115	0	8
7116	0	10
7117	0	7
7118	0	27
7119	0	9
7120	0	4
7121	3	17
7122	0	6
7123	3	8
7124	0	4
7125	1	0
7126	0	2
7127	0	8
7128	1	15
7129	0	5
7130	0	3
7131	0	10
7132	0	8
7133	1	12
7134	0	11
7135	3	1
7136	1	1
7137	4	2
7138	2	3
7139	1	1
7140	1	2
7141	0	4
7142	3	1
7143	5	2
7144	2	1
7145	1	3
7146	1	1
7147	2	2
7148	3	3
7149	2	8
7150	1	3
7151	4	4
7152	5	3
7153	0	2
7154	1	2
7155	2	3
7156	0	12
7157	0	10
7158	0	4
7159	0	3
7161	0	1
7162	0	13
7163	1	7
7164	0	18
7165	1	22
7166	0	8
7167	1	0
7168	1	0
7169	4	0
7170	3	4
7171	4	1
7172	4	6
7173	9	3
7174	3	6
7175	1	6
7176	2	11
7177	1	11
7178	0	13
7179	0	8
7180	0	10
7181	1	19
7182	1	13
7183	0	14
7184	1	3
7185	0	2
7187	6	1
7188	3	0
7189	2	1
7190	5	1
7191	4	0
7192	1	3
7193	1	4
7194	2	2
7195	2	0
7196	0	1
7197	2	5
7198	1	3
7199	2	0
7200	0	1
7201	4	2
7202	1	2
7203	7	1
7204	1	3
7205	2	2
7206	5	1
7207	1	1
7208	2	6
7209	3	4
7210	5	7
7211	1	5
7212	4	5
7213	0	7
7214	1	0
7215	0	8
7216	1	4
7217	0	5
7218	3	3
7219	1	2
7220	3	2
7221	4	2
7222	3	2
7223	4	4
7224	1	7
7225	1	3
7226	0	8
7227	1	5
7228	1	11
7229	0	2
7230	1	9
7231	1	1
7232	2	7
7233	0	1
7234	1	1
7235	0	13
7236	2	5
7237	1	13
7238	0	5
7239	0	4
7240	0	13
7241	2	7
7242	0	17
7243	1	13
7244	2	16
7245	0	4
7246	0	4
7247	1	9
7248	1	3
7249	1	7
7250	1	0
7251	0	10
7252	0	2
7253	1	5
7255	2	2
7256	0	6
7257	0	9
7258	2	14
7259	0	6
7260	2	1
7261	0	7
7262	0	2
7263	0	2
7264	0	22
7265	1	6
7266	1	4
7267	0	11
7268	2	5
7269	1	0
7270	4	1
7271	0	1
7272	1	3
7273	0	15
7274	0	10
7275	0	12
7276	0	16
7277	0	12
7278	0	4
7279	1	14
7280	2	9
7281	2	10
7282	1	7
7283	0	13
7284	0	5
7285	1	5
7286	1	5
7287	1	5
7288	2	14
7289	1	12
7290	1	2
7291	0	10
7292	0	2
7293	0	6
7294	3	11
7295	1	15
7296	1	4
7297	2	6
7298	5	6
7299	2	5
7300	0	1
7301	0	3
7302	0	1
7303	1	4
7304	3	2
7305	0	1
7306	1	1
7307	1	2
7308	2	1
7309	2	3
7310	0	3
7312	2	1
7313	2	4
7314	3	1
7315	1	1
7316	1	1
7317	1	3
7318	4	1
7319	3	2
7320	2	2
7321	2	3
7322	0	4
7323	0	4
7324	0	2
7325	0	8
7326	2	11
7327	3	9
7328	1	5
7329	1	4
7330	1	2
7331	2	3
7332	2	10
7333	0	6
7334	1	6
7335	1	5
7336	0	15
7337	1	2
7339	2	3
7340	0	8
7341	0	12
7342	0	16
7343	0	6
7344	0	5
7345	2	5
7346	2	2
7347	0	2
7348	1	2
7349	0	1
7350	0	1
7351	0	2
7353	0	1
7355	1	1
7356	1	1
7358	0	1
7359	1	13
7360	0	12
7361	0	10
7362	0	3
7363	0	4
7364	0	2
7365	0	3
7366	0	11
7367	0	2
7368	0	2
7369	1	2
7370	1	2
7371	1	5
7372	1	0
7373	0	1
7374	0	9
7375	1	7
7376	4	4
7377	1	12
7378	1	7
7379	1	6
7380	1	8
7381	0	5
7382	2	9
7383	1	14
7384	1	11
7385	0	18
7386	0	21
7387	0	9
7388	1	14
7389	0	8
7390	0	6
7391	0	8
7392	0	11
7393	0	9
7394	7	4
7395	5	9
7396	0	9
7397	2	2
7398	0	3
7399	0	12
7400	0	9
7401	1	6
7402	0	17
7403	0	3
7404	0	11
7405	1	8
7406	1	8
7407	2	15
7408	1	9
7409	0	22
7410	1	11
7411	2	3
7412	1	7
7413	3	15
7414	2	12
7415	0	9
7416	0	8
7417	1	13
7418	1	6
7419	2	7
7420	0	6
7421	3	16
7422	0	6
7423	2	16
7424	0	10
7425	0	11
7426	1	8
7427	1	4
7428	0	18
7429	1	10
7430	1	12
7431	0	16
7432	1	29
7433	1	7
7434	2	5
7435	1	22
7436	2	4
7437	0	10
7438	0	13
7439	0	5
7440	0	11
7441	1	14
7442	2	8
7443	2	3
7444	0	5
7445	0	3
7446	0	1
7447	0	1
7448	0	4
7449	0	17
7450	0	4
7451	0	2
7453	2	1
7455	1	7
7456	0	9
7457	1	13
7458	1	7
7459	0	13
7460	3	11
7461	1	9
7462	1	17
7463	1	7
7464	1	2
7465	4	1
7466	2	3
7467	3	7
7468	3	5
7469	3	2
7470	2	8
7471	5	9
7472	2	8
7473	1	0
7474	1	6
7475	0	9
7476	0	11
7477	2	7
7478	2	2
7479	0	2
7480	1	2
7481	1	3
7482	2	11
7483	3	10
7484	0	9
7485	0	7
7486	2	1
7487	0	4
7488	0	2
7489	3	5
7490	0	2
7491	3	5
7492	3	3
7493	0	2
7494	0	3
7495	1	0
7496	3	5
7497	0	5
7498	3	6
7499	1	4
7500	1	4
7501	1	2
7502	0	9
7503	0	10
7504	2	8
7505	1	10
7506	1	6
7507	0	7
7508	0	6
7509	0	21
7510	0	6
7511	0	8
7512	1	8
7513	0	8
7514	0	17
7515	0	24
7516	0	8
7517	0	6
7518	1	9
7519	3	10
7520	0	4
7521	0	12
7522	1	4
7523	2	8
7524	0	5
7525	1	2
7526	0	1
7528	2	5
7529	1	10
7530	0	15
7531	0	14
7532	0	12
7533	1	0
7534	1	16
7535	0	16
7536	1	6
7537	1	9
7538	0	12
7539	0	18
7540	2	15
7541	0	9
7542	0	15
7543	1	7
7544	0	12
7545	0	5
7546	0	5
7547	2	8
7548	0	9
7549	1	5
7550	0	2
7551	0	2
7552	0	10
7553	1	6
7554	0	5
7555	0	9
7556	1	14
7557	0	14
7558	2	13
7559	1	5
7560	0	5
7561	0	2
7562	1	4
7563	0	3
7564	0	5
7565	0	4
7566	0	6
7567	0	15
7568	0	4
7569	0	4
7570	0	13
7571	0	7
7572	1	1
7573	3	1
7574	0	4
7575	1	14
7576	0	5
7577	0	3
7578	0	5
7579	0	5
7580	0	4
7581	0	7
7582	0	4
7583	3	6
7584	0	2
7585	0	1
7586	0	2
7587	1	2
7588	0	4
7589	0	2
7591	1	4
7592	1	7
7593	0	3
7595	1	8
7596	3	8
7597	2	9
7598	0	14
7599	0	11
7600	1	1
7601	2	0
7602	0	5
7603	1	14
7604	2	25
7605	2	9
7606	1	25
7607	2	11
7608	2	23
7609	0	18
7610	0	11
7611	0	9
7612	0	7
7613	0	8
7614	1	2
7615	2	12
7616	0	10
7617	2	11
7618	2	9
7619	0	9
7620	0	4
7621	1	4
7622	0	14
7623	0	19
7624	2	15
7625	0	4
7626	0	3
7627	1	8
7628	0	7
7629	0	9
7630	0	13
7631	3	5
7632	0	5
7633	0	8
7634	1	7
7635	0	1
7636	0	4
7637	1	7
7638	0	4
7639	0	7
7640	1	14
7641	1	8
7642	1	9
7643	0	3
7644	0	9
7645	0	5
7646	0	4
7647	1	10
7648	0	7
7649	2	6
7650	1	9
7651	2	7
7652	0	20
7653	0	10
7654	0	14
7655	1	14
7656	0	8
7657	2	3
7658	0	7
7659	1	6
7660	0	6
7661	9	1
7662	0	3
7663	1	11
7664	1	8
7665	2	5
7666	2	10
7667	0	9
7668	2	12
7669	0	5
7670	1	1
7671	0	1
7672	0	6
7673	1	1
7674	1	1
7675	0	4
7676	2	1
7677	1	11
7678	4	1
7680	1	0
7681	1	2
7682	4	0
7683	0	2
7684	0	5
7685	1	2
7686	0	4
7687	2	4
7688	1	4
7689	1	2
7690	2	0
7691	3	2
7692	1	1
7693	5	2
7694	0	5
7695	4	8
7696	2	3
7697	0	3
7698	0	1
7699	0	2
7700	1	3
7701	0	4
7702	0	7
7703	1	5
7704	1	10
7705	0	8
7706	0	5
7707	1	7
7708	2	9
7709	1	3
7710	0	6
7711	0	3
7712	1	1
7713	4	1
7714	2	6
7715	2	0
7716	3	1
7717	4	1
7718	5	1
7719	3	2
7720	3	2
7721	4	2
7722	2	0
7723	3	5
7724	4	2
7725	2	4
7726	0	3
7727	3	2
7728	4	3
7729	1	2
7730	2	3
7731	0	8
7732	2	10
7733	1	9
7734	1	16
7735	0	24
7736	1	7
7737	1	0
7738	1	2
7739	0	3
7740	1	3
7741	0	13
7742	0	12
7743	0	10
7744	0	12
7745	0	16
7746	0	5
7747	0	9
7748	0	5
7749	0	8
7750	0	10
7751	1	9
7752	2	5
7753	0	8
7754	0	3
7755	1	18
7756	1	22
7757	0	22
7758	0	15
7759	0	6
7760	0	1
7762	0	2
7763	0	12
7764	0	3
7765	2	13
7766	3	15
7767	1	32
7768	1	23
7769	0	24
7770	3	4
7771	1	10
7772	0	11
7773	3	23
7774	0	10
7775	0	3
7776	0	5
7777	1	12
7778	0	5
7779	0	5
7780	1	4
7781	0	7
7782	1	8
7783	3	4
7784	0	14
7785	2	6
7786	2	3
7787	3	0
7788	1	0
7789	0	2
7791	1	2
7792	1	5
7793	1	7
7794	0	6
7795	3	7
7796	1	6
7797	2	5
7798	0	4
7799	0	4
7800	0	6
7801	1	5
7802	1	5
7803	1	10
7804	0	11
7805	0	6
7806	1	13
7807	1	20
7808	0	7
7809	1	2
7810	0	1
7811	1	3
7812	1	6
7813	0	4
7814	0	3
7815	0	3
7816	0	4
7817	0	3
7818	1	1
7819	0	5
7820	0	3
7821	0	10
7822	1	6
7823	0	6
7824	0	4
7825	2	2
7826	4	2
7827	2	11
7828	0	5
7829	1	3
7830	0	2
7831	4	3
7832	3	0
7833	1	1
7834	1	3
7835	2	4
7836	1	4
7837	3	2
7838	1	5
7839	3	9
7840	1	3
7841	0	5
7842	1	12
7843	0	2
7844	1	4
7845	0	4
7846	1	3
7847	1	1
7848	2	1
7849	1	0
7850	1	0
7851	2	1
7852	2	1
7853	3	5
7854	0	1
7855	1	2
7856	1	6
7857	0	5
7858	0	6
7859	0	6
7860	3	7
7861	0	4
7862	1	6
7863	0	3
7864	2	7
7865	1	7
7866	1	3
7867	3	9
7868	0	3
7869	1	1
7870	2	0
7871	0	8
7872	0	7
7873	1	6
7874	1	11
7875	0	7
7876	1	1
7877	2	3
7878	0	2
7879	3	3
7880	3	4
7881	5	4
7882	0	2
7883	3	3
7884	2	0
7885	1	2
7886	0	3
7887	3	2
7888	0	1
7889	0	1
7890	1	10
7891	1	19
7892	0	14
7893	1	1
7894	1	4
7895	0	1
7896	1	7
7897	0	1
7898	1	7
7899	0	5
7900	1	6
7901	0	6
7902	1	5
7903	3	7
7904	3	2
7905	0	3
7906	2	2
7907	1	4
7908	0	3
7909	1	2
7910	1	1
7911	3	1
7912	2	2
7913	2	2
7914	2	1
7915	4	4
7916	1	1
7917	3	7
7918	1	3
7919	1	2
7920	2	5
7921	2	4
7922	0	1
7923	1	3
7924	1	3
7925	4	2
7926	4	2
7928	1	6
7929	1	0
7930	0	11
7931	2	7
7932	1	4
7933	1	9
7934	1	13
7935	1	5
7936	1	4
7937	1	7
7938	3	4
7939	0	9
7940	3	2
7941	3	6
7942	3	5
7943	0	2
7944	0	1
7945	0	2
7947	0	2
7948	0	1
7949	0	1
7950	0	1
7951	0	3
7952	1	3
7953	2	5
7954	3	1
7955	0	1
7956	1	3
7957	1	1
7958	2	3
7959	6	1
7960	0	1
7961	1	7
7962	3	1
7963	2	3
7964	4	9
7965	3	9
7966	10	5
7967	2	2
7968	2	6
7969	2	4
7970	0	7
7971	0	5
7972	0	6
7973	3	0
7974	1	3
7975	0	4
7976	2	5
7977	0	12
7978	0	7
7979	3	14
7980	2	18
7981	4	4
7982	4	3
7983	5	1
7984	6	0
7985	5	4
7986	5	4