1	0	1
2	1	4
3	1	0
4	0	2
5	0	2
6	0	1
7	0	1
9	3	1
10	1	0
11	2	4
12	0	5
13	0	1
14	0	3
15	0	1
16	0	3
17	1	2
18	0	2
19	1	6
20	1	2
21	0	3
22	3	1
23	0	6
24	0	3
25	2	1
26	0	4
27	0	2
28	0	2
29	0	3
30	0	1
31	0	3
33	2	2
34	0	1
35	1	2
36	0	1
37	1	2
38	1	0
39	2	3
40	0	3
41	1	4
42	0	3
43	0	6
44	1	2
45	1	3
46	0	7
47	0	7
48	0	2
49	3	4
50	1	5
51	1	1
52	0	2
53	0	1
54	0	1
55	0	4
56	0	1
57	0	1
58	0	2
59	2	2
60	1	2
61	2	2
62	2	3
63	0	1
64	2	2
65	0	2
66	0	3
67	1	3
68	0	3
69	2	4
70	0	2
71	1	0
72	2	1
73	1	0
74	1	1
75	3	0
76	1	3
77	1	1
78	1	4
79	3	4
80	0	4
81	2	6
82	1	4
83	1	4
84	1	1
85	0	2
86	3	3
87	0	8
88	0	4
90	0	2
91	5	4
92	0	3
93	1	1
94	0	4
95	0	4
96	0	5
97	0	5
98	0	1
99	0	2
100	0	1
101	0	2
102	1	4
103	0	7
104	1	3
105	2	2
106	0	5
107	1	2
108	0	5
109	0	5
110	2	3
111	2	5
112	2	2
114	0	1
115	1	4
116	0	2
117	1	2
118	1	1
119	3	9
120	0	2
121	1	3
122	0	3
123	3	4
124	2	7
125	5	4
126	1	1
127	3	3
128	3	2
129	0	4
130	0	1
131	0	5
132	0	3
133	0	4
134	0	5
135	0	4
136	1	4
138	1	2
139	2	1
140	2	2
141	3	1
142	2	2
143	2	3
144	0	2
145	1	4
146	2	1
148	4	2
149	0	3
150	0	5
151	1	5
152	1	4
153	2	3
154	0	3
155	0	1
156	0	2
157	3	1
158	3	2
159	0	2
160	0	8
161	0	5
162	1	9
163	0	7
164	2	5
165	1	9
166	1	6
167	2	1
168	1	2
169	2	10
170	0	2
171	0	5
172	0	4
173	1	4
174	0	5
175	5	1
176	2	3
177	1	1
178	3	1
179	3	6
180	1	1
181	2	4
182	3	6
183	0	5
184	2	3
185	1	2
186	1	5
187	1	2
188	0	3
189	3	0
190	4	4
191	0	1
192	1	2
193	1	2
194	2	8
195	1	1
196	2	0
197	0	2
198	0	1
199	1	2
200	0	3
201	1	3
202	0	2
203	2	2
204	2	2
205	2	4
206	2	5
207	0	2
208	0	3
209	1	9
210	3	3
211	0	2
212	1	1
213	0	3
214	1	2
216	0	7
217	2	4
218	1	1
219	1	5
220	0	2
221	0	2
222	1	3
223	1	4
224	3	3
225	1	2
226	1	3
227	0	2
228	1	3
229	1	3
230	0	3
231	0	4
232	1	3
233	3	3
234	1	7
235	0	4
236	1	3
237	0	5
238	1	6
239	1	6
240	0	1
241	2	2
242	3	3
243	1	4
244	1	6
245	3	7
246	1	8
247	2	4
248	2	5
249	0	4
250	1	0
251	0	2
252	1	2
253	0	8
254	0	2
255	0	2
256	2	1
257	5	2
258	4	1
259	2	5
260	2	2
261	1	2
262	1	5
263	1	4
264	0	1
265	0	1
266	1	4
267	0	3
268	0	3
269	2	0
270	1	6
271	1	3
272	1	6
273	4	5
274	2	4
275	0	5
276	2	2
277	3	3
278	1	2
279	1	3
280	1	3
281	2	2
282	0	4
283	3	3
284	1	1
285	0	1
288	0	2
289	1	3
290	1	1
291	0	3
292	1	3
293	0	2
294	0	3
295	1	2
296	2	7
297	1	6
298	0	5
299	1	4
300	4	3
301	1	6
302	1	5
303	0	6
304	4	4
305	3	4
306	1	1
307	0	2
308	2	3
309	0	2
310	3	1
311	1	1
312	1	3
313	0	3
314	0	2
315	2	1
316	3	2
317	1	3
318	2	3
319	1	1
320	0	6
321	1	6
322	2	2
323	2	6
324	4	2
325	1	3
326	0	2
327	2	2
328	0	3
329	2	2
330	0	4
331	1	3
332	4	2
334	0	3
335	0	1
336	0	7
337	1	1
338	0	3
339	0	4
340	0	2
341	2	1
342	0	2
343	2	4
344	1	0
346	0	1
347	1	5
348	1	2
349	0	2
350	2	5
351	0	3
352	1	2
353	0	3
354	1	0
355	1	4
356	0	1
357	3	2
358	0	4
359	0	4
360	2	1
361	1	3
362	4	3
363	1	2
364	0	2
365	2	4
366	0	2
367	1	4
368	3	6
369	0	8
370	0	3
371	0	1
372	1	5
373	0	3
374	0	2
375	0	3
376	0	8
377	0	7
378	0	6
379	4	5
380	2	2
381	3	2
382	0	2
383	0	5
384	0	7
385	2	4
386	1	3
387	1	5
388	2	0
390	0	2
391	1	2
392	1	2
393	0	2
395	1	4
396	2	3
397	1	1
398	0	1
399	0	3
400	2	2
401	1	3
402	1	6
403	0	1
404	1	1
405	0	1
406	3	4
407	1	2
408	0	4
409	0	3
410	1	4
411	0	2
412	4	6
413	4	4
414	0	5
415	2	5
416	2	5
417	0	2
418	2	3
419	1	3
420	0	1
421	1	4
422	0	5
423	1	3
424	2	2
425	1	1
426	1	3
427	4	1
428	0	9
429	1	2
430	0	3
431	1	3
432	1	5
433	4	2
434	4	4
435	5	3
436	0	1
437	1	5
438	0	7
439	2	6
440	1	4
441	0	6
442	1	1
443	0	3
444	1	2
445	0	4
447	1	4
448	0	1
449	1	3
450	2	5
451	1	1
452	2	2
453	0	1
454	1	2
455	0	4
456	0	2
458	0	8
459	1	2
460	0	2
461	0	4
462	1	3
463	1	8
464	0	3
466	0	2
467	1	3
468	0	1
469	1	2
470	0	4
471	0	5
472	0	4
473	1	4
475	1	2
476	1	1
477	3	2
478	0	1
479	6	1
480	0	2
481	2	1
482	0	3
483	2	2
484	0	3
485	1	3
486	3	2
487	1	2
488	0	2
489	1	2
490	2	7
491	2	0
492	1	4
493	2	5
494	0	7
495	1	2
496	0	1
497	1	3
498	2	0
499	1	2
500	0	1
501	1	0
502	1	3
503	1	3
504	1	5
505	0	1
506	1	3
507	2	0
509	0	5
510	1	1
511	0	3
512	0	4
513	1	6
514	2	3
515	0	3
516	1	3
517	0	2
518	2	5
519	0	4
520	1	0
521	4	1
522	2	1
523	2	1
524	1	7
525	0	5
526	2	3
527	0	5
528	1	3
529	0	6
530	0	1
531	1	1
532	1	4
533	1	4
534	2	7
536	2	1
537	0	2
538	4	2
539	2	0
540	0	4
541	0	6
542	2	3
543	1	5
544	2	1
545	2	2
546	1	5
547	1	3
548	0	3
549	0	2
550	1	4
551	1	1
552	1	3
553	0	1
554	0	1
555	0	1
556	1	3
557	2	4
558	0	2
559	0	2
560	2	0
561	2	1
562	0	2
563	2	2
564	0	4
565	3	3
566	0	7
567	0	1
568	1	4
569	1	3
570	0	2
571	1	4
572	0	2
573	2	4
574	4	5
575	0	1
576	1	4
577	1	1
578	2	4
579	0	2
581	1	3
582	0	2
583	0	2
584	0	2
585	0	4
586	3	3
587	0	3
588	0	2
589	0	3
590	0	2
591	0	2
592	1	0
593	2	3
594	0	3
595	0	1
596	1	2
597	1	3
598	0	2
599	0	4
600	0	3
601	0	1
602	1	3
603	0	2
604	0	1
605	1	3
607	1	0
608	1	2
609	0	1
610	0	2
611	4	3
612	0	2
613	1	3
614	1	2
617	0	4
618	0	3
619	0	2
620	0	2
621	0	3
623	1	1
624	0	2
625	1	3
627	0	2
628	0	1
630	1	0
632	1	2
633	0	2
634	0	1
635	0	2
636	0	1
637	2	4
638	1	1
639	1	3
640	0	6
641	1	3
642	0	3
643	2	2
644	2	1
646	0	2
647	0	1
648	1	3
649	0	4
650	0	1
651	1	2
652	0	4
653	0	4
654	0	1
655	1	3
656	0	2
657	1	2
658	0	3
659	0	3
660	1	2
661	1	1
662	0	2
663	1	3
664	0	4
665	1	1
666	0	3
667	1	3
668	0	1
669	0	2
670	0	2
671	0	1
672	0	1
673	2	2
674	3	4
675	0	3
676	1	3
677	2	2
678	1	5
679	1	5
680	1	2
681	1	5
682	2	4
683	4	1
684	1	5
685	0	2
686	0	3
687	0	2
688	1	4
689	1	3
690	1	2
691	0	3
692	0	1
693	0	7
694	2	6
695	1	1
696	1	2
697	4	3
698	0	4
699	0	3
700	3	3
701	0	5
702	2	3
703	1	2
706	3	7
707	0	4
708	0	4
709	2	5
710	1	3
711	3	1
712	2	8
713	0	4
714	1	3
715	0	3
716	0	6
717	0	3
718	0	2
719	0	3
720	1	1
721	1	0
722	1	1
723	0	2
724	0	2
725	1	3
726	2	4
727	1	1
728	4	0
729	2	4
730	0	2
731	1	2
732	0	2
734	1	1
735	0	2
736	0	1
737	1	2
738	1	3
739	0	3
740	5	2
741	0	1
742	1	2
743	1	2
744	0	3
745	1	0
746	1	4
747	0	1
748	2	3
749	3	3
750	2	1
751	1	3
752	0	2
753	0	1
754	1	4
755	1	1
756	1	1
757	0	3
758	1	2
759	3	5
760	1	4
761	0	7
762	3	5
763	3	5
764	2	2
765	0	4
766	1	4
767	0	2
769	0	2
770	0	2
771	1	3
772	0	2
773	0	2
774	1	2
775	0	1
776	0	2
777	3	2
778	1	3
779	0	4
780	0	3
781	0	4
782	0	6
783	0	2
784	1	1
785	4	2
786	2	4
787	0	1
788	0	1
789	1	3
790	1	3
791	0	1
792	1	3
793	0	3
794	0	1
795	0	2
796	1	2
797	0	1
798	0	1
799	0	5
800	2	3
801	2	1
803	0	1
804	0	4
806	0	2
807	0	2
808	0	2
809	0	1
810	1	2
811	2	3
812	5	11
813	1	4
814	2	4
815	1	5
816	0	1
817	0	3
818	1	0
820	0	3
821	0	3
823	0	2
824	2	1
825	1	0
826	1	1
827	0	1
829	0	2
830	0	2
831	0	2
832	0	1
833	1	3
834	0	1
835	1	5
837	0	3
839	0	3
840	0	1
841	1	3
842	2	1
843	0	1
844	0	1
845	0	3
846	0	1
847	0	2
848	0	1
849	0	1
851	1	0
852	1	3
853	1	2
854	1	0
855	3	5
856	0	2
857	0	1
858	0	2
859	0	5
861	1	0
862	0	1
864	0	3
865	0	1
866	2	2
867	3	5
868	1	2
869	0	1
870	3	4
871	0	2
872	0	2
874	0	3
875	1	4
876	0	3
877	1	5
878	0	4
879	4	4
880	4	1
881	2	4
882	0	3
883	3	3
884	0	5
886	1	3
887	1	3
888	0	7
889	2	5
890	0	5
891	0	1
892	0	2
893	0	2
894	0	2
895	0	2
897	0	9
898	0	4
899	0	3
900	2	4
901	0	4
902	0	8
903	0	2
904	1	11
905	1	6
906	0	5
907	1	4
908	1	1
909	1	1
910	1	1
911	0	6
912	1	2
913	0	2
914	4	1
915	2	3
916	0	3
917	1	3
918	1	1
919	1	6
920	1	1
921	2	1
922	1	3
923	1	3
924	0	3
925	2	2
926	0	1
927	0	1
928	0	4
929	1	2
930	0	2
931	1	2
932	3	3
933	2	2
934	0	2
935	1	4
936	0	7
937	0	2
938	1	3
939	0	3
940	1	5
941	1	1
942	0	2
943	1	3
944	0	7
945	0	7
946	0	4
947	0	4
948	1	3
949	1	4
950	1	5
951	4	2
952	2	4
953	0	7
954	2	1
955	2	6
956	0	4
957	0	1
958	2	3
959	4	2
960	8	1
961	0	3
962	2	3
963	0	5
964	1	5
965	0	1
966	2	0
967	0	6
968	1	1
969	2	5
970	1	4
971	1	2
972	1	5
973	0	3
974	1	2
975	0	2
976	0	1
978	2	1
979	1	5
980	1	7
981	0	5
982	1	5
983	0	1
984	3	6
985	1	4
986	2	0
987	3	1
988	3	1
989	0	1
990	1	2
991	1	1
992	1	1
993	2	4
994	4	1
995	0	3
996	0	5
997	0	4
998	0	6
999	0	3
1000	2	4
1001	0	4
1002	0	6
1003	1	3
1004	0	2
1005	1	2
1006	0	2
1007	0	2
1008	0	4
1009	2	2
1011	2	0
1012	0	1
1013	2	4
1014	1	1
1015	0	1
1016	3	2
1017	0	1
1018	0	6
1019	1	1
1020	1	4
1021	1	2
1022	1	3
1023	3	1
1024	2	3
1025	0	1
1026	2	0
1027	0	2
1028	0	2
1029	0	2
1030	0	1
1031	0	1
1032	0	1
1033	0	2
1034	1	1
1035	0	1
1036	3	2
1038	1	2
1040	0	1
1041	2	3
1042	0	3
1043	0	7
1044	0	1
1045	0	1
1046	2	3
1047	3	4
1048	1	1
1049	3	5
1050	0	5
1051	0	1
1052	0	3
1053	0	2
1054	1	4
1055	1	2
1056	0	2
1057	0	2
1058	1	1
1059	0	2
1060	3	0
1061	1	0
1062	3	2
1063	1	1
1064	1	4
1065	0	3
1066	0	3
1067	1	2
1068	1	3
1069	0	2
1070	0	2
1071	0	9
1072	3	9
1073	0	1
1074	1	1
1075	2	2
1076	1	3
1077	4	7
1078	2	2
1079	0	4
1080	0	3
1081	2	2
1082	1	1
1083	0	1
1084	0	2
1085	3	3
1086	0	3
1087	1	3
1088	2	3
1089	1	3
1090	1	2
1091	0	5
1092	1	4
1093	1	4
1094	0	3
1095	2	2
1096	2	1
1097	3	3
1098	0	1
1099	1	5
1100	1	7
1101	1	0
1102	1	1
1103	0	3
1104	1	4
1105	0	5
1106	0	7
1107	0	5
1108	1	0
1109	0	3
1111	0	2
1112	0	1
1113	1	4
1114	2	2
1115	2	0
1116	1	4
1117	1	3
1118	0	1
1119	0	1
1120	1	0
1121	0	4
1122	1	2
1123	1	3
1124	0	3
1125	1	4
1126	0	4
1127	0	3
1128	1	2
1129	1	0
1130	0	1
1131	0	2
1132	2	1
1133	1	3
1134	4	2
1135	1	3
1136	0	7
1138	0	2
1139	0	1
1140	1	2
1141	1	1
1142	1	1
1143	1	1
1144	1	6
1145	2	4
1146	0	2
1147	0	3
1148	1	5
1149	2	2
1150	1	0
1151	1	2
1152	0	1
1153	0	5
1154	1	4
1155	2	0
1156	1	1
1157	2	0
1158	1	5
1159	2	5
1160	1	2
1161	0	6
1163	1	3
1164	0	1
1165	0	3
1166	1	8
1167	1	5
1168	0	2
1169	1	2
1170	0	3
1171	0	1
1172	1	2
1173	1	1
1174	1	4
1175	0	2
1177	0	2
1178	0	3
1179	0	5
1180	4	4
1181	1	2
1182	1	2
1183	0	1
1184	2	3
1185	0	2
1187	2	2
1188	1	0
1189	0	3
1190	3	4
1191	1	0
1192	2	4
1193	0	2
1194	1	2
1195	1	2
1196	3	7
1197	3	2
1198	3	3
1199	2	2
1200	3	3
1201	1	3
1202	0	8
1203	0	4
1204	1	4
1205	0	8
1206	1	4
1207	4	8
1208	1	2
1209	1	3
1210	0	6
1212	1	3
1213	2	8
1214	0	6
1215	0	6
1216	2	4
1217	0	2
1218	2	4
1219	1	6
1220	0	7
1221	4	5
1222	1	7
1223	0	7
1224	0	7
1225	1	2
1226	1	1
1227	4	3
1228	0	3
1229	1	2
1230	1	2
1232	0	3
1233	0	3
1235	1	3
1236	0	2
1237	0	2
1239	1	2
1240	1	2
1241	0	3
1242	0	2
1243	0	1
1244	2	2
1245	0	2
1246	0	1
1247	0	4
1248	0	5
1249	1	4
1250	0	1
1252	0	3
1253	0	3
1254	3	3
1255	0	3
1256	2	10
1257	0	2
1258	0	4
1259	0	4
1260	2	0
1261	3	1
1262	0	2
1263	2	2
1264	0	5
1265	1	5
1266	2	4
1267	0	5
1268	1	2
1269	0	2
1270	2	2
1271	2	1
1272	1	2
1274	1	3
1276	0	3
1277	2	3
1278	1	5
1279	2	3
1280	1	0
1281	1	2
1282	2	6
1283	3	3
1284	0	2
1285	1	1
1286	0	3
1287	0	4
1289	1	3
1290	3	2
1291	1	5
1292	1	5
1293	1	4
1294	0	1
1295	0	4
1297	1	2
1298	1	1
1299	0	3
1301	0	1
1302	1	0
1303	2	2
1304	1	3
1305	0	2
1306	0	3
1307	0	1
1308	0	3
1309	1	5
1310	1	0
1311	1	1
1312	2	1
1313	4	3
1314	1	0
1315	2	3
1316	0	2
1317	0	1
1319	1	0
1320	0	2
1321	0	2
1322	2	3
1323	0	1
1324	1	2
1326	2	3
1327	0	3
1328	1	0
1329	1	2
1330	1	5
1331	1	2
1332	1	6
1333	0	5
1334	1	3
1335	0	6
1336	0	6
1337	0	6
1338	1	7
1339	0	4
1340	1	3
1341	0	4
1342	1	0
1343	1	1
1344	0	6
1345	2	5
1346	4	5
1347	6	0
1348	3	3
1349	1	4
1350	1	1
1351	1	0
1352	1	4
1353	1	3
1354	1	1
1355	0	2
1356	0	6
1358	0	1
1359	0	2
1360	0	2
1361	0	1
1362	0	6
1363	0	4
1364	0	3
1365	0	4
1366	3	1
1367	1	1
1368	3	5
1369	1	4
1370	0	2
1371	3	2
1372	1	5
1373	0	4
1374	0	1
1375	2	2
1376	0	3
1377	0	1
1378	0	2
1379	0	2
1380	1	3
1381	0	4
1382	1	2
1383	0	1
1384	0	2
1385	0	3
1386	0	1
1387	0	2
1388	2	2
1389	2	3
1390	0	3
1391	0	2
1392	3	2
1393	2	2
1394	0	2
1395	4	2
1396	1	4
1397	2	1
1398	1	2
1399	1	4
1400	0	2
1401	3	3
1402	1	2
1403	2	2
1404	0	5
1405	0	2
1406	2	3
1407	0	2
1408	0	4
1409	1	4
1411	0	4
1412	1	0
1413	1	2
1414	0	2
1415	3	8
1416	0	4
1417	1	1
1418	1	1
1419	2	1
1420	0	2
1421	0	3
1422	1	5
1423	0	4
1424	1	6
1425	1	4
1426	2	1
1427	1	5
1428	1	2
1429	1	2
1430	3	1
1431	1	4
1432	2	1
1433	2	2
1434	0	3
1435	0	4
1436	0	7
1437	1	4
1438	1	4
1439	1	3
1440	1	5
1441	2	0
1442	0	1
1443	1	2
1444	2	0
1445	1	3
1446	6	4
1447	2	5
1448	0	4
1449	2	0
1450	0	1
1451	5	3
1452	0	4
1453	0	2
1454	1	0
1455	1	0
1456	0	2
1457	0	3
1458	1	3
1459	0	2
1460	2	4
1462	0	3
1463	0	3
1464	0	1
1465	0	1
1466	0	4
1467	0	4
1468	1	1
1469	0	1
1471	1	1
1474	2	2
1475	0	3
1476	0	1
1477	0	2
1478	0	2
1479	0	1
1480	2	5
1481	1	0
1483	2	6
1484	0	4
1485	1	9
1486	3	2
1487	1	2
1488	2	3
1489	2	2
1490	1	3
1491	3	1
1492	3	4
1493	5	4
1494	3	1
1495	1	6
1496	0	5
1497	0	4
1498	1	1
1499	1	0
1500	0	1
1501	0	1
1502	0	2
1504	0	2
1505	0	4
1506	0	1
1507	0	1
1508	0	2
1509	0	3
1510	2	0
1511	1	1
1512	0	2
1513	0	3
1514	1	0
1515	2	2
1516	0	1
1517	0	2
1518	0	3
1519	0	2
1521	0	2
1522	1	2
1523	5	5
1524	1	2
1525	0	2
1526	0	3
1527	0	3
1528	0	8
1529	1	1
1530	2	2
1532	0	1
1533	2	2
1534	0	1
1535	1	0
1536	3	2
1538	0	2
1539	1	3
1540	2	2
1542	0	1
1543	0	1
1545	0	1
1546	1	0
1547	0	2
1548	1	1
1549	0	2
1550	3	3
1551	0	2
1552	2	2
1553	2	2
1554	2	2
1555	2	3
1556	3	4
1557	4	3
1558	2	1
1559	2	3
1560	1	2
1561	0	4
1562	0	4
1563	2	3
1564	0	5
1565	3	4
1566	2	3
1567	1	0
1569	1	1
1570	0	1
1571	0	2
1572	1	2
1573	1	1
1574	0	2
1576	1	3
1577	1	2
1578	2	2
1579	0	4
1580	2	1
1581	1	0
1582	3	2
1583	3	3
1584	1	2
1585	3	1
1586	0	2
1587	0	2
1588	1	0
1589	1	0
1590	1	2
1591	0	3
1592	2	4
1593	0	6
1594	1	3
1595	0	1
1596	1	10
1597	0	3
1598	4	4
1599	4	3
1600	1	1
1601	0	2
1602	1	3
1603	2	1
1604	1	7
1605	1	1
1606	0	1
1607	1	2
1608	2	1
1609	2	1
1610	3	3
1611	2	5
1612	5	3
1613	1	1
1614	1	5
1615	5	2
1616	1	2
1617	0	4
1618	3	6
1619	2	12
1620	0	2
1621	0	5
1622	1	9
1623	0	8
1624	0	6
1625	1	1
1626	0	5
1627	0	9
1628	1	7
1629	0	2
1630	0	1
1631	1	1
1632	1	1
1633	1	0
1634	0	2
1635	3	2
1636	0	4
1637	0	4
1638	0	2
1639	4	5
1640	2	1
1641	0	10
1642	0	6
1643	1	2
1644	1	5
1645	1	2
1646	0	2
1647	0	4
1648	0	1
1649	0	1
1650	1	3
1651	1	3
1652	2	4
1653	1	2
1654	2	3
1655	2	4
1656	0	2
1657	0	1
1659	2	1
1660	0	1
1661	1	2
1662	0	6
1663	0	5
1664	1	1
1665	3	3
1666	2	3
1667	1	2
1668	0	7
1669	1	2
1670	0	3
1671	2	1
1672	3	7
1673	0	6
1674	0	1
1676	0	4
1677	2	1
1678	1	5
1679	1	5
1680	0	2
1682	3	3
1683	0	3
1684	2	5
1686	1	0
1687	3	5
1688	1	3
1689	1	2
1690	1	5
1691	6	5
1692	0	1
1693	0	4
1694	0	6
1695	0	8
1696	0	6
1697	0	4
1698	1	4
1699	2	4
1700	0	1
1701	0	4
1702	2	2
1703	2	1
1704	1	7
1705	3	3
1706	2	4
1707	3	2
1708	3	5
1709	2	3
1710	1	4
1711	2	3
1712	1	3
1713	1	5
1714	0	4
1715	2	2
1716	7	2
1717	3	2
1718	1	1
1719	1	3
1720	0	3
1721	2	3
1722	1	6
1723	0	4
1724	0	5
1725	0	3
1726	1	1
1727	1	1
1728	0	2
1729	1	2
1730	0	3
1731	2	8
1732	1	5
1733	2	4
1734	1	2
1735	1	2
1736	1	6
1737	2	1
1738	3	4
1739	0	3
1740	0	4
1742	2	2
1743	1	3
1744	1	1
1745	1	3
1746	2	2
1747	1	3
1749	1	1
1750	2	2
1751	2	2
1752	0	2
1753	1	1
1754	1	4
1755	1	0
1756	0	2
1757	1	4
1758	0	2
1759	1	3
1760	2	0
1761	1	2
1762	0	2
1763	0	3
1764	5	5
1765	2	4
1766	2	3
1768	1	5
1769	1	0
1770	0	1
1771	1	4
1772	0	4
1773	0	1
1774	3	3
1775	0	2
1776	0	2
1777	1	4
1778	0	2
1779	1	1
1780	4	4
1781	2	1
1782	1	1
1783	2	3
1784	0	5
1785	1	3
1786	0	2
1787	0	2
1788	2	3
1789	0	1
1790	0	4
1791	0	3
1792	0	1
1793	0	3
1794	2	0
1795	1	1
1796	1	5
1798	0	4
1799	0	7
1800	2	0
1802	0	2
1803	4	2
1804	1	2
1805	1	1
1806	1	3
1807	0	2
1808	4	0
1809	1	3
1810	0	1
1811	1	3
1812	4	3
1813	1	1
1814	0	4
1815	1	0
1816	0	1
1817	0	3
1819	0	1
1820	0	2
1822	1	1
1823	0	2
1824	0	1
1825	1	3
1826	0	2
1827	3	1
1828	1	4
1829	1	2
1830	1	1
1831	0	4
1832	1	2
1833	3	2
1834	2	1
1835	4	3
1836	2	2
1837	4	2
1838	1	4
1839	5	2
1840	2	2
1841	1	0
1842	0	3
1843	2	5
1844	5	2
1845	0	1
1846	0	2
1847	0	5
1848	5	3
1849	1	2
1850	0	1
1851	2	4
1852	1	1
1853	0	1
1854	0	1
1855	1	3
1856	1	2
1857	0	3
1859	1	2
1861	0	2
1863	0	5
1864	0	4
1865	0	3
1866	3	1
1867	2	3
1868	2	2
1869	1	2
1870	2	4
1871	1	4
1872	0	4
1873	1	2
1874	0	6
1875	1	1
1876	0	1
1877	0	3
1878	1	1
1879	0	4
1880	0	4
1881	0	1
1882	0	1
1883	0	3
1884	2	7
1885	1	3
1886	4	1
1887	1	2
1888	2	3
1889	0	2
1890	2	3
1891	1	1
1892	2	2
1893	1	0
1894	0	4
1895	1	3
1897	2	3
1898	1	0
1899	0	1
1900	0	3
1902	3	5
1903	1	4
1904	2	5
1905	1	3
1906	2	4
1907	0	3
1909	1	4
1910	2	2
1911	0	3
1913	0	3
1914	0	1
1915	1	0
1916	1	5
1917	1	6
1918	0	6
1920	1	4
1921	0	1
1922	0	3
1923	1	5
1924	0	6
1925	0	8
1926	1	6
1927	1	5
1928	0	6
1929	0	1
1930	1	3
1931	0	3
1932	1	2
1933	1	3
1934	2	3
1936	0	2
1937	0	2
1938	0	4
1939	0	1
1940	1	0
1941	0	2
1942	1	6
1943	1	2
1944	2	2
1945	2	3
1947	1	0
1948	0	4
1949	2	1
1950	3	2
1951	1	7
1952	1	2
1953	2	3
1954	2	3
1955	1	1
1956	0	1
1957	0	3
1958	2	5
1959	4	0
1960	2	4
1961	0	4
1962	0	1
1963	1	2
1964	1	6
1965	0	3
1966	1	0
1967	1	1
1968	1	4
1969	0	2
1970	1	4
1971	0	8
1972	0	2
1973	2	1
1974	1	4
1975	1	2
1976	0	3
1977	2	1
1978	0	2
1979	0	3
1980	1	2
1981	1	1
1982	2	5
1984	1	2
1985	2	3
1986	1	3
1987	0	3
1988	1	4
1989	1	2
1990	1	0
1991	0	5
1992	0	5
1993	1	3
1995	1	3
1996	0	4
1997	0	3
1998	1	3
1999	0	3
2000	1	1
2001	2	1
2002	1	0
2003	0	2
2004	1	6
2005	3	6
2006	3	9
2007	0	4
2008	0	3
2009	0	1
2010	1	10
2011	1	5
2012	0	2
2013	0	6
2014	0	4
2015	0	3
2016	2	2
2017	1	0
2018	1	2
2019	0	2
2020	1	2
2021	0	6
2022	0	7
2023	0	1
2024	2	2
2025	2	9
2026	0	3
2027	1	6
2028	1	1
2029	2	3
2030	1	6
2031	1	0
2032	1	3
2033	1	1
2034	0	3
2035	0	1
2036	0	1
2037	0	3
2038	1	1
2039	1	2
2040	1	1
2041	0	3
2042	0	2
2043	1	4
2044	4	1
2045	1	1
2047	1	3
2048	0	2
2049	2	3
2050	2	4
2051	2	1
2052	1	2
2053	1	2
2054	1	2
2055	1	8
2056	1	1
2057	0	1
2058	0	8
2059	1	2
2060	1	9
2061	0	1
2062	1	3
2063	1	3
2064	1	4
2065	2	3
2066	0	7
2067	0	3
2068	1	1
2069	2	4
2070	0	3
2071	0	2
2072	0	3
2073	3	1
2074	1	1
2076	0	3
2077	1	3
2078	2	0
2079	1	2
2080	0	2
2081	1	7
2082	1	3
2083	1	7
2084	0	1
2085	0	4
2086	1	6
2087	0	3
2088	2	2
2089	0	1
2090	1	3
2091	2	4
2092	1	5
2093	3	3
2094	1	6
2095	1	1
2096	1	4
2097	3	1
2098	1	2
2099	1	14
2100	2	9
2101	0	4
2102	0	1
2103	1	3
2104	0	4
2105	0	3
2106	1	4
2107	0	2
2108	0	6
2109	1	9
2110	0	6
2111	0	3
2112	0	3
2113	1	1
2114	2	7
2115	0	4
2116	2	5
2117	2	1
2118	1	4
2119	0	3
2120	1	7
2121	0	6
2122	6	3
2123	1	2
2124	0	1
2125	0	3
2126	3	3
2127	1	3
2128	1	3
2129	1	3
2130	1	6
2131	2	0
2132	2	0
2133	1	3
2134	1	4
2135	0	2
2136	1	5
2137	4	6
2138	1	0
2139	1	0
2140	0	5
2141	3	3
2142	0	2
2145	4	2
2146	0	4
2147	2	0
2149	0	1
2150	2	0
2151	0	2
2152	1	0
2153	3	3
2154	0	1
2155	0	3
2156	2	1
2158	1	1
2159	0	2
2160	2	0
2161	0	3
2162	1	4
2163	0	5
2164	1	2
2165	0	3
2166	1	2
2167	0	4
2168	0	3
2170	1	4
2171	0	1
2172	0	2
2173	0	2
2174	1	1
2175	0	6
2176	0	3
2177	0	4
2178	1	3
2179	1	1
2180	0	3
2181	1	2
2182	0	2
2183	1	5
2184	0	7
2185	0	1
2186	1	1
2187	0	3
2188	0	4
2189	2	3
2190	1	2
2192	0	4
2193	0	5
2194	0	4
2195	0	3
2196	1	3
2197	2	3
2198	2	4
2199	1	3
2200	4	5
2201	0	2
2202	0	1
2203	0	2
2204	3	1
2205	2	3
2207	0	6
2208	0	1
2209	0	6
2210	1	6
2211	0	6
2212	2	3
2213	3	3
2214	2	3
2215	2	2
2216	1	1
2218	1	3
2219	1	2
2220	0	5
2221	1	2
2222	1	10
2223	3	4
2224	0	3
2225	2	3
2226	1	4
2227	0	7
2228	0	3
2229	2	3
2230	2	3
2231	0	3
2232	2	4
2233	0	4
2235	0	4
2236	0	2
2237	3	2
2238	0	5
2239	0	4
2240	2	2
2241	0	3
2242	0	2
2243	0	1
2244	4	3
2245	2	5
2246	0	2
2247	0	3
2248	0	3
2249	0	4
2250	0	1
2251	2	3
2252	2	1
2253	0	2
2254	2	2
2255	0	1
2257	0	2
2258	2	3
2259	0	5
2260	1	2
2261	1	2
2262	1	5
2263	0	4
2264	0	5
2265	0	1
2266	2	3
2268	4	3
2269	0	3
2270	2	3
2271	2	6
2272	1	3
2273	1	2
2274	2	1
2275	1	4
2276	0	2
2277	0	6
2278	1	2
2279	0	2
2280	0	4
2281	1	2
2282	2	2
2283	1	0
2285	0	3
2286	0	4
2287	0	6
2288	1	2
2289	1	8
2290	2	2
2292	6	2
2293	2	3
2294	1	1
2295	4	1
2296	2	0
2297	1	2
2298	1	2
2299	0	2
2300	1	8
2301	0	1
2302	0	3
2303	0	6
2304	0	1
2305	1	2
2306	1	2
2307	3	3
2308	1	1
2309	1	3
2310	0	6
2311	1	3
2312	0	6
2313	3	4
2314	1	1
2315	1	1
2316	0	1
2317	1	5
2318	1	2
2319	0	2
2320	0	2
2321	2	4
2322	0	7
2323	0	5
2324	0	5
2325	1	2
2326	0	4
2327	2	0
2328	1	3
2329	1	7
2330	1	3
2331	2	2
2332	1	8
2333	0	2
2334	1	2
2335	0	4
2336	0	1
2337	0	3
2338	0	2
2339	1	1
2340	1	1
2341	0	1
2342	0	5
2343	2	4
2344	0	5
2345	1	5
2348	1	1
2349	3	4
2350	6	10
2351	5	1
2353	2	1
2354	0	1
2355	0	1
2356	1	1
2357	0	6
2359	0	2
2360	2	2
2361	1	0
2362	0	1
2363	0	1
2364	0	1
2365	1	5
2366	0	2
2368	0	2
2369	1	3
2370	1	1
2371	1	6
2372	1	4
2373	2	3
2374	2	1
2375	0	2
2376	2	3
2377	1	3
2378	1	3
2379	0	6
2380	1	1
2381	2	3
2382	0	5
2384	0	1
2385	0	2
2386	1	2
2387	1	3
2388	1	2
2389	4	1
2390	1	0
2391	1	3
2392	1	1
2393	1	1
2394	2	1
2395	2	2
2396	0	2
2397	1	3
2398	3	4
2399	3	3
2400	3	2
2401	1	4
2402	2	6
2403	0	1
2404	0	4
2405	0	3
2406	1	1
2407	2	4
2408	0	3
2409	0	2
2410	2	1
2411	1	0
2412	3	2
2413	0	1
2414	0	3
2415	1	6
2416	3	3
2417	0	4
2418	3	1
2419	0	3
2420	1	4
2421	4	4
2422	2	3
2423	1	1
2424	2	4
2425	1	2
2426	0	5
2427	2	2
2428	3	3
2429	0	1
2431	0	1
2432	0	4
2433	0	7
2434	0	4
2435	0	7
2436	0	3
2437	0	9
2438	0	4
2439	0	6
2440	0	3
2441	0	6
2442	1	6
2443	0	3
2444	0	4
2445	0	8
2446	1	6
2447	3	0
2448	2	2
2449	0	4
2450	2	9
2451	1	2
2452	1	2
2453	2	2
2454	2	1
2455	4	2
2456	0	3
2457	2	2
2458	1	1
2459	3	6
2460	1	4
2462	0	4
2463	1	2
2464	0	3
2465	0	4
2466	0	3
2468	2	2
2469	0	1
2470	3	9
2471	0	4
2472	1	5
2473	3	3
2474	1	3
2475	0	5
2476	0	2
2477	0	6
2478	0	5
2479	2	2
2480	0	4
2481	1	2
2482	2	0
2483	0	3
2484	3	4
2485	1	3
2486	0	2
2487	3	1
2488	1	0
2489	2	2
2490	0	2
2491	5	1
2492	1	1
2493	4	3
2494	3	2
2496	0	1
2497	1	3
2498	3	1
2499	1	4
2500	1	3
2502	0	1
2503	1	4
2504	0	3
2505	2	2
2506	0	1
2507	1	3
2508	0	1
2509	1	1
2510	5	9
2511	3	1
2512	1	5
2513	1	5
2514	0	2
2515	2	7
2516	2	3
2517	1	5
2518	1	1
2519	2	3
2520	0	1
2521	0	1
2522	0	2
2523	0	6
2524	3	7
2525	1	0
2526	9	12
2527	1	3
2528	1	0
2529	0	7
2530	0	1
2531	0	6
2532	2	0
2533	2	3
2534	2	3
2535	0	1
2536	0	2
2537	0	5
2538	0	3
2539	0	1
2540	1	1
2541	0	2
2542	2	3
2543	1	4
2544	0	4
2545	0	1
2546	1	3
2547	1	4
2548	2	1
2549	1	2
2550	1	4
2551	2	6
2552	0	7
2553	0	1
2554	0	4
2555	0	3
2557	2	0
2558	2	6
2559	0	2
2560	1	4
2561	5	6
2562	0	4
2563	2	0
2564	1	0
2565	3	9
2566	2	0
2567	2	6
2568	0	2
2569	2	1
2570	0	5
2571	1	1
2572	2	4
2573	4	2
2574	2	4
2575	0	2
2576	0	3
2577	3	2
2578	1	4
2579	0	2
2580	0	1
2581	1	1
2582	2	5
2583	2	5
2584	2	6
2585	3	3
2586	0	3
2587	0	3
2588	0	3
2589	2	4
2590	1	6
2591	2	2
2592	2	3
2593	1	2
2594	0	4
2595	3	2
2596	1	5
2597	0	3
2598	1	0
2599	0	1
2600	1	3
2601	1	1
2602	0	1
2603	5	3
2604	3	6
2605	0	2
2606	0	1
2607	0	4
2608	1	6
2609	1	4
2610	0	4
2611	2	1
2612	0	2
2613	1	4
2614	1	1
2615	1	3
2616	0	7
2617	3	5
2618	1	0
2620	3	0
2621	0	6
2622	1	4
2623	1	2
2624	1	1
2625	0	3
2626	0	4
2627	0	6
2628	1	5
2629	2	4
2630	0	5
2631	6	2
2633	0	3
2634	0	2
2635	2	4
2636	1	3
2637	2	4
2638	0	3
2639	0	2
2640	0	1
2641	1	1
2642	3	2
2643	1	3
2644	3	5
2645	1	3
2646	1	3
2647	0	3
2648	0	3
2649	1	3
2650	0	5
2651	0	2
2652	1	2
2653	2	0
2654	1	2
2655	0	6
2656	0	4
2657	1	1
2658	1	2
2659	1	0
2660	1	1
2661	5	3
2662	0	2
2663	1	1
2664	0	1
2665	2	3
2666	2	3
2667	0	2
2668	0	1
2669	1	6
2671	2	2
2672	0	1
2673	0	1
2674	0	2
2675	0	2
2676	1	1
2677	0	2
2678	0	1
2679	2	3
2680	0	5
2681	2	3
2682	1	3
2683	2	3
2684	0	3
2685	0	5
2686	0	7
2687	0	3
2688	0	4
2689	0	4
2690	0	2
2691	0	2
2692	1	12
2693	1	6
2695	0	4
2696	1	3
2697	0	3
2698	0	1
2699	1	5
2700	0	6
2701	0	5
2702	0	8
2703	0	2
2704	0	3
2705	0	2
2706	2	2
2707	0	6
2708	0	3
2709	1	3
2710	2	5
2711	0	6
2712	1	2
2713	2	3
2714	2	2
2715	0	4
2716	2	1
2717	1	2
2718	1	2
2719	2	4
2720	1	1
2721	1	4
2722	0	5
2723	2	5
2724	2	2
2725	3	2
2726	1	5
2727	0	7
2728	1	4
2729	2	4
2730	1	3
2731	0	5
2732	1	4
2733	0	3
2734	0	6
2735	1	10
2736	3	6
2737	1	2
2738	0	1
2739	0	1
2740	0	4
2741	1	3
2742	1	4
2743	0	2
2744	0	5
2745	0	2
2746	0	2
2747	4	2
2748	0	2
2749	0	6
2750	1	2
2751	0	4
2752	0	7
2753	3	2
2754	1	2
2755	0	3
2756	2	5
2757	1	2
2758	0	4
2759	0	2
2760	1	7
2761	1	1
2762	0	2
2763	2	2
2764	0	2
2765	2	1
2766	0	3
2767	0	4
2768	3	0
2769	0	4
2770	1	3
2771	1	1
2772	0	4
2773	0	3
2774	0	3
2775	1	6
2776	1	2
2777	2	4
2778	3	3
2779	1	3
2780	0	5
2781	0	1
2782	1	1
2783	3	6
2784	0	4
2785	2	4
2786	1	4
2787	0	3
2788	0	2
2789	1	1
2790	0	2
2791	3	2
2792	0	2
2793	3	4
2794	0	4
2795	0	6
2796	1	5
2797	0	2
2800	0	3
2801	1	0
2802	2	3
2803	0	4
2804	1	1
2805	0	4
2806	0	3
2807	0	2
2808	0	2
2809	3	0
2810	1	2
2811	0	1
2812	1	2
2813	1	4
2814	0	1
2815	1	1
2816	1	1
2817	1	6
2818	2	4
2819	2	2
2820	0	3
2821	0	1
2822	1	1
2823	0	6
2824	0	4
2825	2	7
2826	2	3
2827	0	3
2829	1	3
2830	1	2
2831	0	2
2832	1	3
2833	2	4
2834	0	5
2835	0	3
2836	1	8
2837	1	3
2838	0	1
2839	0	5
2840	0	4
2842	2	4
2843	1	4
2844	2	5
2845	1	2
2846	2	2
2847	2	1
2848	0	5
2849	0	3
2850	1	2
2851	0	3
2852	2	1
2853	1	3
2854	1	6
2855	4	5
2856	0	4
2857	0	7
2858	1	10
2859	1	11
2860	3	3
2861	1	3
2862	0	3
2863	0	7
2864	1	4
2865	0	4
2866	7	2
2867	1	2
2868	0	11
2869	0	6
2870	0	5
2871	1	3
2872	1	4
2873	0	6
2874	2	1
2875	0	3
2876	2	1
2877	1	1
2878	1	1
2879	2	5
2880	2	7
2881	2	7
2882	1	2
2883	0	2
2884	2	3
2885	0	1
2886	2	4
2887	1	7
2888	1	4
2889	0	1
2890	3	7
2891	4	3
2892	0	5
2893	1	5
2894	0	4
2895	0	3
2896	0	2
2897	1	1
2898	0	7
2899	0	2
2900	2	3
2901	1	2
2902	0	4
2903	1	3
2905	0	2
2906	0	1
2907	1	0
2908	0	1
2909	0	1
2910	0	1
2912	0	3
2914	0	2
2915	0	3
2916	0	3
2917	0	1
2919	1	3
2920	0	4
2921	3	0
2922	3	4
2923	1	4
2924	1	3
2925	0	4
2926	0	4
2927	1	2
2928	2	3
2929	0	1
2930	2	3
2931	1	1
2932	1	6
2933	0	3
2934	1	1
2935	1	2
2936	0	4
2937	0	2
2938	1	3
2939	0	8
2940	1	1
2941	2	0
2942	0	3
2943	0	1
2944	0	1
2945	0	2
2946	0	1
2947	0	2
2948	0	1
2949	1	6
2950	1	3
2951	0	4
2952	0	4
2953	3	1
2954	0	1
2955	0	4
2956	0	2
2957	2	6
2958	1	3
2959	2	1
2960	0	1
2961	3	6
2962	0	5
2963	1	6
2964	4	1
2965	4	4
2966	1	4
2967	0	4
2968	3	5
2969	0	6
2970	4	3
2971	2	2
2972	1	1
2973	2	1
2974	1	3
2975	0	12
2976	1	3
2977	1	4
2978	0	6
2979	1	4
2981	0	3
2982	0	1
2983	0	6
2984	2	5
2985	0	7
2986	0	9
2987	0	3
2988	1	1
2989	1	5
2990	0	2
2991	0	2
2992	2	8
2993	2	6
2994	2	3
2995	1	5
2996	1	3
2997	3	1
2998	1	5
2999	0	4
3000	1	3
3001	1	4
3002	0	4
3003	3	2
3004	1	8
3005	0	9
3006	0	5
3007	0	4
3008	0	3
3009	0	4
3010	0	5
3011	0	1
3012	0	5
3013	0	3
3014	0	3
3015	0	3
3016	1	5
3017	0	2
3018	2	1
3019	0	1
3020	1	0
3021	1	5
3022	1	3
3023	0	3
3024	0	5
3025	1	3
3026	1	4
3027	0	4
3028	0	4
3029	1	1
3030	3	3
3031	1	2
3032	2	6
3033	0	1
3034	0	4
3035	1	3
3036	2	3
3037	1	2
3038	2	5
3039	1	1
3040	3	3
3041	2	3
3042	0	2
3043	2	2
3044	0	3
3045	0	2
3046	1	1
3047	3	1
3048	2	4
3049	0	3
3050	2	3
3051	0	3
3052	2	1
3053	2	7
3054	2	6
3055	1	2
3056	1	2
3057	1	3
3058	1	1
3059	0	8
3060	0	2
3061	0	5
3062	1	1
3063	1	1
3064	1	2
3065	1	1
3066	2	2
3067	1	2
3068	0	1
3069	0	1
3070	1	1
3071	3	2
3072	1	1
3073	4	2
3074	1	2
3075	0	2
3076	1	3
3077	3	5
3078	1	2
3079	3	1
3080	2	3
3081	0	1
3082	1	6
3083	0	1
3084	1	4
3085	2	4
3086	1	1
3087	0	4
3088	1	3
3089	0	3
3090	2	4
3091	0	6
3092	1	3
3093	0	6
3094	1	1
3095	2	0
3096	1	3
3097	3	5
3098	2	7
3099	0	7
3100	1	8
3102	0	4
3103	0	1
3104	0	4
3105	1	1
3106	1	3
3107	0	3
3108	1	1
3109	2	3
3110	0	3
3111	1	5
3112	0	4
3113	2	3
3114	2	2
3115	1	5
3116	0	2
3117	0	3
3118	1	3
3119	1	3
3120	2	4
3121	0	4
3122	0	1
3123	2	1
3125	2	6
3126	1	0
3127	1	2
3128	0	4
3129	0	3
3130	0	1
3131	0	2
3132	0	2
3134	0	2
3135	0	2
3136	0	1
3137	0	2
3138	0	1
3139	2	2
3140	3	6
3141	0	5
3142	1	2
3143	1	2
3144	0	1
3145	1	4
3146	1	2
3147	1	0
3148	0	1
3149	0	7
3150	5	2
3151	1	6
3152	0	2
3153	2	5
3154	1	0
3155	0	1
3156	0	5
3157	1	6
3158	1	2
3159	1	2
3160	1	2
3161	1	3
3162	0	5
3163	1	1
3164	1	3
3165	0	3
3166	0	5
3167	0	3
3169	1	3
3170	1	2
3171	1	8
3172	1	4
3173	1	3
3174	0	8
3175	0	5
3176	0	4
3177	0	2
3178	0	2
3179	0	4
3181	0	3
3182	1	5
3183	4	3
3184	0	3
3185	2	3
3186	0	1
3187	2	3
3188	0	3
3189	1	2
3190	2	6
3191	0	1
3192	0	8
3193	0	3
3194	0	5
3195	0	2
3196	0	3
3197	0	5
3198	0	1
3199	0	5
3200	3	9
3201	0	1
3202	2	5
3203	0	1
3204	0	5
3205	2	4
3206	0	5
3207	0	3
3208	1	5
3209	0	9
3210	0	2
3211	0	1
3212	1	4
3213	2	1
3214	0	5
3215	0	2
3216	4	4
3217	0	5
3218	1	2
3219	3	1
3220	0	3
3221	1	4
3222	0	7
3223	1	6
3224	0	6
3225	0	3
3226	2	1
3227	0	4
3228	0	7
3229	1	2
3230	0	2
3231	1	4
3232	1	6
3233	0	1
3234	1	3
3235	0	4
3236	1	8
3237	1	5
3238	1	5
3239	0	4
3240	0	2
3241	0	11
3242	1	5
3243	4	6
3244	0	7
3245	1	5
3246	0	5
3247	3	5
3248	0	3
3249	1	0
3252	0	2
3253	0	1
3255	4	2
3256	2	1
3257	1	3
3258	0	5
3259	1	4
3260	9	3
3261	4	3
3262	0	4
3263	0	3
3264	1	7
3265	1	4
3266	2	2
3267	0	1
3268	1	0
3269	2	3
3270	2	1
3271	0	1
3272	1	1
3273	0	4
3274	0	4
3275	0	1
3276	1	12
3277	0	5
3278	0	4
3279	0	7
3280	2	6
3281	2	5
3282	1	5
3283	1	7
3284	0	7
3285	1	1
3286	0	4
3287	1	2
3288	3	5
3289	2	4
3290	1	1
3291	0	2
3292	3	4
3293	1	2
3294	0	3
3295	0	3
3296	3	3
3297	0	7
3298	0	1
3299	2	0
3300	0	2
3301	1	3
3302	2	0
3303	0	1
3304	0	5
3305	1	3
3306	0	1
3307	0	3
3308	1	2
3309	1	3
3310	3	4
3311	0	2
3312	1	6
3313	0	1
3314	1	2
3315	4	3
3316	0	3
3317	1	2
3318	0	1
3319	1	4
3320	1	5
3321	2	2
3322	2	2
3323	5	3
3324	0	8
3325	1	6
3326	0	5
3327	1	4
3328	1	4
3329	0	1
3330	0	5
3331	0	4
3332	0	1
3333	0	2
3334	3	4
3335	5	3
3336	0	1
3337	1	1
3338	2	2
3339	6	5
3340	3	1
3341	2	2
3342	2	1
3343	1	2
3344	0	3
3345	0	4
3346	0	3
3347	1	4
3348	4	3
3349	1	5
3350	3	2
3351	1	4
3352	0	6
3353	1	9
3354	1	8
3355	1	4
3356	0	3
3357	0	1
3358	0	4
3359	0	5
3360	1	2
3361	1	1
3363	0	2
3364	0	1
3365	2	3
3366	0	7
3367	0	2
3368	2	0
3369	0	7
3370	0	6
3371	1	0
3372	0	3
3373	3	6
3374	0	2
3375	0	1
3376	0	1
3377	0	2
3379	0	1
3380	2	3
3381	1	1
3382	0	1
3383	0	2
3384	0	2
3385	2	1
3386	1	0
3387	0	1
3388	0	3
3389	1	2
3390	0	2
3391	0	2
3392	0	3
3393	0	4
3394	0	1
3395	0	1
3396	1	0
3397	0	1
3398	0	1
3399	1	0
3401	1	1
3402	0	1
3403	1	3
3404	0	1
3405	0	1
3406	5	7
3407	2	2
3408	2	2
3409	1	4
3410	0	5
3411	1	2
3412	1	2
3413	0	2
3414	0	3
3415	4	6
3416	2	0
3417	0	3
3418	2	2
3419	1	5
3421	2	0
3422	0	1
3424	0	2
3425	1	1
3426	2	0
3427	4	1
3428	2	1
3429	0	2
3430	0	3
3431	0	3
3432	5	2
3433	2	0
3434	0	1
3435	2	2
3436	0	2
3437	0	3
3438	0	4
3439	3	8
3440	3	0
3441	0	1
3443	1	2
3444	0	3
3445	0	2
3446	1	2
3447	0	4
3448	1	4
3449	1	1
3450	1	5
3451	0	2
3452	3	3
3453	3	1
3454	1	4
3455	1	2
3456	2	2
3457	3	0
3458	1	2
3459	0	4
3460	0	1
3461	1	0
3462	0	4
3463	0	2
3464	0	2
3465	3	3
3466	1	6
3467	3	6
3468	0	3
3469	0	1
3470	1	0
3471	1	1
3473	0	3
3474	0	9
3475	0	8
3476	8	0
3477	0	1
3478	2	6
3479	0	3
3480	2	3
3481	1	2
3482	0	1
3483	0	6
3484	1	5
3485	1	6
3486	0	3
3487	4	3
3488	1	1
3489	0	4
3490	0	3
3491	2	4
3492	0	5
3493	0	3
3494	0	3
3495	1	2
3496	0	5
3497	1	10
3498	0	5
3499	1	3
3500	0	3
3501	0	4
3502	0	2
3503	0	1
3504	0	6
3505	0	6
3506	1	3
3507	1	2
3508	1	5
3509	1	3
3510	3	5
3511	3	9
3512	1	1
3513	2	2
3514	0	6
3515	0	4
3516	2	4
3517	1	3
3519	1	2
3520	1	4
3521	0	5
3522	2	1
3523	2	2
3524	1	0
3525	1	1
3526	1	2
3527	2	4
3528	2	0
3529	0	6
3530	4	0
3531	0	3
3532	3	4
3533	0	4
3534	0	2
3535	0	2
3536	1	7
3537	0	1
3539	3	1
3540	0	1
3541	0	3
3542	1	2
3543	1	3
3544	2	5
3545	2	4
3546	0	2
3547	3	6
3548	0	5
3549	0	5
3550	1	3
3551	2	3
3552	1	3
3553	0	8
3554	0	1
3555	1	7
3556	1	2
3557	2	2
3558	2	6
3559	1	2
3560	0	7
3561	2	4
3562	0	2
3563	0	5
3564	1	1
3565	1	1
3566	1	2
3567	0	2
3568	0	3
3569	2	1
3570	0	4
3571	0	3
3572	4	2
3574	0	1
3575	5	2
3576	0	2
3577	1	7
3578	1	5
3579	2	4
3580	0	8
3581	0	11
3582	0	9
3583	0	4
3584	1	7
3585	0	7
3586	0	2
3587	1	4
3588	0	5
3589	0	5
3590	0	4
3591	4	6
3592	1	6
3593	0	5
3594	0	5
3595	2	5
3596	1	7
3597	1	5
3598	0	6
3599	1	4
3600	0	2
3601	0	1
3602	1	3
3603	1	0
3604	0	2
3605	0	1
3606	0	5
3607	1	3
3608	0	2
3609	0	1
3610	1	0
3611	1	5
3612	1	5
3613	2	3
3615	0	5
3616	0	3
3617	4	2
3618	1	0
3619	0	1
3620	1	1
3621	0	4
3622	0	3
3623	4	5
3624	0	2
3625	1	4
3626	1	9
3627	2	3
3628	1	3
3629	2	2
3630	2	4
3631	2	2
3632	0	2
3633	0	2
3634	1	3
3635	0	6
3636	0	9
3637	1	3
3638	2	5
3639	0	3
3640	0	2
3641	0	4
3642	1	5
3643	0	6
3644	2	7
3645	0	5
3646	1	4
3647	0	3
3648	2	0
3649	0	1
3650	1	3
3651	2	7
3652	0	5
3653	0	1
3654	1	3
3655	1	1
3656	2	3
3657	0	5
3658	1	4
3659	0	3
3660	1	4
3661	0	6
3662	0	4
3663	1	4
3664	2	5
3666	1	0
3667	0	1
3668	0	4
3669	0	5
3670	0	4
3671	0	4
3672	1	3
3673	1	2
3674	0	4
3675	2	2
3676	0	1
3677	0	3
3678	1	4
3679	0	1
3680	1	3
3681	2	1
3682	2	5
3683	4	4
3684	1	5
3685	2	2
3686	2	4
3687	3	3
3688	1	2
3689	1	3
3690	0	1
3691	2	0
3692	2	7
3693	4	4
3694	2	2
3695	0	7
3696	0	2
3697	0	1
3698	0	2
3699	0	2
3700	0	3
3701	0	6
3702	3	3
3703	1	2
3704	2	3
3705	0	8
3706	1	2
3707	0	4
3708	1	3
3709	1	1
3710	2	4
3712	0	3
3713	1	5
3715	0	2
3716	2	2
3717	1	2
3718	0	3
3719	1	3
3720	2	1
3721	0	5
3722	2	2
3723	0	2
3724	2	0
3725	1	3
3726	0	1
3727	5	5
3728	0	2
3729	0	2
3730	1	3
3731	0	2
3732	0	3
3733	0	3
3734	0	3
3735	0	5
3736	1	3
3737	0	7
3738	0	7
3739	1	3
3740	0	6
3741	1	5
3742	0	5
3743	1	4
3744	1	2
3745	1	2
3746	1	2
3747	1	2
3748	0	3
3749	0	3
3750	0	1
3751	1	2
3752	0	4
3753	0	6
3754	1	3
3755	3	3
3756	3	1
3757	2	1
3758	1	2
3759	0	2
3760	0	2
3761	0	4
3762	0	4
3763	4	3
3764	0	6
3765	0	11
3766	0	2
3767	0	4
3768	0	2
3769	2	2
3770	1	2
3771	0	5
3772	3	6
3773	0	3
3774	3	6
3775	0	4
3776	0	2
3777	2	1
3778	1	2
3779	3	1
3780	2	3
3781	2	2
3782	0	4
3783	1	4
3784	2	2
3785	3	3
3786	0	1
3787	2	1
3788	2	4
3789	0	4
3790	0	2
3791	0	2
3792	0	2
3793	0	5
3794	0	6
3795	1	3
3796	0	2
3797	2	2
3798	1	4
3799	0	3
3800	0	4
3801	2	2
3802	2	7
3803	3	6
3804	2	1
3805	2	1
3806	0	1
3807	3	2
3808	1	5
3809	1	6
3810	0	3
3811	0	7
3812	3	2
3813	2	2
3814	2	2
3815	0	3
3816	0	2
3817	2	1
3818	0	4
3819	0	5
3820	1	3
3821	1	3
3822	0	2
3823	2	0
3824	1	4
3825	1	5
3826	0	3
3828	1	2
3829	3	0
3830	2	1
3831	1	1
3832	1	1
3833	0	4
3834	0	1
3835	1	1
3836	0	1
3837	0	2
3838	1	4
3839	3	3
3840	2	5
3841	4	5
3842	0	2
3843	1	3
3844	3	8
3845	0	2
3846	2	4
3847	2	3
3848	1	0
3849	1	2
3850	0	1
3851	1	2
3852	1	3
3853	4	3
3854	0	3
3855	2	0
3857	1	6
3858	1	1
3859	0	5
3860	1	2
3861	0	4
3862	2	6
3863	2	3
3864	4	6
3865	1	5
3866	4	2
3867	2	2
3868	1	3
3869	1	5
3870	2	4
3871	0	5
3872	1	5
3873	2	7
3874	2	2
3875	1	5
3876	2	3
3877	2	2
3878	3	0
3879	1	2
3880	1	2
3881	0	4
3882	2	5
3883	2	4
3884	1	3
3885	2	3
3886	2	5
3887	1	0
3888	0	7
3889	1	5
3890	1	1
3891	1	6
3892	0	7
3893	0	2
3894	1	2
3895	2	5
3896	0	2
3897	2	3
3898	0	4
3899	4	2
3900	4	1
3901	1	4
3902	0	4
3903	0	1
3904	3	1
3905	0	2
3906	1	2
3907	1	5
3908	1	2
3909	0	2
3910	0	4
3911	1	2
3912	4	1
3913	2	4
3915	0	1
3916	1	2
3917	0	1
3918	0	3
3921	0	3
3922	0	3
3923	0	3
3924	0	1
3925	0	4
3926	1	1
3927	1	2
3928	1	2
3929	3	5
3930	1	5
3931	0	1
3932	2	1
3933	1	6
3935	0	6
3936	2	6
3937	1	1
3938	0	6
3939	0	2
3940	1	3
3941	2	6
3942	0	3
3943	1	1
3944	2	4
3945	3	5
3946	5	4
3947	1	0
3948	3	4
3949	0	4
3950	0	1
3951	2	2
3952	0	4
3953	1	5
3954	1	8
3955	0	1
3956	1	2
3957	0	4
3958	2	5
3959	0	5
3960	1	1
3961	2	1
3962	0	1
3963	1	5
3964	4	3
3965	4	2
3966	1	2
3968	1	4
3969	0	5
3970	1	3
3971	0	4
3972	2	3
3973	1	4
3974	0	1
3976	0	1
3977	3	3
3978	0	3
3980	0	8
3981	2	1
3982	2	3
3983	0	6
3984	0	5
3985	0	3
3987	0	1
3988	0	6
3989	1	2
3990	4	2
3991	2	3
3992	1	1
3993	5	3
3994	3	0
3995	2	1
3996	0	5
3997	3	1
3998	1	2
3999	0	2
4000	3	0
4001	1	3
4002	1	4
4003	0	2
4004	0	2
4005	0	5
4006	0	4
4007	0	4
4008	2	3
4009	0	4
4010	0	5
4011	0	3
4012	1	8
4013	1	10
4014	0	5
4015	0	2
4016	0	4
4017	1	3
4018	0	4
4019	1	3
4020	2	4
4021	0	2
4022	1	8
4023	0	5
4024	1	3
4025	0	10
4026	2	4
4027	0	6
4028	3	3
4029	2	2
4030	4	2
4031	6	2
4032	0	1
4033	0	1
4034	0	3
4035	7	7
4036	1	4
4037	2	1
4038	0	5
4039	2	3
4040	1	3
4041	2	2
4042	3	3
4043	0	9
4044	0	6
4045	0	3
4046	2	2
4047	0	4
4048	0	3
4049	3	1
4050	1	3
4051	0	1
4052	2	8
4053	1	7
4054	2	5
4055	2	8
4056	2	1
4057	0	3
4058	0	2
4059	0	1
4060	0	4
4061	2	8
4062	2	5
4063	1	3
4064	0	3
4065	0	1
4066	0	2
4067	1	3
4068	0	2
4070	1	3
4071	1	2
4072	2	3
4073	1	6
4074	0	4
4075	1	4
4076	1	2
4077	5	4
4078	5	5
4079	2	4
4080	2	2
4081	0	1
4082	1	0
4083	0	1
4084	2	1
4085	0	2
4088	0	1
4089	2	4
4090	2	1
4091	0	2
4092	2	1
4093	1	2
4094	0	2
4095	2	2
4096	1	2
4097	4	0
4098	3	0
4099	6	2
4100	2	5
4101	3	3
4102	1	4
4103	1	3
4104	1	5
4105	0	2
4106	1	4
4107	1	5
4108	2	1
4109	0	3
4110	1	1
4111	0	3
4112	3	2
4113	1	2
4114	2	1
4115	0	6
4116	3	4
4117	1	6
4118	0	3
4119	0	3
4120	0	3
4121	1	4
4122	0	2
4123	1	2
4124	1	6
4125	1	1
4126	1	1
4127	0	1
4128	2	1
4129	1	0
4130	3	6
4131	1	1
4132	0	1
4133	0	3
4134	0	3
4135	0	2
4136	0	5
4137	1	10
4138	0	6
4139	0	3
4140	1	4
4141	0	3
4142	1	6
4143	0	8
4144	0	2
4145	0	6
4146	0	4
4147	0	11
4148	0	6
4149	1	15
4150	0	4
4151	2	6
4152	0	6
4153	0	5
4154	0	12
4155	1	4
4156	1	6
4157	1	1
4158	2	5
4159	0	5
4160	1	3
4161	1	8
4162	4	4
4163	1	4
4164	1	1
4165	1	2
4166	0	4
4167	0	4
4168	0	1
4169	0	2
4170	1	7
4171	2	5
4172	0	3
4173	2	0
4174	4	0
4175	1	3
4176	0	6
4177	2	5
4178	0	5
4179	1	4
4180	1	3
4181	1	2
4182	0	3
4183	1	4
4184	1	3
4185	1	2
4186	0	3
4187	1	2
4188	2	3
4189	0	1
4190	1	3
4191	1	4
4192	2	3
4193	1	4
4194	0	4
4195	0	3
4196	2	0
4197	2	4
4198	1	0
4199	1	4
4200	1	5
4201	0	8
4202	0	3
4203	1	2
4204	0	4
4205	2	4
4206	0	2
4207	2	4
4208	0	2
4209	1	0
4210	0	1
4211	1	2
4212	1	4
4213	1	2
4214	1	6
4215	2	0
4216	2	4
4218	0	2
4219	1	1
4220	1	1
4221	0	1
4224	0	3
4225	1	2
4226	1	3
4227	1	2
4228	1	1
4229	2	6
4230	0	1
4231	3	2
4232	0	3
4233	0	1
4235	0	2
4236	0	3
4237	0	1
4238	0	2
4239	2	4
4240	0	2
4241	0	3
4243	0	2
4244	0	1
4245	0	2
4246	0	2
4247	0	4
4248	2	1
4249	5	1
4251	1	6
4252	1	3
4253	0	1
4254	2	2
4255	1	3
4256	0	2
4257	1	4
4258	0	5
4259	4	3
4260	1	3
4261	4	1
4262	2	2
4263	1	4
4264	0	1
4265	0	2
4266	2	7
4267	0	1
4268	0	7
4269	0	4
4270	0	7
4271	0	1
4272	1	2
4273	0	5
4274	0	9
4275	2	2
4276	2	5
4277	1	3
4278	0	1
4279	1	2
4280	0	2
4281	0	1
4282	0	7
4283	1	3
4284	0	11
4285	0	2
4286	0	4
4287	4	3
4289	0	5
4290	2	8
4291	1	3
4292	0	3
4293	0	5
4294	0	2
4295	0	2
4296	3	1
4299	2	1
4300	1	4
4301	1	3
4302	1	5
4303	0	6
4304	1	4
4305	0	4
4306	0	5
4307	0	2
4308	0	1
4309	1	3
4310	0	2
4311	2	0
4312	2	5
4313	0	7
4314	1	8
4316	0	3
4317	2	3
4318	2	0
4319	0	2
4320	0	2
4321	1	3
4322	1	2
4324	0	2
4325	2	1
4326	3	12
4327	3	0
4328	4	4
4329	1	1
4330	0	1
4331	0	2
4333	0	1
4335	0	2
4336	0	1
4337	0	4
4338	0	2
4339	0	1
4340	1	2
4341	0	1
4343	1	2
4344	0	3
4345	0	1
4346	1	2
4348	0	1
4349	0	1
4351	0	1
4353	1	2
4354	2	6
4355	0	3
4356	0	8
4357	0	4
4358	1	5
4359	0	8
4360	0	2
4361	0	4
4362	4	2
4363	1	3
4364	5	2
4365	1	0
4367	0	1
4368	1	4
4369	0	4
4370	5	7
4371	0	3
4372	1	4
4373	1	3
4374	0	7
4375	0	5
4376	0	3
4377	1	4
4378	0	3
4379	2	3
4380	0	6
4381	2	6
4382	0	1
4383	2	1
4384	2	2
4385	0	1
4386	2	3
4387	0	3
4388	0	2
4389	1	3
4390	2	7
4391	0	3
4392	3	3
4393	1	5
4394	0	5
4395	0	2
4396	1	6
4397	0	4
4398	0	5
4399	3	2
4400	1	1
4401	1	1
4402	0	4
4403	5	6
4404	1	1
4405	0	2
4406	0	5
4407	0	2
4408	2	6
4409	2	2
4410	1	3
4411	1	3
4412	3	7
4413	0	2
4414	4	4
4415	2	4
4416	0	4
4417	3	3
4418	2	3
4419	1	4
4420	4	8
4421	1	2
4422	0	3
4423	1	4
4424	3	2
4425	5	2
4426	0	2
4427	2	0
4428	0	4
4429	0	3
4430	3	4
4431	0	2
4433	1	1
4434	0	5
4435	1	0
4436	0	1
4437	0	1
4438	1	3
4439	3	1
4440	1	2
4441	0	5
4442	0	3
4443	1	2
4444	0	1
4446	2	8
4447	8	3
4448	2	9
4449	5	8
4451	1	6
4452	2	6
4453	1	9
4454	0	4
4455	0	1
4456	1	4
4457	0	7
4458	0	1
4459	1	3
4460	3	4
4461	0	2
4462	1	1
4463	3	3
4464	0	3
4465	0	2
4467	2	4
4468	4	4
4469	0	3
4470	3	2
4471	2	2
4472	3	0
4473	4	3
4474	2	3
4475	0	1
4476	1	4
4477	0	1
4478	0	3
4479	2	0
4480	1	0
4481	0	2
4482	2	2
4483	2	3
4484	0	3
4485	1	2
4486	3	6
4487	3	4
4488	0	2
4489	1	2
4490	1	1
4491	2	4
4492	0	2
4493	1	1
4494	1	2
4495	0	1
4496	0	2
4497	0	2
4498	1	1
4499	0	4
4500	0	2
4501	1	4
4502	0	1
4503	0	1
4504	0	1
4505	2	3
4506	0	3
4507	1	3
4508	1	2
4509	1	5
4510	0	4
4511	2	1
4512	1	2
4513	0	3
4514	1	1
4515	3	3
4516	0	3
4517	1	1
4518	0	3
4519	0	1
4521	1	2
4522	0	2
4523	2	2
4524	4	1
4525	1	2
4526	1	4
4527	0	4
4528	1	7
4529	0	6
4530	0	4
4531	1	7
4532	1	5
4533	0	9
4534	0	7
4535	0	9
4536	0	2
4537	0	1
4538	1	3
4539	1	4
4540	2	2
4541	2	2
4542	0	4
4543	0	4
4544	0	5
4545	0	1
4546	1	2
4547	3	0
4548	1	1
4549	1	5
4550	3	2
4552	0	1
4553	2	1
4554	3	1
4555	0	1
4556	3	2
4557	0	3
4558	0	4
4559	0	4
4560	0	4
4561	3	3
4562	2	4
4563	3	4
4564	2	1
4565	3	2
4567	1	5
4568	2	1
4569	2	2
4570	2	1
4571	2	3
4572	3	1
4573	0	1
4574	2	6
4575	0	4
4576	0	3
4577	0	2
4578	0	2
4579	1	0
4580	0	2
4581	0	3
4582	0	2
4583	1	2
4584	1	2
4585	1	2
4586	3	5
4587	2	1
4588	1	1
4589	1	8
4590	1	2
4591	1	10
4592	0	5
4593	1	4
4594	1	0
4595	1	2
4596	2	7
4597	1	1
4599	0	3
4600	0	4
4601	2	2
4602	0	4
4603	1	5
4604	3	3
4605	1	4
4606	1	0
4607	0	2
4608	0	5
4609	0	2
4610	3	2
4611	2	3
4612	1	1
4613	1	8
4614	1	7
4615	0	5
4616	1	3
4617	2	7
4618	0	2
4619	2	3
4620	2	2
4621	2	3
4622	0	2
4623	1	4
4624	0	4
4625	0	8
4626	0	6
4627	1	1
4628	0	2
4629	1	3
4630	0	5
4631	1	0
4632	0	1
4633	2	2
4634	2	1
4635	2	0
4636	2	2
4637	4	1
4638	1	0
4639	0	2
4640	0	5
4641	4	0
4642	0	5
4643	1	6
4644	0	4
4645	0	6
4646	1	7
4647	0	6
4648	0	5
4649	0	7
4650	0	2
4651	1	7
4652	0	1
4653	4	2
4654	1	2
4655	2	2
4656	1	2
4657	1	2
4658	1	6
4659	0	4
4660	0	5
4661	1	5
4662	0	3
4663	3	0
4664	1	2
4665	1	5
4666	0	5
4667	1	5
4668	3	3
4669	1	3
4670	0	6
4671	0	5
4672	0	10
4673	0	4
4674	1	3
4675	1	6
4676	0	5
4677	0	5
4678	1	5
4679	1	9
4680	2	3
4681	2	4
4682	0	6
4683	2	8
4684	5	3
4685	0	3
4686	1	2
4687	0	5
4688	1	2
4689	0	2
4690	0	8
4691	0	2
4692	0	4
4693	1	0
4694	0	2
4695	2	5
4696	1	3
4697	0	4
4698	0	7
4699	0	5
4700	0	2
4701	2	3
4702	0	3
4703	1	2
4704	1	3
4706	1	3
4707	1	8
4708	2	4
4709	0	3
4710	0	1
4711	0	1
4713	0	1
4714	1	1
4715	0	2
4717	1	0
4719	0	1
4720	0	2
4723	1	0
4725	0	5
4727	0	2
4728	1	2
4729	1	1
4730	0	2
4731	0	2
4732	1	0
4733	0	1
4736	0	3
4737	1	1
4739	0	1
4740	0	5
4741	0	2
4742	0	2
4743	0	1
4744	0	1
4746	0	1
4748	0	1
4749	1	9
4750	0	3
4751	0	6
4752	0	4
4753	1	4
4754	4	10
4755	0	4
4756	1	4
4757	2	3
4758	0	2
4759	0	2
4760	2	4
4761	1	0
4762	1	3
4763	0	5
4765	2	3
4766	0	1
4767	2	2
4768	2	0
4770	2	1
4771	2	3
4772	1	4
4773	0	3
4774	1	5
4775	1	2
4776	2	6
4777	0	4
4778	0	4
4779	1	4
4781	2	2
4782	0	3
4783	0	2
4784	2	3
4785	0	3
4786	0	3
4787	0	3
4788	1	3
4789	0	1
4790	0	2
4791	0	6
4792	0	4
4793	0	3
4794	0	5
4795	0	5
4796	0	6
4797	2	0
4798	1	1
4799	1	3
4800	2	3
4801	1	1
4802	1	3
4803	0	12
4804	0	6
4805	0	2
4806	0	1
4807	0	9
4808	0	3
4809	0	3
4810	0	1
4811	1	1
4812	2	2
4813	0	2
4814	0	1
4815	0	4
4816	0	6
4817	0	6
4818	1	1
4819	0	4
4820	0	2
4821	1	2
4822	0	2
4823	2	3
4824	2	5
4825	1	2
4826	0	3
4827	0	5
4828	0	4
4829	1	3
4830	0	5
4831	0	9
4832	0	1
4833	0	3
4834	1	3
4835	0	8
4836	3	5
4837	1	4
4838	1	1
4839	0	2
4840	0	4
4841	0	7
4842	0	2
4843	3	5
4844	1	2
4845	4	4
4846	0	4
4847	0	7
4848	1	2
4849	0	4
4850	0	5
4851	1	5
4852	2	1
4853	0	7
4854	0	6
4855	0	2
4856	0	1
4857	0	5
4858	1	5
4859	0	5
4860	0	2
4861	0	3
4862	0	6
4863	1	6
4864	2	7
4865	1	2
4866	1	5
4867	1	4
4868	1	2
4869	2	2
4870	1	2
4871	0	3
4872	0	1
4873	0	5
4874	2	4
4875	0	2
4876	1	3
4877	0	4
4878	0	5
4879	0	5
4880	0	9
4881	0	9
4882	1	1
4883	0	3
4884	0	2
4885	0	2
4886	1	1
4887	0	2
4888	2	3
4889	0	8
4890	0	5
4893	1	8
4894	1	2
4895	1	0
4896	0	7
4897	0	3
4898	0	3
4899	0	7
4900	0	5
4901	1	1
4902	0	2
4903	1	2
4904	0	1
4905	0	4
4906	1	4
4907	1	6
4908	0	3
4909	0	3
4910	2	2
4911	2	1
4912	2	4
4913	0	1
4914	0	2
4915	0	5
4916	2	4
4917	3	2
4918	2	2
4919	4	0
4920	2	3
4921	2	4
4922	0	4
4923	0	4
4924	0	4
4925	0	1
4927	0	3
4928	1	4
4929	0	3
4930	1	3
4931	0	6
4932	0	3
4933	2	4
4934	1	4
4935	1	2
4936	4	3
4937	1	0
4938	1	3
4939	1	3
4940	2	4
4941	0	4
4942	0	5
4943	1	3
4944	0	2
4946	2	4
4947	0	7
4948	2	2
4949	2	4
4950	2	3
4951	1	1
4952	0	1
4953	0	3
4954	1	6
4955	0	5
4957	0	4
4958	0	2
4959	1	2
4960	0	4
4961	0	2
4962	0	3
4963	2	3
4964	0	6
4965	2	2
4966	1	0
4967	0	3
4968	0	2
4969	3	3
4970	1	6
4971	2	2
4972	0	8
4973	1	2
4974	1	2
4975	1	1
4976	0	4
4977	1	6
4978	1	1
4979	2	1
4980	1	3
4981	0	1
4982	0	2
4983	0	4
4984	0	4
4985	1	1
4986	0	7
4987	1	4
4988	1	7
4989	0	3
4990	0	5
4991	1	7
4992	0	2
4993	0	3
4994	1	6
4995	0	4
4996	0	6
4997	1	6
4998	0	5
4999	1	8
5000	0	7
5001	0	6
5002	0	6
5003	0	2
5004	0	3
5005	0	2
5006	0	3
5007	0	1
5008	0	2
5012	0	1
5013	1	5
5014	2	3
5015	1	9
5017	1	5
5019	0	4
5020	0	1
5021	0	3
5023	0	8
5024	0	9
5025	0	6
5026	1	7
5027	2	5
5028	0	5
5029	0	7
5030	1	9
5031	0	4
5032	1	6
5033	2	8
5034	1	3
5035	0	5
5036	1	13
5037	1	10
5038	2	12
5039	0	2
5040	1	0
5041	0	2
5042	1	3
5043	1	3
5044	2	2
5045	0	4
5046	0	3
5047	0	2
5048	0	3
5049	0	5
5050	0	1
5051	0	2
5052	0	5
5053	0	4
5054	0	3
5055	0	5
5056	1	3
5057	1	4
5058	0	1
5059	0	1
5060	0	5
5061	0	6
5062	0	5
5063	0	7
5064	0	3
5065	0	12
5066	1	4
5067	0	3
5068	5	5
5069	0	4
5070	0	2
5071	0	3
5072	0	3
5073	1	4
5074	1	2
5075	1	0
5076	0	4
5077	2	4
5079	0	4
5080	1	7
5081	1	3
5082	0	1
5083	1	6
5084	1	5
5085	1	3
5086	0	3
5087	0	2
5088	4	5
5089	1	2
5090	1	2
5091	2	2
5092	0	1
5093	1	5
5095	3	3
5096	1	3
5097	0	5
5098	4	2
5099	1	3
5100	1	2
5101	3	1
5102	1	1
5103	1	0
5104	0	1
5105	1	1
5106	1	3
5107	1	1
5108	5	2
5110	0	1
5111	0	4
5112	1	0
5113	1	1
5114	1	8
5115	0	2
5116	0	6
5117	1	5
5118	2	3
5119	0	2
5120	1	5
5121	1	8
5122	0	5
5123	1	3
5124	2	2
5125	2	3
5126	0	4
5127	0	4
5129	0	3
5130	0	4
5131	2	1
5132	1	3
5133	1	3
5134	0	3
5135	0	4
5136	0	2
5137	0	9
5138	0	3
5139	0	4
5140	1	1
5141	0	4
5143	0	3
5144	0	2
5145	0	3
5146	0	3
5147	0	1
5148	0	3
5149	1	7
5150	0	4
5151	1	1
5152	0	2
5153	3	5
5154	1	6
5155	2	6
5156	0	4
5157	1	4
5158	1	8
5159	0	6
5160	0	5
5161	1	5
5163	1	1
5164	1	0
5165	1	1
5166	4	2
5167	6	1
5168	5	2
5169	2	4
5170	1	4
5171	0	1
5172	2	1
5173	3	4
5174	3	8
5175	4	4
5177	2	2
5179	0	1
5180	1	0
5181	0	4
5182	1	1
5183	2	5
5184	0	4
5185	0	4
5186	3	0
5187	2	1
5188	1	1
5189	4	4
5190	1	2
5191	1	3
5192	1	3
5193	0	3
5194	0	2
5195	0	1
5197	0	4
5198	1	2
5199	0	1
5201	0	1
5202	2	3
5203	1	1
5204	3	3
5205	5	4
5206	0	1
5207	0	3
5208	2	8
5209	9	13
5210	4	7
5211	0	3
5212	3	1
5213	0	1
5214	1	1
5215	1	3
5216	0	1
5217	0	4
5218	0	3
5219	0	3
5220	0	2
5221	2	4
5222	0	5
5223	1	7
5224	0	8
5225	0	2
5226	0	4
5227	1	3
5228	1	7
5229	2	0
5230	1	2
5231	1	7
5232	0	2
5233	0	3
5234	1	2
5235	3	3
5236	1	4
5237	1	5
5238	0	2
5239	1	4
5240	5	3
5241	4	4
5242	2	3
5243	2	3
5244	0	1
5245	0	2
5246	0	1
5247	0	1
5248	1	3
5249	0	1
5250	2	1
5251	1	1
5252	0	3
5253	1	0
5254	1	2
5255	1	2
5256	0	1
5257	1	3
5258	0	1
5259	0	4
5260	3	7
5261	0	5
5262	1	3
5263	1	8
5264	1	7
5265	0	1
5266	1	1
5267	1	4
5268	1	1
5269	2	2
5270	4	3
5271	3	2
5272	1	2
5273	1	3
5274	1	3
5275	1	2
5276	1	4
5277	0	8
5278	1	11
5279	0	3
5280	0	6
5281	2	4
5282	0	4
5283	1	4
5284	0	1
5285	0	5
5286	1	5
5287	1	5
5288	1	1
5289	0	2
5290	0	4
5292	0	1
5293	1	2
5294	0	6
5295	0	10
5296	0	4
5297	1	2
5298	0	6
5299	0	3
5300	1	5
5301	1	2
5302	0	5
5303	0	2
5304	0	3
5305	1	3
5306	0	6
5307	1	1
5308	3	2
5309	1	4
5310	2	2
5311	0	5
5312	0	1
5313	4	2
5314	1	1
5315	4	3
5317	0	1
5318	1	0
5319	0	1
5321	0	3
5322	0	3
5323	0	3
5324	0	4
5325	0	3
5326	0	2
5327	1	5
5328	0	1
5329	0	6
5330	0	2
5331	1	2
5332	1	5
5333	0	5
5334	0	5
5335	1	3
5336	0	5
5337	0	2
5338	0	3
5339	0	2
5340	0	2
5341	1	4
5342	1	3
5343	1	2
5344	2	3
5345	0	5
5346	2	1
5347	1	2
5348	2	3
5349	0	2
5350	1	3
5351	1	1
5352	1	1
5353	3	7
5354	0	7
5355	0	5
5356	1	2
5357	1	3
5358	0	2
5359	1	4
5360	3	5
5361	1	5
5362	7	4
5363	4	2
5364	1	6
5365	0	3
5366	1	2
5367	1	4
5368	0	3
5369	0	5
5370	0	6
5371	0	4
5372	0	3
5373	0	3
5374	0	2
5375	0	1
5376	1	3
5377	1	2
5378	1	5
5379	1	3
5380	0	2
5381	0	2
5382	0	5
5383	0	1
5384	1	3
5385	0	5
5386	0	2
5387	2	1
5388	0	5
5389	0	4
5390	2	3
5391	0	5
5392	2	2
5393	2	4
5394	0	5
5395	0	3
5396	0	7
5397	1	2
5398	0	2
5399	1	3
5400	0	7
5401	1	1
5402	2	6
5403	3	3
5404	1	0
5405	4	4
5406	1	0
5407	1	4
5408	0	3
5409	0	6
5410	0	15
5411	0	3
5412	0	7
5413	1	2
5414	0	6
5415	0	5
5416	0	2
5417	0	6
5418	0	8
5419	0	1
5420	0	4
5421	0	3
5422	0	3
5423	0	2
5424	2	2
5425	0	3
5426	0	5
5427	0	6
5428	0	5
5429	0	7
5430	3	2
5431	1	3
5432	1	2
5433	0	2
5434	0	3
5435	1	6
5436	2	1
5437	0	2
5438	0	1
5439	1	7
5440	0	1
5441	2	6
5442	1	3
5443	0	5
5444	1	2
5445	1	7
5446	1	1
5447	1	0
5448	2	2
5449	0	1
5450	2	1
5451	0	3
5452	0	2
5453	0	1
5454	1	3
5455	0	1
5456	2	1
5457	1	5
5458	1	5
5459	3	5
5460	0	4
5461	0	2
5462	0	5
5463	1	0
5464	0	3
5465	0	3
5466	1	4
5467	1	1
5468	0	2
5469	0	2
5470	1	6
5471	0	3
5472	0	6
5473	0	7
5474	1	4
5475	0	2
5476	1	2
5477	0	4
5478	0	3
5479	3	6
5480	1	8
5481	0	3
5482	3	5
5483	0	4
5484	2	4
5485	0	3
5486	1	2
5487	1	3
5488	1	3
5489	1	4
5490	2	4
5491	0	2
5492	1	2
5493	1	2
5494	1	5
5495	2	2
5496	1	1
5497	0	1
5498	1	3
5499	0	9
5501	1	3
5502	1	5
5503	0	6
5504	0	3
5505	0	5
5506	0	8
5507	0	4
5508	0	2
5509	0	5
5510	0	5
5511	0	2
5512	1	8
5513	0	5
5514	1	2
5515	1	3
5516	1	5
5517	0	4
5518	0	4
5519	2	2
5520	1	2
5521	2	1
5522	0	7
5523	0	6
5524	1	3
5525	0	4
5526	1	6
5527	1	3
5528	1	4
5529	0	2
5530	0	7
5531	0	3
5532	0	2
5533	0	5
5534	1	1
5535	0	4
5536	3	2
5537	1	2
5538	0	1
5539	0	4
5540	1	2
5541	1	2
5542	0	4
5543	3	2
5544	4	6
5546	1	1
5547	2	3
5548	0	1
5549	0	3
5550	2	2
5551	0	2
5552	1	2
5553	1	1
5554	0	2
5555	3	5
5556	2	2
5557	2	3
5558	1	1
5559	0	3
5560	0	5
5561	1	2
5562	1	3
5563	1	5
5564	5	8
5565	3	0
5566	1	4
5567	4	2
5568	0	5
5569	0	3
5570	0	7
5571	0	4
5572	0	3
5573	2	3
5574	0	5
5575	0	4
5576	1	4
5577	2	6
5578	8	3
5579	2	3
5580	1	1
5581	0	7
5582	1	4
5584	0	4
5585	0	8
5586	1	3
5587	1	8
5588	1	6
5589	0	3
5590	1	5
5591	1	2
5592	1	3
5593	1	4
5594	1	1
5595	0	3
5596	2	3
5597	2	1
5598	0	3
5599	1	2
5600	1	2
5601	2	0
5602	2	4
5603	4	3
5604	2	2
5605	0	4
5606	0	2
5607	0	6
5608	1	2
5609	2	2
5610	0	1
5611	0	3
5612	0	3
5613	2	5
5614	1	4
5615	2	2
5616	1	2
5617	0	2
5618	5	5
5619	1	3
5620	1	0
5621	1	1
5622	1	1
5623	2	1
5624	0	2
5625	3	0
5626	1	7
5627	1	6
5628	0	4
5629	0	1
5630	0	2
5632	1	3
5633	0	2
5634	1	3
5635	0	2
5636	3	0
5637	0	1
5638	0	2
5639	1	5
5640	1	4
5641	0	2
5642	1	2
5643	2	3
5644	1	3
5645	1	7
5646	0	6
5647	2	5
5648	1	4
5649	0	4
5650	0	4
5651	1	2
5652	0	1
5653	0	1
5654	0	1
5655	0	3
5656	1	0
5657	2	5
5658	3	3
5659	0	2
5660	0	1
5661	1	3
5662	2	3
5663	2	2
5664	1	0
5665	0	2
5666	0	1
5667	0	1
5668	0	4
5669	2	0
5670	2	4
5671	0	5
5672	1	2
5673	1	2
5674	0	4
5675	0	3
5676	4	1
5677	0	1
5678	0	1
5679	0	2
5680	2	3
5681	0	2
5682	1	2
5683	3	7
5684	0	4
5685	0	3
5686	0	2
5687	0	7
5688	2	2
5689	2	1
5690	0	3
5691	0	5
5692	0	7
5693	1	0
5694	4	3
5695	1	2
5696	0	1
5697	1	2
5698	1	1
5699	0	4
5700	0	4
5701	1	3
5702	2	3
5703	0	3
5704	1	1
5705	2	3
5706	1	3
5707	1	4
5708	1	2
5709	0	2
5710	0	6
5711	0	4
5712	0	5
5713	0	3
5714	0	3
5715	4	6
5716	3	3
5717	0	4
5718	0	4
5719	1	3
5720	0	3
5721	0	3
5722	0	5
5723	0	3
5724	0	4
5725	0	4
5726	0	2
5727	0	7
5728	0	8
5729	2	3
5730	1	2
5731	0	2
5732	0	4
5733	1	2
5734	0	4
5735	0	1
5736	0	1
5737	1	2
5738	3	3
5739	1	4
5740	3	4
5741	0	1
5742	0	5
5743	0	2
5744	0	4
5745	0	4
5746	1	4
5747	2	2
5748	3	1
5749	1	2
5750	1	3
5751	1	6
5752	1	3
5753	0	5
5754	0	5
5755	1	4
5756	0	1
5757	3	6
5758	1	4
5759	0	3
5760	2	0
5761	1	3
5762	3	1
5763	1	5
5764	0	5
5765	0	3
5766	0	5
5768	0	4
5769	0	7
5770	1	3
5771	1	7
5772	0	5
5773	0	2
5774	0	2
5775	0	1
5776	1	6
5777	2	1
5778	2	1
5779	0	1
5780	3	3
5781	1	3
5782	3	2
5783	4	5
5784	3	1
5785	1	2
5787	0	7
5788	0	7
5789	2	7
5790	1	4
5791	0	1
5792	1	1
5793	2	6
5794	1	1
5795	1	2
5796	5	2
5797	3	4
5798	0	7
5799	0	3
5800	1	1
5801	0	9
5802	2	0
5803	0	4
5804	1	2
5805	1	1
5806	2	5
5807	0	4
5808	2	5
5809	0	5
5810	0	3
5811	3	5
5812	0	4
5813	2	2
5814	2	3
5815	2	1
5816	1	3
5817	1	5
5818	1	1
5819	0	1
5820	0	1
5821	1	1
5822	2	0
5823	0	3
5824	0	1
5825	1	5
5826	0	4
5827	1	7
5828	1	4
5829	0	3
5830	0	5
5831	0	7
5832	2	2
5833	0	7
5834	0	3
5835	0	4
5836	2	1
5837	2	2
5838	0	2
5839	1	1
5840	2	2
5841	0	1
5842	0	5
5843	0	2
5844	0	3
5845	0	5
5846	0	3
5847	0	4
5848	3	4
5849	0	2
5850	2	6
5851	1	3
5853	0	5
5854	0	5
5855	1	5
5856	0	8
5857	1	4
5858	1	6
5859	1	0
5860	1	3
5861	1	5
5862	0	5
5863	0	1
5864	0	4
5865	0	1
5866	0	5
5867	0	4
5868	0	4
5869	0	4
5871	0	1
5872	3	2
5873	1	2
5874	0	4
5875	2	1
5876	2	2
5877	1	4
5878	0	2
5879	1	2
5880	2	3
5881	1	2
5882	0	5
5883	1	4
5884	1	3
5885	1	2
5886	0	3
5887	0	4
5888	0	2
5889	0	4
5890	1	7
5891	1	4
5892	2	1
5893	1	6
5894	0	4
5895	0	3
5896	0	7
5897	0	5
5898	0	6
5899	1	1
5900	0	7
5901	0	4
5902	0	4
5903	0	4
5904	1	3
5905	0	1
5906	0	6
5907	0	3
5908	0	3
5909	1	4
5910	2	1
5911	1	0
5912	2	4
5913	2	1
5914	0	3
5915	0	7
5916	0	1
5917	2	6
5918	1	5
5919	1	6
5920	0	5
5921	0	1
5922	0	8
5923	0	2
5924	0	3
5925	0	3
5926	0	2
5927	1	2
5928	0	1
5929	2	1
5930	0	2
5931	3	1
5932	1	5
5933	2	5
5934	0	5
5935	1	0
5936	3	3
5938	0	4
5939	2	0
5940	2	3
5941	1	3
5942	3	1
5943	0	4
5944	1	11
5945	3	5
5946	1	1
5947	1	1
5948	2	3
5949	2	1
5950	1	5
5951	1	6
5952	1	4
5953	3	3
5954	0	1
5956	3	3
5957	1	0
5958	1	4
5959	1	1
5960	1	2
5961	0	3
5962	0	2
5964	0	3
5965	0	6
5966	0	3
5967	1	6
5968	1	8
5969	3	2
5970	3	1
5971	0	2
5972	2	3
5973	2	1
5974	1	1
5975	1	1
5976	1	3
5977	3	2
5978	0	4
5979	3	7
5980	0	6
5981	0	4
5982	0	4
5983	0	3
5984	1	2
5985	1	3
5986	1	4
5987	0	4
5988	0	4
5989	0	2
5990	1	3
5991	2	10
5992	1	6
5993	1	5
5994	2	1
5995	0	2
5996	3	1
5997	0	2
5999	1	1
6000	3	7
6001	0	5
6002	0	7
6003	0	2
6004	0	3
6005	1	0
6006	2	3
6007	1	3
6008	0	3
6009	1	4
6010	1	2
6011	0	3
6012	2	1
6013	4	4
6014	1	3
6015	0	5
6016	1	2
6017	0	3
6018	0	3
6019	0	3
6020	1	3
6021	0	2
6022	1	6
6023	0	3
6024	1	1
6025	0	1
6026	1	1
6027	0	1
6028	0	2
6029	4	5
6030	2	3
6032	0	1
6034	2	2
6035	1	1
6036	5	0
6037	1	1
6038	0	4
6039	0	1
6040	0	1
6041	2	3
6042	2	5
6043	1	5
6044	0	1
6045	1	8
6046	2	5
6047	0	3
6048	0	4
6049	0	4
6050	0	4
6051	0	5
6052	0	2
6053	0	3
6054	0	7
6055	0	3
6056	0	2
6057	0	2
6058	0	4
6059	3	3
6060	1	4
6061	0	4
6062	0	2
6063	0	1
6064	1	2
6065	1	9
6066	4	4
6067	1	2
6068	0	7
6069	0	4
6070	1	3
6071	1	3
6072	0	1
6073	0	3
6074	1	2
6075	1	2
6076	2	2
6077	1	3
6078	0	5
6079	0	3
6080	1	3
6081	0	5
6082	0	6
6083	1	3
6084	0	1
6085	0	5
6086	0	1
6087	2	4
6088	1	1
6089	1	4
6090	0	4
6091	1	2
6092	0	7
6093	1	8
6094	0	2
6095	0	3
6096	0	2
6097	0	4
6098	1	8
6100	1	4
6101	1	1
6102	0	2
6103	1	4
6104	0	2
6105	0	8
6106	2	3
6107	2	5
6108	1	3
6109	0	3
6110	0	1
6111	0	7
6112	1	2
6113	0	7
6114	1	3
6115	0	4
6116	1	1
6117	2	2
6118	0	3
6119	2	1
6120	1	1
6122	0	2
6123	3	3
6125	1	1
6126	1	2
6127	2	3
6128	0	3
6129	1	0
6130	2	0
6131	0	3
6132	1	0
6133	2	5
6134	0	1
6135	0	2
6136	1	2
6137	0	3
6138	0	3
6139	1	2
6140	0	1
6141	4	0
6142	0	2
6143	2	2
6144	1	3
6146	0	7
6147	0	6
6148	0	9
6149	0	3
6150	0	1
6151	2	1
6152	0	8
6153	2	1
6154	4	0
6155	0	3
6156	0	2
6157	1	3
6158	1	1
6159	0	2
6160	0	3
6161	1	2
6162	2	1
6163	2	4
6164	1	1
6165	0	2
6166	0	3
6167	4	2
6168	0	1
6169	1	0
6170	0	3
6171	2	2
6173	2	3
6174	1	2
6175	0	7
6176	1	0
6177	0	2
6178	0	6
6179	3	4
6180	1	1
6181	2	5
6182	1	4
6184	0	1
6185	0	3
6186	1	2
6187	0	1
6188	0	4
6189	0	3
6190	1	5
6191	1	4
6192	1	8
6193	0	7
6194	0	4
6195	0	8
6196	0	6
6197	1	2
6198	2	1
6199	0	6
6200	0	7
6201	3	1
6202	1	2
6203	0	7
6204	1	6
6205	0	3
6206	2	1
6207	0	5
6208	1	8
6209	0	8
6210	2	1
6211	2	3
6212	0	2
6213	2	1
6214	1	1
6215	0	1
6216	0	3
6217	1	2
6218	0	1
6219	0	4
6220	0	1
6221	1	2
6222	0	2
6223	2	1
6224	0	1
6225	3	3
6226	4	2
6227	0	4
6228	0	5
6229	0	6
6230	0	5
6231	0	4
6232	0	5
6233	0	13
6234	0	2
6235	2	4
6236	0	4
6237	0	5
6238	0	3
6239	1	2
6240	2	6
6241	0	1
6242	1	1
6243	0	2
6244	1	1
6246	1	2
6247	2	5
6248	0	1
6249	1	1
6250	1	2
6251	5	1
6252	2	1
6253	0	1
6254	2	1
6255	0	1
6256	0	1
6257	0	3
6258	0	4
6259	0	2
6260	0	5
6261	1	9
6262	0	6
6263	0	3
6264	0	2
6265	0	5
6266	2	4
6268	1	5
6269	0	8
6271	0	1
6272	0	5
6273	0	1
6274	0	3
6275	0	2
6276	1	2
6277	2	1
6278	2	4
6279	2	4
6280	3	4
6281	2	0
6282	0	4
6283	0	6
6284	1	6
6285	0	6
6286	0	2
6287	0	5
6288	0	5
6289	1	6
6290	1	1
6291	1	4
6292	0	1
6293	1	6
6294	2	7
6295	1	5
6296	0	3
6297	0	2
6298	0	2
6299	0	2
6300	0	2
6301	0	2
6302	1	10
6303	0	4
6304	0	3
6305	1	6
6306	4	6
6307	1	2
6308	1	3
6309	0	4
6310	1	4
6311	1	5
6312	0	3
6313	1	5
6314	0	2
6315	0	1
6316	0	1
6318	1	1
6319	1	4
6320	1	3
6321	3	2
6322	1	1
6323	1	4
6324	0	3
6325	1	3
6326	0	4
6327	0	5
6328	0	8
6329	0	3
6330	0	6
6331	1	4
6332	0	4
6333	0	2
6334	1	4
6335	0	6
6336	1	2
6337	0	2
6338	0	7
6339	1	4
6340	0	2
6341	0	5
6342	1	2
6343	1	4
6344	0	3
6345	3	3
6346	0	1
6347	0	3
6348	0	1
6349	1	2
6350	3	5
6351	1	1
6352	2	5
6353	2	7
6354	0	3
6355	1	4
6356	0	7
6357	2	1
6358	0	2
6359	0	1
6360	1	1
6361	0	2
6362	0	2
6363	2	3
6364	1	0
6365	3	2
6366	1	4
6368	1	4
6369	1	1
6371	0	1
6372	0	1
6373	0	4
6374	0	5
6375	0	6
6376	0	1
6377	0	4
6378	0	6
6379	0	3
6380	0	3
6382	1	1
6383	1	0
6384	2	1
6385	0	7
6386	1	3
6388	0	2
6389	1	4
6390	2	4
6391	0	1
6392	0	2
6393	2	1
6394	0	2
6395	0	1
6396	0	4
6397	0	2
6399	0	2
6400	1	3
6401	1	8
6402	0	3
6403	0	1
6404	1	4
6405	3	5
6406	0	5
6407	1	7
6408	0	4
6409	1	4
6410	1	2
6411	1	1
6412	1	4
6413	3	2
6414	1	5
6416	1	7
6417	3	1
6418	0	1
6419	0	8
6420	0	3
6421	0	5
6422	1	2
6423	1	5
6424	2	4
6425	0	3
6426	0	3
6427	3	5
6428	1	3
6430	0	3
6431	3	3
6432	0	5
6433	0	2
6434	0	4
6435	0	3
6436	0	3
6437	1	1
6438	1	0
6439	0	2
6440	2	7
6441	0	3
6442	0	7
6443	0	3
6444	0	5
6445	2	3
6446	1	3
6447	1	2
6448	1	1
6449	1	1
6450	2	3
6451	0	6
6452	0	3
6453	0	2
6454	0	1
6455	2	2
6456	2	5
6457	0	7
6458	1	4
6459	0	3
6460	1	1
6461	0	8
6462	0	2
6463	0	3
6464	1	1
6465	0	7
6466	1	5
6467	0	2
6468	1	4
6469	0	1
6470	0	4
6471	1	2
6472	1	5
6473	0	5
6474	0	2
6475	0	2
6476	0	1
6477	1	0
6478	0	1
6479	0	3
6480	1	0
6481	0	1
6482	1	0
6483	0	2
6484	2	0
6485	0	1
6486	0	1
6487	1	3
6488	1	3
6489	0	4
6490	1	7
6491	0	2
6492	1	4
6493	1	5
6494	0	4
6495	1	6
6496	2	2
6497	1	2
6498	3	0
6499	1	2
6500	0	5
6501	2	1
6502	0	2
6503	0	3
6504	0	3
6505	2	3
6506	5	5
6507	0	1
6508	1	2
6509	1	5
6510	2	1
6511	1	2
6512	0	2
6513	1	5
6514	0	7
6515	1	4
6516	1	3
6517	0	6
6518	1	4
6519	1	5
6520	3	3
6521	1	3
6522	1	3
6523	1	4
6524	2	3
6525	1	3
6526	1	5
6527	0	3
6528	0	1
6529	0	2
6530	1	4
6531	0	2
6532	1	3
6533	1	1
6534	0	2
6535	0	5
6537	2	3
6539	2	3
6540	1	4
6541	0	1
6542	0	5
6543	3	4
6544	1	7
6545	3	4
6546	0	4
6547	0	2
6548	0	2
6549	0	2
6550	2	0
6551	0	3
6552	0	4
6553	0	4
6554	1	1
6555	1	4
6556	4	8
6557	2	2
6558	1	3
6559	0	6
6560	2	9
6561	0	8
6562	0	4
6563	0	9
6564	1	5
6565	0	4
6566	0	5
6567	0	5
6568	0	9
6569	1	5
6570	3	2
6571	0	6
6572	1	2
6573	1	2
6575	1	1
6576	0	3
6577	0	4
6578	0	4
6579	1	6
6580	0	3
6581	1	6
6582	3	1
6583	0	3
6584	1	3
6585	0	5
6586	0	4
6587	2	2
6588	3	5
6589	4	1
6590	0	1
6591	0	2
6592	0	2
6593	1	5
6594	0	4
6595	2	2
6596	1	1
6597	3	1
6598	0	5
6599	2	3
6600	0	3
6601	0	5
6602	0	4
6603	1	0
6604	2	1
6605	7	1
6606	0	4
6607	1	6
6608	3	4
6609	1	2
6610	2	1
6611	1	2
6612	0	2
6613	3	2
6614	0	3
6615	0	3
6616	1	2
6617	0	2
6618	1	1
6619	0	1
6620	0	2
6621	2	4
6622	3	1
6623	2	2
6624	2	3
6625	0	2
6626	0	2
6627	3	1
6628	0	3
6629	3	1
6630	0	1
6631	0	2
6632	2	3
6633	1	2
6634	0	4
6635	1	1
6636	4	2
6637	2	1
6638	2	1
6639	0	2
6640	1	6
6641	0	5
6642	1	2
6643	0	1
6644	1	1
6645	1	4
6646	2	5
6647	1	4
6648	2	3
6649	0	5
6650	1	4
6651	1	4
6652	2	2
6653	1	7
6654	1	9
6655	2	11
6656	0	16
6657	0	25
6658	0	12
6659	3	5
6660	3	2
6661	0	3
6662	1	3
6663	1	1
6664	0	1
6665	1	2
6666	1	2
6667	3	4
6668	1	3
6669	1	2
6670	1	3
6671	1	3
6672	0	2
6673	1	8
6674	1	6
6675	0	8
6676	0	2
6677	2	1
6678	0	8
6679	0	2
6680	0	2
6681	0	2
6682	0	5
6683	1	2
6684	0	1
6685	1	2
6686	0	2
6687	1	3
6688	0	3
6689	1	8
6690	0	6
6691	0	4
6692	0	4
6693	0	3
6694	2	3
6695	0	4
6696	0	6
6697	0	10
6698	0	1
6699	1	8
6700	0	5
6701	0	3
6702	0	7
6703	0	3
6704	1	9
6705	4	1
6706	2	3
6707	0	6
6708	1	6
6709	0	8
6710	0	3
6711	0	6
6712	1	5
6713	0	3
6714	0	3
6715	1	4
6716	0	6
6717	0	3
6718	2	6
6719	0	7
6720	1	6
6722	0	1
6723	2	1
6724	0	4
6725	0	10
6726	1	1
6727	1	7
6728	0	1
6729	0	1
6730	2	2
6731	0	1
6732	0	2
6733	3	2
6734	1	1
6735	2	0
6736	3	4
6737	1	2
6738	0	4
6739	1	5
6740	0	1
6741	4	4
6742	2	0
6743	0	1
6744	2	1
6745	1	2
6746	0	2
6747	0	1
6748	0	4
6749	2	6
6750	1	1
6751	1	2
6752	2	3
6753	2	3
6754	0	2
6755	2	2
6756	4	0
6758	2	4
6759	1	5
6760	1	4
6761	0	2
6762	1	9
6763	1	5
6765	2	5
6766	2	3
6767	0	3
6768	1	1
6770	0	5
6771	0	1
6772	1	1
6773	3	3
6774	1	3
6775	0	1
6776	0	4
6777	1	0
6778	0	5
6779	1	5
6780	0	2
6781	0	7
6782	1	5
6783	2	0
6784	2	2
6785	0	2
6786	0	2
6787	2	2
6788	0	3
6789	0	1
6790	2	1
6791	1	2
6792	1	3
6793	3	2
6794	1	3
6795	1	4
6796	0	6
6797	0	1
6798	0	2
6799	1	4
6800	0	6
6801	0	4
6802	0	6
6803	0	3
6804	0	7
6805	0	5
6806	0	4
6807	0	9
6808	0	4
6809	0	2
6810	1	4
6811	0	3
6812	0	8
6813	2	5
6814	1	4
6816	2	4
6817	1	2
6818	0	1
6819	1	1
6820	1	1
6821	3	0
6822	3	1
6823	1	3
6824	1	2
6825	0	3
6826	1	5
6827	2	3
6828	1	4
6829	1	2
6830	0	1
6831	0	1
6832	0	2
6834	0	2
6835	0	2
6836	0	1
6837	1	2
6838	0	3
6839	3	6
6840	1	2
6841	2	2
6842	3	6
6843	0	1
6844	2	4
6845	0	3
6846	1	5
6847	0	2
6848	0	6
6849	2	2
6850	4	1
6851	0	6
6852	0	6
6853	2	1
6854	2	2
6855	1	1
6856	3	2
6857	2	3
6858	2	2
6859	0	2
6860	1	3
6861	2	3
6862	1	5
6863	3	1
6864	0	1
6865	1	2
6866	1	2
6867	2	5
6868	0	4
6869	2	2
6870	1	5
6871	1	5
6872	1	4
6873	0	5
6874	1	5
6875	0	4
6876	0	6
6877	0	3
6878	2	4
6879	0	3
6880	1	6
6881	0	3
6882	0	4
6884	4	2
6885	0	6
6886	3	3
6887	0	6
6888	0	4
6889	1	6
6890	0	4
6891	0	4
6892	1	4
6893	0	4
6894	2	3
6895	0	3
6896	0	3
6897	1	3
6898	0	2
6899	3	5
6900	0	1
6901	1	1
6902	0	1
6903	3	1
6904	1	1
6905	0	7
6906	0	2
6907	0	2
6908	1	3
6909	1	5
6910	1	4
6911	1	3
6912	1	1
6913	2	2
6914	3	2
6915	4	2
6916	0	1
6917	1	4
6918	0	2
6919	1	4
6920	1	0
6921	2	3
6922	1	2
6923	2	4
6924	0	2
6925	0	2
6926	1	3
6927	1	2
6928	2	5
6929	2	1
6930	1	0
6931	0	1
6932	0	2
6933	1	1
6934	2	3
6935	0	2
6936	1	2
6937	0	4
6938	0	9
6939	1	1
6940	1	4
6941	0	9
6942	0	3
6943	0	3
6944	0	4
6945	0	2
6946	1	2
6947	0	3
6948	0	6
6949	1	3
6950	1	6
6951	4	7
6953	6	4
6954	1	6
6955	5	6
6956	1	3
6957	1	2
6958	1	0
6959	0	6
6960	0	5
6961	1	1
6962	0	1
6963	0	2
6964	0	3
6965	0	6
6966	1	4
6967	1	3
6968	1	4
6969	0	4
6970	0	3
6971	1	2
6972	1	3
6973	2	4
6974	1	4
6975	0	2
6976	3	0
6977	2	1
6978	0	3
6979	0	4
6980	1	2
6982	0	1
6983	1	1
6985	0	2
6986	1	0
6987	0	5
6988	0	2
6990	2	7
6991	1	4
6992	1	3
6993	1	3
6994	0	4
6995	0	3
6996	1	2
6997	0	1
6998	0	2
6999	1	1
7001	0	1
7002	1	1
7003	0	2
7005	0	1
7006	0	2
7007	0	1
7008	0	3
7009	1	1
7010	1	1
7012	0	2
7013	0	4
7014	3	5
7015	1	1
7016	2	2
7017	1	2
7019	0	1
7021	2	1
7022	0	5
7023	0	3
7024	0	3
7025	0	2
7026	1	1
7027	1	0
7028	5	5
7029	0	7
7030	1	1
7031	0	4
7032	1	3
7033	0	1
7034	2	1
7035	2	2
7036	1	3
7037	2	0
7038	0	3
7039	1	4
7040	0	3
7041	1	3
7042	0	3
7043	1	3
7044	0	5
7045	2	3
7046	0	3
7047	0	4
7048	0	1
7049	2	3
7050	0	1
7051	0	1
7052	0	5
7053	1	2
7054	0	4
7055	1	6
7056	1	2
7057	1	7
7058	5	6
7059	0	1
7060	0	1
7061	0	1
7062	1	2
7063	3	2
7064	1	1
7066	0	2
7067	4	4
7068	8	2
7069	1	8
7070	1	3
7071	1	4
7072	0	10
7073	1	7
7074	0	3
7075	1	3
7076	2	2
7077	1	3
7078	1	2
7079	2	3
7080	1	2
7081	1	1
7082	1	1
7083	1	5
7084	1	3
7085	5	6
7086	1	1
7087	1	2
7089	0	5
7090	1	8
7091	1	3
7092	2	1
7093	1	4
7094	0	4
7095	2	2
7096	0	2
7097	1	4
7098	1	1
7099	2	4
7100	1	4
7101	0	2
7102	3	4
7103	0	4
7104	1	2
7105	0	5
7106	2	2
7107	1	1
7108	1	2
7109	2	2
7110	2	1
7111	3	1
7112	1	3
7113	4	6
7114	1	4
7115	0	3
7116	2	1
7117	2	0
7118	1	2
7119	0	4
7120	0	3
7121	0	1
7122	0	4
7123	1	4
7124	1	4
7125	0	5
7126	1	3
7127	0	2
7128	1	3
7129	0	9
7130	0	4
7131	2	0
7132	0	2
7133	0	6
7134	1	5
7135	1	4
7136	0	4
7137	0	4
7138	0	4
7139	0	4
7140	1	7
7141	0	4
7142	1	4
7143	0	6
7144	1	4
7145	0	4
7146	0	7
7147	2	3
7148	0	7
7149	1	6
7150	0	2
7151	0	4
7152	0	12
7153	0	4
7154	0	2
7155	0	4
7156	0	7
7157	1	3
7158	1	6
7159	0	7
7160	0	4
7161	1	2
7162	0	4
7163	0	4
7164	0	3
7165	3	2
7166	2	2
7167	1	1
7168	1	2
7169	0	2
7170	0	1
7171	1	2
7172	1	2
7173	2	1
7174	0	2
7175	0	1
7176	1	3
7177	0	3
7178	0	3
7179	3	2
7180	0	1
7181	0	3
7182	4	1
7183	0	3
7184	1	4
7185	1	4
7186	3	3
7188	0	1
7189	0	2
7190	1	2
7191	2	2
7192	0	1
7193	0	1
7194	5	7
7195	1	3
7196	1	2
7197	0	4
7198	1	1
7199	0	2
7200	2	3
7201	0	5
7202	0	3
7203	1	3
7204	0	2
7205	1	2
7206	1	3
7207	1	1
7208	1	3
7209	2	9
7210	0	5
7211	1	3
7212	1	2
7213	2	5
7214	1	2
7215	5	3
7216	2	2
7217	0	2
7218	1	4
7219	0	1
7221	1	3
7222	2	4
7223	0	4
7224	1	5
7225	0	3
7226	0	7
7227	1	0
7228	0	1
7229	1	7
7230	2	3
7231	2	3
7232	1	5
7233	0	16
7234	2	4
7235	1	1
7236	0	5
7237	0	5
7238	1	7
7239	1	1
7240	1	1
7241	0	3
7242	1	2
7243	7	2
7244	1	5
7245	0	2
7246	0	2
7247	3	3
7248	2	3
7249	1	1
7252	1	6
7253	1	2
7254	1	2
7255	0	2
7256	1	1
7257	2	4
7258	2	3
7259	1	4
7260	1	4
7261	0	2
7262	0	1
7263	0	1
7264	0	4
7265	0	3
7266	0	5
7267	0	5
7268	0	3
7269	1	3
7270	0	4
7271	0	4
7272	1	2
7273	1	8
7274	1	5
7275	1	3
7276	0	4
7277	0	2
7278	0	2
7279	2	3
7280	1	5
7281	0	4
7282	0	8
7283	0	3
7284	0	3
7285	0	5
7286	1	4
7287	2	1
7288	0	6
7289	0	7
7290	1	7
7291	1	9
7292	0	5
7293	0	6
7294	2	2
7295	1	5
7296	1	8
7297	1	6
7298	1	4
7299	0	3
7300	0	1
7301	0	8
7302	0	6
7303	0	2
7304	1	6
7305	1	0
7306	1	4
7307	2	2
7308	2	9
7309	1	2
7310	0	4
7311	0	3
7312	5	5
7313	1	3
7314	1	2
7315	1	0
7316	0	1
7317	0	3
7318	1	8
7319	0	8
7320	0	7
7321	1	1
7322	0	3
7323	0	6
7324	1	3
7325	1	0
7326	1	2
7327	5	4
7328	1	2
7329	1	2
7330	1	2
7331	0	4
7332	0	2
7333	3	7
7334	1	8
7335	3	2
7336	1	4
7337	0	3
7338	0	5
7339	2	3
7340	2	3
7341	0	10
7342	0	3
7343	0	2
7344	2	3
7345	0	2
7346	1	2
7347	1	5
7348	0	5
7349	0	3
7350	0	3
7351	1	4
7352	0	6
7353	1	2
7354	1	5
7355	0	4
7356	0	6
7357	0	2
7358	0	1
7359	0	5
7360	1	3
7361	1	3
7362	1	5
7363	1	2
7364	3	8
7365	1	0
7366	1	3
7367	3	2
7368	1	2
7369	2	4
7370	0	5
7371	1	3
7372	2	0
7373	2	2
7374	2	6
7375	2	4
7376	1	3
7377	1	5
7378	0	2
7379	0	3
7380	0	2
7381	1	2
7382	0	3
7383	1	4
7384	1	3
7385	1	1
7386	1	4
7387	2	2
7388	2	3
7389	1	2
7390	1	4
7391	1	4
7392	2	5
7393	1	3
7394	0	1
7395	2	2
7396	2	4
7398	2	2
7399	0	2
7400	1	1
7401	0	2
7402	0	1
7403	0	3
7404	0	4
7405	0	2
7406	0	11
7407	2	5
7408	0	2
7409	1	3
7410	1	5
7411	0	1
7412	1	1
7413	1	4
7414	0	2
7415	0	3
7416	0	5
7417	2	7
7418	2	5
7419	0	4
7420	1	3
7421	0	8
7422	1	3
7423	0	4
7424	1	5
7425	0	3
7426	1	4
7427	1	0
7428	4	1
7429	0	3
7430	1	3
7431	0	2
7432	4	3
7433	0	3
7434	2	0
7435	0	2
7436	1	2
7437	1	3
7438	0	2
7439	0	1
7440	2	3
7441	1	0
7442	1	3
7443	2	6
7444	0	4
7445	2	2
7446	0	5
7447	0	2
7448	2	1
7449	1	0
7450	0	1
7451	2	0
7452	0	3
7453	0	3
7454	0	2
7455	1	4
7456	0	3
7457	1	3
7458	0	4
7459	2	2
7460	1	1
7462	1	5
7463	2	6
7464	1	6
7465	0	7
7466	1	2
7467	1	3
7468	2	0
7469	1	1
7470	2	3
7471	2	2
7472	2	2
7473	1	0
7474	4	3
7475	0	3
7476	3	2
7477	2	8
7478	1	3
7479	0	6
7480	5	2
7481	0	4
7482	0	9
7483	1	5
7484	0	5
7485	0	3
7486	1	4
7487	0	6
7488	2	0
7489	3	6
7490	1	3
7491	1	0
7492	1	2
7493	2	1
7494	0	1
7495	1	2
7496	2	1
7497	2	1
7498	1	1
7499	2	5
7500	0	1
7501	0	2
7502	1	0
7503	1	4
7504	1	3
7505	1	1
7506	0	3
7507	1	4
7508	0	7
7509	3	2
7510	1	4
7512	3	6
7513	3	1
7514	1	2
7515	1	2
7516	2	2
7517	1	2
7518	1	3
7519	3	2
7520	1	3
7521	2	2
7522	1	2
7523	1	4
7524	1	1
7525	0	4
7526	0	6
7527	0	4
7528	3	3
7529	1	2
7530	1	3
7531	1	1
7532	0	3
7533	2	6
7534	0	3
7535	0	1
7536	0	3
7537	0	4
7538	0	6
7539	0	5
7540	1	2
7541	2	1
7542	0	1
7543	0	1
7544	1	1
7545	0	1
7546	0	2
7547	0	4
7548	0	4
7549	1	4
7550	1	5
7551	0	4
7552	0	4
7553	0	7
7554	0	4
7555	2	4
7556	0	1
7557	0	5
7558	1	4
7559	1	1
7560	1	0
7561	0	2
7562	0	2
7563	3	8
7564	1	3
7565	0	3
7566	1	5
7567	0	3
7568	0	5
7569	0	7
7570	2	4
7571	0	2
7572	1	4
7573	1	2
7574	0	6
7575	0	3
7576	0	4
7577	1	4
7578	0	1
7579	1	4
7580	1	0
7581	0	1
7582	0	1
7583	1	2
7584	1	5
7585	1	3
7586	0	1
7587	2	2
7588	3	3
7589	1	3
7590	0	1
7591	1	3
7592	2	2
7593	0	3
7594	2	1
7595	4	2
7596	4	0
7597	1	2
7598	0	4
7599	1	5
7600	0	3
7601	0	2
7602	0	10
7603	1	1
7604	0	3
7605	0	4
7606	1	4
7607	2	9
7608	0	4
7609	0	2
7610	0	4
7611	0	3
7612	0	5
7613	0	2
7614	4	2
7616	1	2
7617	0	2
7618	0	3
7619	1	2
7620	1	3
7621	2	1
7622	2	2
7623	0	5
7624	1	1
7625	0	3
7626	1	3
7627	0	4
7628	0	10
7629	3	0
7630	1	5
7631	0	2
7632	0	3
7633	1	5
7634	0	4
7635	0	4
7636	0	4
7637	1	9
7638	1	4
7639	0	3
7640	1	5
7641	0	7
7642	0	9
7643	0	4
7644	0	5
7645	0	2
7646	2	2
7647	0	1
7648	0	3
7649	1	4
7650	0	3
7651	0	2
7652	0	6
7653	2	2
7654	4	6
7655	1	4
7657	1	1
7658	2	5
7659	1	5
7660	0	6
7661	0	5
7662	1	3
7663	0	4
7665	1	4
7666	0	3
7667	2	5
7668	3	2
7669	1	3
7670	1	0
7671	0	2
7672	2	5
7673	1	4
7674	1	4
7675	0	3
7676	0	1
7677	0	1
7678	0	1
7679	2	1
7680	1	3
7681	0	4
7682	0	9
7683	1	2
7684	0	4
7685	0	4
7686	0	3
7687	1	3
7688	0	5
7689	2	2
7690	0	3
7691	0	2
7692	0	6
7693	1	4
7694	2	5
7695	2	4
7696	8	5
7697	1	6
7698	0	3
7699	1	6
7700	1	6
7701	1	6
7702	4	1
7703	1	5
7704	0	2
7705	0	7
7706	2	8
7707	0	6
7708	0	5
7709	0	3
7710	0	6
7711	1	1
7712	1	1
7713	1	3
7714	0	6
7715	0	6
7716	2	6
7717	2	3
7718	1	3
7719	5	2
7720	1	4
7721	3	7
7722	5	0
7723	2	15
7724	3	1
7725	0	2
7726	1	3
7727	0	1
7728	0	5
7729	0	3
7730	0	4
7731	1	2
7732	1	7
7733	0	7
7734	2	1
7735	1	7
7736	0	5
7737	2	8
7738	1	3
7739	0	1
7740	1	7
7741	2	4
7742	1	4
7743	1	2
7744	1	1
7745	1	4
7746	1	3
7747	1	6
7748	0	4
7750	0	2
7751	2	2
7752	0	4
7753	1	3
7754	3	2
7755	0	3
7756	1	4
7757	2	4
7758	1	6
7759	0	2
7760	1	4
7761	0	7
7762	1	2
7763	1	2
7764	1	2
7765	0	3
7766	0	6
7767	0	3
7768	0	4
7769	2	2
7770	0	6
7771	0	3
7772	0	3
7773	1	4
7774	1	7
7775	1	3
7776	1	3
7777	3	7
7779	0	4
7780	0	3
7781	0	2
7782	0	3
7783	1	5
7784	1	1
7785	0	2
7786	1	6
7787	0	1
7788	1	1
7789	0	6
7790	0	3
7791	3	5
7792	3	1
7793	0	2
7794	1	2
7795	1	4
7796	0	3
7797	1	1
7798	1	5
7799	0	4
7800	0	6
7801	0	3
7802	0	6
7803	0	3
7804	0	3
7805	0	7
7806	0	1
7807	0	2
7808	2	0
7809	0	1
7810	1	1
7811	2	1
7812	0	1
7813	0	2
7814	2	1
7816	1	1
7817	0	2
7818	2	2
7820	0	1
7821	1	2
7822	1	0
7823	0	3
7824	0	3
7825	0	4
7826	1	3
7827	2	3
7828	3	1
7829	1	1
7830	0	3
7831	0	4
7833	1	2
7834	3	3
7835	0	2
7836	1	1
7837	1	2
7838	1	2
7839	1	4
7840	0	1
7841	2	6
7842	0	2
7843	1	1
7844	0	8
7845	0	3
7846	1	4
7847	0	3
7848	0	6
7849	0	8
7850	0	3
7851	0	5
7852	1	4
7853	0	5
7854	0	8
7855	2	3
7856	3	1
7857	3	6
7858	0	3
7859	0	6
7860	0	2
7861	1	2
7862	0	2
7863	0	2
7864	0	3
7866	2	0
7867	0	4
7868	0	1
7869	0	2
7870	1	1
7871	3	0
7872	2	4
7873	1	1
7874	0	4
7875	1	1
7876	3	5
7877	0	5
7878	4	4
7879	0	5
7880	0	2
7882	0	1
7883	1	1
7884	0	1
7885	1	5
7887	2	1
7888	2	5
7889	0	3
7890	0	4
7891	0	7
7892	2	1
7893	2	5
7894	0	3
7895	1	2
7896	3	3
7897	0	5
7898	0	3
7899	0	2
7900	0	3
7901	0	2
7902	1	2
7903	1	0
7904	1	4
7905	1	6
7906	3	3
7908	1	2
7909	0	6
7910	0	1
7911	0	5
7912	0	1
7913	1	2
7914	2	6
7915	0	3
7916	0	3
7917	1	6
7918	3	5
7919	2	1
7921	0	4
7922	0	5
7923	1	9
7924	1	5
7925	1	3
7926	0	11
7927	0	5
7928	0	6
7929	0	2
7930	1	6
7931	0	7
7932	0	6
7933	1	1
7935	0	3
7936	1	2
7937	1	3
7938	0	1
7939	0	5
7940	1	5
7941	0	2
7942	2	1
7943	2	2
7944	0	2
7945	0	3
7946	0	2
7947	1	4
7948	1	0
7949	1	3
7950	1	7
7951	1	2
7952	1	1
7953	3	3
7954	2	5
7955	2	2
7956	2	3
7957	0	5
7958	1	3
7959	1	7
7960	0	2
7961	1	3
7962	3	3
7963	0	2
7964	0	2
7965	0	2
7966	1	5
7967	0	6
7968	0	5
7969	0	6
7970	0	5
7971	0	4
7972	1	5
7973	2	1
7974	1	4
7975	0	3
7976	0	8
7977	0	6
7978	0	5
7979	0	6
7980	1	5
7981	1	2
7982	1	4
7983	0	6
7984	1	9
7985	0	8
7986	0	1
7987	4	7
7988	0	3
7989	1	5
7990	2	4
7991	0	3
7992	0	2
7993	1	3
7994	0	2
7995	0	7
7996	2	1
7997	1	1
7998	1	2
7999	0	2
8000	1	2
8001	0	3
8002	3	2
8003	0	1
8004	2	0
8005	0	6
8006	0	5
8007	1	5
8008	0	6
8009	1	6
8010	0	1
8011	1	8
8012	0	5
8013	2	5
8014	2	3
8015	0	4
8016	0	4
8017	0	4
8018	1	3
8019	0	3
8020	1	2
8021	0	3
8022	1	2
8023	2	5
8024	1	7
8025	0	4
8026	1	4
8027	0	5
8028	0	2
8029	2	4
8030	3	2
8031	1	3
8032	2	8
8033	1	4
8034	0	1
8035	0	1
8036	0	2
8037	1	2
8038	0	6
8039	0	8
8040	0	4
8041	0	3
8042	1	7
8043	0	1
8044	0	3
8045	0	5
8046	1	8
8048	3	0
8049	0	1
8050	0	2
8051	1	3
8052	0	5
8053	0	3
8054	0	2
8055	0	2
8056	1	3
8057	1	5
8058	3	2
8059	0	6
8060	0	7
8062	0	1
8063	0	4
8064	1	2
8065	1	3
8066	1	5
8067	0	7
8068	1	2
8069	1	6
8070	1	7
8071	1	6
8072	0	3
8073	0	2
8074	2	1
8075	0	7
8076	1	3
8077	0	6
8078	0	5
8079	1	3
8080	1	8
8081	0	2
8082	0	4
8083	0	5
8084	0	3
8085	1	2
8086	0	5
8087	1	3
8088	2	4
8089	0	7
8090	0	5
8091	0	5
8092	0	6
8093	0	4
8094	1	4
8095	0	5
8096	0	5
8097	0	3
8098	0	6
8099	0	6
8100	2	2
8101	0	4
8102	1	2
8103	1	1
8104	0	1
8105	0	3
8106	2	2
8107	1	2
8108	1	3
8109	0	7
8110	0	4
8111	0	3
8112	0	1
8113	0	2
8114	2	2
8115	2	1
8117	0	1
8118	1	3
8119	1	4
8120	2	2
8121	0	4
8122	0	4
8123	0	2
8124	0	2
8125	1	3
8126	2	4
8127	0	4
8128	0	2
8129	2	4
8130	0	2
8131	1	5
8132	0	2
8133	2	2
8134	2	2
8135	2	2
8137	1	4
8138	1	4
8139	0	1
8140	4	2
8141	2	1
8142	3	1
8144	0	4
8145	0	2
8146	1	0
8147	0	3
8148	0	6
8149	0	7
8150	0	2
8151	0	4
8152	1	0
8153	0	3
8154	2	4
8155	0	3
8156	1	3
8157	1	2
8158	2	2
8159	0	8
8160	0	6
8161	0	5
8162	2	4
8163	0	5
8164	1	7
8165	1	10
8166	1	2
8167	2	1
8168	2	5
8169	2	1
8170	0	4
8171	0	4
8172	2	0
8173	1	2
8174	1	2
8175	4	3
8176	0	2
8177	0	4
8178	2	5
8179	0	5
8180	2	2
8181	1	1
8182	0	5
8183	2	3
8184	0	1
8185	1	2
8186	1	9
8187	2	2
8188	1	6
8189	0	7
8190	2	4
8191	1	0
8193	0	3
8194	0	2
8195	1	2
8196	0	1
8197	0	3
8198	1	7
8199	1	4
8200	1	2
8201	1	8
8202	2	7
8203	0	6
8204	2	3
8205	1	2
8206	1	2
8207	0	3
8208	0	2
8209	1	7
8210	1	6
8211	0	3
8212	0	6
8213	1	3
8214	0	2
8215	1	1
8216	1	4
8217	1	2
8219	1	1
8220	1	3
8221	1	2
8222	1	1
8223	1	3
8224	1	2
8225	0	4
8226	0	2
8227	1	10
8228	0	2
8229	0	8
8230	1	4
8231	0	5
8232	1	4
8233	0	7
8234	1	2
8235	0	5
8236	0	9
8237	0	9
8238	0	9
8239	1	7
8240	2	5
8241	2	7
8242	3	4
8243	1	1
8245	0	4
8246	3	2
8247	0	3
8248	2	0
8249	0	1
8250	2	1
8251	2	0
8252	0	1
8253	1	1
8254	0	4
8255	0	2
8256	0	2
8257	0	4
8258	0	7
8259	0	2
8260	0	7
8261	0	9
8262	0	8
8263	1	1
8264	0	5
8265	0	2
8266	1	4
8267	2	7
8268	0	5
8269	0	5
8270	0	1
8271	1	0
8272	1	7
8273	0	5
8274	0	7
8275	0	5
8276	2	6
8277	2	2
8278	2	5
8279	0	5
8280	3	3
8281	2	2
8282	2	5
8283	1	1
8284	0	5
8285	0	1
8286	0	7
8287	1	2
8288	2	1
8289	0	6
8290	0	6
8291	1	3
8292	1	2
8293	0	5
8294	0	1
8295	1	8
8296	2	3
8297	1	1
8298	3	4
8299	2	1
8302	0	1
8303	0	1
8304	0	6
8305	0	5
8306	0	8
8307	0	1
8308	0	1
8309	0	1
8310	0	2
8311	0	2
8312	1	4
8313	1	4
8314	0	6
8315	0	5
8316	1	8
8317	1	6
8318	0	3
8319	3	0
8320	1	2
8321	0	4
8322	1	1
8323	1	2
8324	0	5
8326	1	2
8327	0	2
8328	0	3
8329	0	2
8330	0	3
8331	0	4
8332	0	5
8333	1	1
8334	1	3
8335	2	3
8336	0	3
8337	1	2
8338	1	1
8339	1	4
8340	2	4
8342	5	3
8343	3	8
8344	0	5
8345	0	3
8346	0	4
8347	0	5
8348	1	4
8349	0	3
8350	0	5
8351	2	3
8352	2	8
8353	1	1
8354	1	3
8355	3	0
8356	0	3
8357	1	7
8358	0	8
8359	0	5
8360	3	4
8361	0	3
8362	5	4
8363	0	9
8364	2	3
8365	1	2
8366	0	2
8367	2	2
8368	3	1
8369	0	1
8370	2	7
8371	0	1
8372	2	1
8373	1	2
8374	0	3
8375	3	6
8376	0	2
8377	1	3
8378	0	3
8379	2	2
8380	1	3
8381	0	5
8382	0	2
8383	0	2
8384	0	3
8385	1	0
8386	1	1
8387	1	5
8388	2	0
8389	1	5
8390	0	6
8391	0	3
8392	0	6
8393	1	4
8394	0	5
8395	2	2
8396	0	5
8397	0	8
8398	0	4
8399	0	6
8400	1	4
8401	1	1
8402	4	2
8403	0	5
8404	2	0
8405	1	2
8406	2	10
8407	0	5
8408	1	3
8409	1	4
8410	1	4
8411	2	3
8412	1	4
8413	0	1
8414	2	3
8415	0	2
8417	2	4
8418	1	4
8419	0	3
8420	1	5
8421	2	5
8422	4	2
8423	1	2
8424	2	2
8425	2	1
8426	1	5
8427	0	5
8428	0	3
8429	0	4
8430	1	7
8431	0	3
8432	0	1
8433	2	1
8434	4	3
8435	0	4
8436	0	4
8437	2	1
8438	4	1
8439	2	1
8440	1	4
8441	3	5
8442	4	3