1	3	4
2	0	5
3	2	2
4	1	4
5	0	6
6	0	9
7	2	5
8	0	4
9	3	4
10	5	1
11	2	5
12	3	4
13	2	2
14	1	3
15	3	7
16	2	8
17	1	10
18	1	2
19	0	7
20	1	3
21	2	3
22	1	3
23	3	1
24	0	3
25	1	11
26	2	4
27	1	10
28	2	4
29	1	3
30	1	6
31	1	4
32	0	1
33	3	0
34	0	4
35	0	7
36	0	5
37	0	2
38	0	6
39	1	8
40	0	10
41	0	4
42	1	4
43	1	8
44	1	3
45	0	6
46	1	7
47	0	5
48	1	9
49	1	6
50	0	2
51	0	6
52	3	6
53	3	5
54	4	1
55	1	4
56	0	9
57	0	4
58	1	4
59	0	5
60	1	6
61	0	4
62	0	6
63	1	8
64	6	2
65	2	6
66	1	3
67	2	6
68	0	10
69	1	4
70	1	9
71	1	4
72	2	10
73	2	3
74	1	8
75	0	3
76	2	7
77	1	1
78	4	9
79	3	4
80	0	6
81	0	2
82	4	5
83	1	10
84	1	5
85	0	5
86	1	6
87	1	9
88	0	8
89	2	2
90	0	2
91	0	6
92	1	11
93	1	6
94	1	3
95	1	7
96	1	8
97	4	4
98	2	5
99	2	1
100	0	4
101	1	6
102	0	3
103	2	4
104	1	4
105	1	7
106	2	13
107	1	2
108	0	5
109	1	6
110	2	1
111	0	5
112	2	3
113	2	4
114	0	8
115	0	4
116	2	8
117	2	7
118	1	4
119	2	3
120	1	9
121	0	3
122	1	6
123	0	7
124	3	4
125	0	5
126	0	4
127	0	8
128	1	4
129	1	10
130	0	2
131	0	4
132	1	8
133	0	4
134	0	2
135	0	3
136	1	1
137	0	8
138	0	5
139	2	4
140	1	4
141	1	2
142	0	5
143	1	10
144	2	3
145	0	3
146	1	3
147	2	3
148	4	6
150	1	5
151	0	4
152	1	4
153	0	6
154	1	4
155	1	7
156	1	4
157	2	6
158	0	4
159	1	6
160	1	5
161	0	8
162	1	4
163	1	7
164	2	6
165	0	2
166	2	3
167	1	4
168	4	6
169	0	8
170	1	4
171	1	3
172	1	2
173	1	4
174	3	4
175	2	5
176	0	5
177	0	4
178	2	4
179	0	7
180	0	4
181	0	2
182	2	4
183	0	7
184	1	6
185	1	12
186	2	7
187	2	1
188	1	6
189	1	5
190	1	7
191	0	6
192	0	4
193	0	8
194	0	6
195	0	7
196	2	8
197	0	1
198	2	6
199	1	6
200	0	4
201	0	3
202	2	5
203	2	7
204	1	6
205	2	6
206	0	4
207	0	3
208	1	10
209	0	3
210	3	9
211	0	7
212	1	7
213	0	8
214	0	8
215	0	2
216	2	4
217	1	6
218	2	10
219	0	5
220	1	6
221	1	5
222	1	3
223	0	3
224	0	7
225	1	9
226	3	6
227	2	4
228	0	2
229	2	3
230	2	3
231	1	4
232	2	8
233	2	9
234	1	10
235	1	4
236	1	6
237	3	2
238	4	6
239	0	6
240	1	1
241	4	3
242	0	11
243	1	6
244	3	8
245	3	7
246	2	6
247	1	9
248	0	5
249	1	5
250	2	2
251	0	5
252	3	4
253	0	7
254	1	4
255	2	8
256	3	6
257	4	5
258	0	6
259	1	7
260	3	8
261	0	5
262	1	4
263	0	4
264	0	3
265	1	7
266	1	5
267	0	5
268	0	4
269	1	5
270	2	5
271	2	8
272	2	8
273	0	5
274	2	4
275	1	9
276	4	8
277	1	8
278	1	2
279	1	7
280	1	5
281	1	10
282	3	6
283	0	9
284	2	0
285	3	8
286	1	5
287	0	6
288	2	5
289	2	5
290	0	9
291	0	4
292	0	4
293	1	7
294	0	7
295	1	2
296	1	5
297	1	5
298	1	5
299	0	8
300	3	2
301	0	6
302	1	5
303	0	7
304	1	5
305	0	6
306	1	6
307	0	3
308	0	4
310	0	11
311	3	3
312	0	5
313	0	3
314	0	4
315	2	3
316	5	4
317	1	3
318	0	9
319	3	2
320	0	5
321	0	8
322	2	2
323	2	6
324	0	4
325	1	3
326	1	7
327	2	5
328	0	5
329	1	3
330	0	7
331	0	6
332	1	4
333	0	8
334	0	10
335	2	3
336	0	3
337	0	4
338	0	9
339	1	10
340	0	4
341	1	4
342	2	7
343	0	8
344	1	4
345	0	8
346	0	9
347	0	8
348	2	6
349	0	8
350	0	10
351	1	7
352	0	2
353	1	8
354	2	0
355	3	10
356	0	5
357	2	4
358	0	5
359	0	7
360	1	2
361	2	6
362	3	4
363	4	3
364	0	4
365	1	4
366	2	3
367	3	3
368	1	4
369	1	2
370	5	2
371	1	5
372	1	6
373	0	9
374	2	3
375	1	1
376	5	3
377	1	2
378	2	4
379	1	2
380	6	3
381	2	4
382	3	4
383	3	2
384	3	6
385	2	5
386	4	7
387	5	3
388	4	3
389	0	4
390	0	3
391	4	2
392	1	2
393	0	3
394	0	5
395	1	6
396	0	4
397	2	5
398	0	6
399	2	7
400	0	8
401	2	2
402	1	3
403	2	3
404	2	4
405	0	8
406	3	4
407	0	6
408	1	6
409	2	8
410	0	4
411	0	7
412	0	7
413	1	5
414	0	7
415	0	5
416	0	5
417	1	4
418	3	0
419	0	6
420	2	4
421	1	4
422	2	6
423	1	6
424	4	2
425	0	1
426	2	4
427	0	5
428	0	5
429	0	11
430	1	8
431	1	1
432	1	4
433	0	1
434	0	11
435	2	4
436	1	5
437	0	4
438	0	6
439	2	3
440	0	10
441	1	7
442	3	5
443	2	5
444	2	9
445	1	6
446	0	6
447	1	4
448	3	3
449	1	4
450	2	9
451	0	1
452	2	2
453	0	3
454	2	4
455	1	4
456	1	5
457	1	5
458	1	6
459	1	1
460	0	3
461	0	4
462	1	11
463	0	4
464	1	3
465	1	3
466	1	8
467	0	3
468	1	7
469	1	4
470	0	3
471	0	3
472	2	3
473	1	3
474	0	3
475	2	7
476	1	4
477	2	6
478	0	6
479	2	7
480	2	6
481	1	6
482	1	5
483	0	5
484	1	5
485	2	8
486	1	1
487	1	1
488	3	10
489	2	5
490	0	6
491	0	4
492	0	5
493	1	3
494	1	5
495	1	5
496	0	6
497	1	6
498	1	5
499	0	6
500	0	5
501	0	3
502	0	7
503	0	6
504	0	5
505	0	6
506	1	5
507	3	6
508	0	10
509	1	4
510	2	7
511	1	4
512	0	2
513	2	6
514	2	4
515	1	5
516	2	9
517	3	4
518	0	6
519	0	11
520	0	7
521	1	3
522	2	4
523	1	6
524	3	10
525	0	3
526	3	1
527	1	4
528	2	7
529	1	8
530	2	6
531	1	10
532	0	9
533	0	3
534	1	3
535	0	5
536	1	3
537	1	4
538	0	1
539	1	6
540	1	10
541	1	4
542	2	3
543	1	5
544	1	6
545	3	10
546	1	3
547	0	7
548	0	5
549	1	4
550	0	6
551	1	5
552	3	6
553	1	4
554	2	5
555	2	6
556	3	5
557	1	7
558	1	7
559	0	1
560	1	5
561	0	3
562	1	5
563	0	4
564	1	7
565	2	6
566	1	7
567	1	7
568	0	4
569	1	8
570	3	4
571	4	6
572	1	8
573	2	7
574	2	5
575	0	5
576	0	5
577	1	2
578	1	3
579	1	3
580	3	6
581	1	1
582	0	2
583	1	4
584	1	6
585	1	8
586	2	6
587	0	4
588	0	5
589	0	7
590	1	7
591	0	7
592	4	10
593	2	5
594	0	5
595	0	2
596	2	7
597	1	4
598	1	4
599	1	7
600	1	5
601	0	3
602	0	7
603	4	3
604	1	5
605	0	3
606	0	2
607	0	3
608	0	5
609	0	2
610	0	6
611	1	4
612	2	7
613	0	6
614	1	5
615	1	11
616	1	3
617	2	3
618	1	4
619	2	2
620	1	1
621	2	3
622	1	2
623	0	7
624	1	2
625	1	6
626	2	1
627	0	5
628	0	8
629	0	6
630	0	3
631	2	3
632	0	2
633	1	7
634	0	2
635	0	9
636	1	4
637	0	7
638	1	4
639	0	7
640	0	7
641	1	5
642	1	9
643	2	13
644	0	8
645	1	5
646	1	1
647	0	5
648	1	2
649	0	5
650	1	5
651	0	3
652	1	5
653	0	1
654	1	2
655	1	2
656	2	5
657	3	1
658	3	4
659	0	4
660	1	4
661	0	7
662	0	4
663	0	2
664	0	12
665	2	3
666	2	3
667	3	1
668	3	4
669	4	4
670	1	6
671	1	6
672	5	2
673	1	7
674	2	2
675	1	4
676	2	5
677	2	2
678	2	4
679	2	5
680	1	11
681	3	5
682	0	7
683	1	6
684	0	8
685	1	3
686	2	6
687	0	4
688	1	8
689	3	1
690	1	3
691	2	2
692	0	3
693	1	7
694	0	6
695	1	4
696	3	5
697	0	5
698	2	3
699	1	4
700	0	5
701	0	5
702	0	1
703	1	4
704	0	5
705	1	4
706	2	3
707	0	7
708	1	4
709	0	7
710	1	5
711	1	3
712	1	3
713	0	6
714	0	6
715	0	10
716	0	11
717	2	6
718	1	7
719	3	5
720	1	7
721	0	7
722	1	10
723	0	5
724	0	4
725	4	5
726	0	12
727	1	4
728	1	9
729	0	6
730	2	4
731	0	8
732	0	9
733	0	6
734	0	5
735	2	8
736	0	9
737	1	8
738	0	7
739	3	2
740	0	8
741	2	2
742	0	8
743	0	4
744	1	4
745	1	6
746	2	4
747	0	7
748	1	2
749	0	4
750	2	3
751	0	2
752	0	4
753	0	3
754	0	7
755	1	4
756	2	7
757	2	7
758	2	2
759	0	6
760	1	9
761	0	5
762	0	2
763	1	7
764	2	4
765	0	3
766	2	3
767	0	8
768	0	2
769	0	4
770	0	3
771	1	5
772	0	8
773	0	4
774	1	7
775	2	4
776	2	8
777	1	5
778	0	4
779	2	11
780	2	8
781	3	8
782	0	7
783	0	7
784	1	8
785	0	8
786	1	2
787	0	7
788	0	8
789	1	6
790	1	3
791	0	5
792	1	5
793	0	9
794	1	7
795	1	7
796	3	6
797	0	5
798	0	6
799	2	3
800	1	6
801	1	6
802	2	3
803	0	5
804	1	7
805	2	5
806	0	4
808	0	6
809	1	5
810	0	6
811	1	5
812	2	4
813	0	5
814	0	8
815	0	5
816	2	2
817	1	5
818	1	5
819	2	7
820	2	6
821	0	8
822	0	4
823	0	4
824	1	7
825	2	9
826	1	7
827	0	8
828	2	5
829	0	7
830	2	3
831	2	4
832	0	11
833	1	9
834	0	4
835	1	6
836	0	5
837	0	4
838	1	4
839	2	7
840	1	3
841	2	6
842	4	1
843	3	2
844	4	1
845	0	4
846	2	2
847	1	3
848	3	3
849	0	8
850	0	6
851	0	3
852	3	6
853	0	5
854	0	4
855	0	7
856	0	5
857	1	6
858	1	4
859	0	9
860	0	2
861	1	5
862	0	3
863	0	2
864	2	6
865	0	6
866	1	1
867	0	4
868	0	3
869	0	1
870	1	5
871	1	10
872	1	5
873	3	7
874	0	4
875	0	7
876	0	5
877	0	3
878	0	8
879	0	7
880	0	6
881	0	10
882	1	3
883	0	4
884	1	7
885	0	5
886	2	3
887	0	2
888	2	7
889	1	3
890	0	4
891	1	5
892	2	3
893	0	5
894	0	6
895	1	2
896	2	8
897	1	3
898	1	3
899	2	6
900	0	5
901	0	8
902	0	7
903	0	1
904	1	8
905	3	5
906	2	1
907	0	5
908	1	7
909	1	4
910	0	4
911	0	4
912	1	7
913	1	5
914	1	6
915	2	4
916	0	6
917	1	3
918	3	7
919	1	6
920	0	6
921	1	5
922	0	8
923	2	9
924	0	3
925	2	4
926	1	1
927	2	6
928	1	4
929	0	5
930	2	2
931	2	9
932	0	6
933	1	2
934	2	7
935	0	8
936	0	5
937	2	3
938	1	8
939	2	7
940	3	5
941	0	6
942	0	7
943	1	8
944	1	14
945	1	6
946	0	4
947	2	10
948	0	4
949	2	7
950	0	3
951	1	11
952	1	3
953	0	7
954	0	1
955	0	5
956	2	5
957	4	2
958	1	6
959	0	4
960	1	4
961	1	11
962	1	4
963	0	7
964	2	7
965	0	9
966	3	8
967	1	6
968	2	0
969	1	7
970	0	4
971	0	7
972	1	6
973	0	4
974	1	6
975	1	4
976	3	6
977	1	5
978	0	9
979	0	5
980	0	5
981	1	6
982	0	2
983	1	5
984	0	3
985	2	8
986	1	7
987	0	3
988	1	2
989	2	9
990	0	3
991	1	3
992	0	6
993	1	3
994	0	3
995	1	1
996	0	4
997	4	1
998	1	6
999	2	2
1000	0	5
1001	0	6
1002	1	6
1003	0	2
1004	0	4
1005	0	6
1006	0	5
1007	0	4
1008	4	6
1009	2	4
1010	1	4
1011	0	5
1012	0	8
1013	0	8
1014	0	3
1015	0	8
1016	2	13
1017	1	6
1018	1	7
1019	0	2
1020	1	6
1021	2	1
1022	0	5
1023	1	2
1024	1	4
1025	2	7
1026	0	2
1027	0	5
1028	0	3
1029	1	4
1031	4	11
1032	0	3
1033	0	1
1034	0	5
1035	0	3
1036	1	5
1037	0	4
1038	0	12
1039	1	4
1040	3	2
1041	3	7
1042	0	7
1043	0	8
1044	1	9
1045	0	5
1046	0	11
1047	0	6
1048	2	3
1049	0	5
1050	0	6
1051	4	3
1052	0	4
1053	0	10
1054	2	5
1055	0	5
1056	3	5
1057	1	9
1058	0	6
1059	0	3
1060	0	4
1061	2	4
1062	1	5
1063	2	9
1064	2	5
1065	2	4
1066	0	8
1067	1	5
1068	2	8
1069	2	4
1070	0	7
1071	1	5
1072	0	3
1073	1	3
1074	1	7
1075	0	7
1076	0	7
1077	0	8
1078	0	8
1079	1	3
1080	1	7
1081	2	7
1082	2	5
1083	2	8
1084	0	12
1085	2	5
1086	0	5
1087	2	10
1088	0	4
1089	0	5
1090	0	8
1091	2	8
1092	0	6
1093	0	9
1094	1	4
1095	0	9
1096	5	2
1097	0	5
1098	0	9
1099	2	6
1100	4	10
1101	3	6
1102	1	3
1103	0	9
1104	1	4
1105	1	6
1106	1	6
1107	0	8
1108	1	4
1109	1	8
1111	1	6
1112	0	4
1113	1	5
1114	1	2
1115	1	5
1116	0	6
1117	0	7
1118	1	9
1119	0	5
1120	0	10
1121	1	7
1122	0	4
1123	1	1
1124	0	4
1125	0	2
1126	1	5
1127	0	6
1128	0	9
1129	1	9
1130	2	7
1131	0	5
1132	1	4
1133	2	6
1134	0	5
1135	0	4
1136	2	7
1137	2	4
1138	0	7
1139	0	7
1140	1	9
1141	0	4
1142	1	5
1143	2	8
1144	2	5
1145	1	4
1146	0	8
1147	0	3
1148	2	4
1149	0	5
1150	1	4
1151	1	7
1152	3	5
1153	1	6
1154	1	10
1155	2	5
1156	1	6
1157	0	3
1158	3	6
1159	0	3
1160	0	5
1161	1	2
1162	0	3
1163	1	2
1164	0	5
1165	0	4
1166	0	5
1167	0	6
1168	2	6
1169	2	4
1170	0	3
1171	0	6
1172	0	5
1174	1	4
1175	0	3
1176	1	9
1177	1	7
1178	1	11
1179	1	1
1180	0	3
1181	2	1
1182	1	2
1183	1	8
1184	1	8
1185	0	6
1186	1	3
1187	0	5
1188	0	8
1189	3	4
1190	1	4
1191	0	3
1192	2	5
1193	2	4
1194	1	6
1195	0	2
1196	0	5
1197	1	5
1198	0	5
1199	2	10
1200	2	6
1201	0	8
1202	1	5
1203	1	12
1204	2	7
1205	1	6
1206	1	5
1207	0	2
1208	0	3
1209	0	8
1210	0	3
1211	1	1
1212	0	4
1213	0	3
1214	2	6
1215	0	6
1216	0	1
1217	2	6
1218	0	6
1219	1	3
1220	0	5
1221	0	2
1222	1	7
1223	0	7
1224	2	8
1225	1	6
1226	0	5
1227	0	2
1228	0	6
1229	1	2
1230	0	9
1231	0	6
1232	1	3
1233	3	3
1234	1	7
1235	1	9
1236	1	4
1237	1	3
1238	3	6
1239	1	8
1240	0	8
1241	1	7
1242	2	2
1243	1	4
1244	0	6
1245	0	6
1246	2	7
1247	2	4
1248	1	8
1249	0	2
1250	0	5
1251	2	5
1252	1	5
1253	1	6
1254	1	4
1255	1	4
1256	1	10
1257	1	4
1258	0	8
1259	0	6
1260	0	5
1261	1	4
1262	0	3
1263	0	7
1264	0	3
1265	1	0
1266	0	9
1267	0	4
1268	2	4
1269	1	6
1270	0	5
1271	1	4
1272	1	5
1273	1	4
1274	0	1
1275	1	5
1276	2	6
1277	0	1
1278	1	6
1279	0	3
1280	1	7
1281	1	10
1282	1	9
1283	0	8
1284	0	6
1285	0	8
1286	1	9
1287	1	1
1288	0	4
1289	0	4
1290	0	7
1291	1	3
1292	3	5
1293	1	7
1294	1	6
1295	1	5
1296	1	5
1297	1	8
1298	0	6
1299	2	5
1300	3	4
1301	1	4
1302	1	4
1303	1	7
1304	0	9
1305	0	8
1306	1	7
1307	0	4
1308	4	7
1309	2	6
1310	1	5
1311	1	2
1312	1	5
1313	0	4
1314	0	3
1315	1	4
1316	0	3
1317	3	3
1318	0	6
1319	3	3
1320	1	5
1321	0	7
1322	0	8
1323	2	4
1324	0	6
1325	1	3
1326	2	7
1327	0	6
1328	0	6
1329	0	3
1330	1	9
1331	1	8
1332	0	5
1333	0	4
1334	0	5
1336	0	2
1337	1	7
1338	1	3
1339	0	7
1340	0	7
1341	2	7
1342	1	8
1343	2	4
1344	1	9
1345	1	8
1346	1	3
1347	0	5
1348	1	6
1349	1	3
1350	1	1
1351	1	4
1352	0	10
1353	1	5
1354	0	8
1355	1	2
1356	1	4
1357	2	5
1358	0	10
1359	1	4
1360	4	3
1361	0	4
1362	0	5
1363	0	8
1364	2	5
1365	1	5
1366	0	6
1367	2	5
1368	0	7
1369	3	2
1370	1	3
1371	4	2
1372	5	6
1373	2	9
1374	1	0
1375	0	3
1376	0	4
1377	0	5
1378	0	6
1379	0	4
1380	0	4
1381	0	3
1382	0	2
1383	3	7
1384	3	4
1385	1	6
1386	0	6
1387	0	6
1388	0	4
1389	1	3
1390	1	4
1391	1	13
1392	1	7
1393	1	9
1394	1	7
1395	1	6
1396	1	8
1397	0	7
1398	0	4
1399	1	5
1400	2	5
1401	0	7
1402	1	3
1403	1	5
1404	0	7
1405	1	6
1406	3	10
1407	2	4
1408	2	8
1409	3	5
1410	4	5
1411	0	4
1412	1	5
1413	0	3
1414	1	4
1415	2	4
1416	1	4
1417	1	4
1418	2	7
1419	1	11
1420	0	9
1421	1	10
1422	1	3
1423	3	3
1424	1	6
1425	1	3
1426	0	4
1427	1	9
1428	0	6
1429	0	6
1430	2	3
1431	1	3
1432	0	4
1433	1	4
1434	1	7
1435	1	5
1436	2	5
1437	1	9
1438	1	5
1439	1	8
1440	2	4
1441	1	3
1442	0	7
1443	1	6
1444	0	7
1445	0	4
1446	1	5
1447	1	2
1448	1	7
1449	0	5
1450	0	3
1451	0	5
1452	1	2
1453	1	5
1454	0	2
1455	4	2
1456	1	7
1457	2	5
1458	2	2
1459	0	2
1460	0	6
1461	0	3
1462	1	6
1463	0	3
1464	0	3
1465	0	4
1466	0	2
1467	1	4
1468	1	8
1469	1	2
1470	2	6
1471	3	2
1472	1	3
1473	2	12
1474	1	3
1475	3	3
1476	0	4
1477	0	7
1478	2	3
1479	1	5
1480	2	6
1481	0	7
1482	1	6
1483	0	8
1484	1	8
1485	1	5
1486	1	5
1487	2	4
1488	2	4
1489	2	5
1490	3	3
1491	1	3
1492	2	5
1493	2	7
1494	1	7
1495	0	5
1496	0	2
1497	2	4
1498	0	5
1499	1	3
1500	0	2
1501	0	2
1502	3	10
1503	1	2
1504	0	4
1505	1	7
1506	0	9
1507	0	5
1508	0	8
1509	2	2
1510	0	6
1511	1	8
1512	0	5
1513	0	10
1514	0	10
1515	1	6
1516	0	6
1517	1	4
1518	0	2
1519	0	10
1520	1	2
1521	0	5
1522	1	2
1523	0	3
1524	1	9
1525	3	11
1526	0	4
1527	0	5
1528	1	5
1529	0	6
1530	0	7
1531	1	3
1532	0	4
1533	0	6
1534	5	6
1535	1	5
1536	4	4
1537	0	6
1538	1	2
1539	2	1
1540	1	3
1541	0	3
1542	3	6
1543	1	6
1544	1	9
1545	3	5
1546	0	6
1547	0	5
1548	1	2
1549	1	1
1550	0	6
1551	2	3
1552	1	5
1553	0	5
1554	1	2
1555	1	6
1556	0	8
1557	0	2
1558	1	6
1559	0	7
1560	0	6
1561	1	8
1562	0	4
1563	1	3
1564	0	4
1565	1	3
1566	0	7
1567	0	3
1568	1	4
1569	1	5
1570	0	1
1571	0	6
1572	2	4
1573	1	4
1574	0	3
1575	0	7
1576	1	1
1577	1	4
1578	1	3
1579	1	7
1580	2	6
1581	2	4
1582	1	4
1583	1	5
1584	1	6
1585	1	4
1586	0	4
1587	1	5
1588	1	5
1589	1	6
1590	1	3
1591	1	8
1592	1	9
1593	0	8
1594	2	6
1595	0	6
1596	0	2
1597	0	4
1598	0	3
1599	0	7
1600	0	2
1601	1	7
1602	3	6
1603	2	4
1604	0	9
1605	4	1
1606	2	6
1607	2	6
1608	0	3
1609	4	8
1610	0	3
1611	1	6
1612	2	3
1613	2	8
1614	0	6
1615	0	2
1616	0	5
1617	1	10
1618	0	12
1619	0	4
1620	4	6
1621	2	3
1622	0	6
1623	0	6
1624	0	2
1625	0	5
1626	0	8
1627	1	6
1628	2	7
1629	0	4
1630	0	5
1631	1	6
1632	1	6
1633	2	6
1634	1	7
1635	0	6
1636	2	8
1637	0	4
1638	0	8
1639	0	4
1640	0	6
1641	1	4
1642	1	6
1643	1	3
1644	1	6
1645	0	11
1646	0	4
1647	0	7
1648	0	5
1649	0	5
1650	0	3
1651	1	2
1652	0	4
1653	0	6
1654	0	3
1655	1	5
1656	1	4
1657	1	4
1658	1	4
1659	0	2
1660	0	5
1661	2	3
1662	1	9
1663	2	2
1664	0	10
1665	0	2
1666	1	7
1667	1	5
1668	2	7
1669	0	6
1670	4	6
1671	1	8
1672	3	6
1673	1	3
1674	1	3
1675	1	3
1676	1	1
1677	0	8
1678	1	13
1679	0	4
1680	1	9
1681	2	5
1682	2	2
1683	1	6
1684	3	6
1685	0	8
1686	1	3
1687	1	6
1688	1	10
1689	0	5
1690	0	6
1691	1	7
1692	1	6
1693	0	10
1694	4	5
1695	1	4
1696	1	4
1697	1	6
1698	1	5
1699	2	4
1700	1	3
1701	2	2
1702	0	5
1703	0	9
1704	0	7
1705	0	4
1706	1	3
1707	2	5
1708	0	3
1709	2	5
1710	1	1
1711	0	7
1712	0	6
1713	0	1
1714	0	5
1715	1	4
1716	0	4
1717	1	3
1718	1	4
1719	2	7
1720	1	6
1721	0	5
1722	4	3
1723	0	3
1724	2	4
1725	1	1
1726	0	4
1727	0	4
1728	0	2
1729	1	7
1730	0	3
1731	1	4
1732	0	4
1733	1	4
1734	3	8
1735	2	5
1736	1	4
1737	2	4
1738	1	7
1739	1	3
1740	0	1
1741	0	13
1742	0	10
1743	1	8
1744	0	2
1745	2	4
1746	0	3
1747	1	5
1748	4	3
1749	0	5
1750	1	14
1751	2	5
1752	0	2
1753	0	4
1754	2	7
1755	0	3
1756	0	6
1757	0	9
1758	3	2
1759	0	6
1760	0	5
1761	0	4
1762	0	7
1763	0	7
1764	0	4
1765	2	8
1766	0	7
1767	0	5
1768	0	7
1769	0	6
1770	0	7
1771	0	3
1772	2	3
1773	0	8
1774	1	6
1775	0	7
1776	1	3
1777	0	2
1778	1	5
1779	1	2
1780	1	10
1781	1	9
1782	0	2
1783	0	4
1784	0	6
1785	2	6
1786	1	3
1787	1	8
1788	0	5
1789	0	6
1790	1	6
1791	1	10
1792	1	4
1793	1	5
1794	0	8
1795	0	2
1796	0	7
1797	0	7
1798	0	4
1799	3	10
1800	1	3
1801	0	6
1802	2	5
1803	1	4
1804	0	6
1805	2	3
1806	1	10
1807	0	3
1808	0	8
1809	0	8
1810	0	7
1811	0	8
1812	1	3
1813	0	3
1814	0	11
1815	0	4
1816	0	8
1817	0	3
1818	1	4
1819	1	3
1820	1	4
1821	3	10
1822	1	8
1823	1	3
1824	1	6
1825	1	7
1826	5	6
1827	0	4
1828	1	9
1829	1	4
1830	0	5
1831	0	4
1832	0	2
1833	2	7
1834	0	5
1835	0	6
1836	2	5
1837	1	10
1838	1	4
1839	1	7
1840	1	2
1841	1	6
1842	0	4
1843	1	5
1844	1	9
1845	1	1
1846	3	1
1847	1	3
1848	0	1
1849	2	4
1850	1	9
1851	0	5
1852	1	6
1853	1	8
1854	0	5
1855	1	4
1856	0	2
1857	0	2
1858	2	3
1859	4	7
1860	0	8
1861	0	8
1862	4	5
1863	0	6
1864	1	5
1865	0	3
1866	0	3
1867	0	7
1868	1	10
1869	0	3
1870	1	4
1871	2	3
1872	2	6
1873	1	4
1874	1	6
1875	1	6
1876	2	4
1877	0	6
1878	1	2
1879	2	6
1880	1	3
1881	0	9
1882	2	5
1883	1	9
1884	0	5
1885	0	4
1886	0	8
1887	0	7
1888	0	3
1889	0	4
1890	0	6
1891	0	7
1892	1	7
1893	3	2
1894	0	5
1895	0	8
1896	0	7
1897	1	8
1898	1	4
1899	0	6
1900	4	8
1901	0	5
1902	1	7
1903	3	5
1904	0	9
1905	0	5
1906	1	3
1907	0	4
1908	1	8
1909	1	4
1910	0	5
1911	0	4
1912	1	5
1913	2	4
1914	0	7
1915	1	7
1916	2	6
1917	0	3
1918	1	5
1919	2	5
1920	2	7
1921	1	3
1922	0	4
1923	2	5
1924	2	4
1925	0	6
1926	1	9
1927	2	4
1928	1	6
1929	0	5
1930	0	8
1931	0	6
1932	0	6
1933	0	2
1934	1	5
1935	0	4
1936	0	8
1937	2	12
1938	1	5
1939	0	6
1940	1	6
1941	1	7
1942	0	4
1943	0	7
1944	0	4
1945	0	6
1946	0	3
1947	1	4
1948	0	5
1949	0	3
1950	2	8
1951	1	6
1952	1	4
1953	0	8
1954	0	8
1955	0	3
1956	1	3
1957	0	5
1958	1	4
1959	1	4
1960	1	1
1961	1	5
1962	2	5
1963	4	4
1964	1	8
1965	0	6
1966	1	5
1967	1	3
1968	1	6
1969	0	4
1970	0	6
1971	0	3
1972	1	1
1973	1	7
1974	0	8
1975	2	4
1976	0	6
1977	2	6
1978	1	4
1979	0	10
1980	1	6
1981	1	3
1982	1	7
1983	0	7
1984	1	8
1985	0	4
1986	2	5
1987	1	7
1988	0	4
1989	2	6
1990	2	3
1991	0	5
1992	0	6
1993	1	5
1994	0	3
1995	1	9
1996	0	7
1997	1	7
1998	0	7
1999	0	6
2000	0	4
2001	3	4
2002	0	5
2003	2	3
2004	1	4
2005	0	5
2006	0	3
2007	1	2
2008	0	10
2009	1	2
2010	0	5
2011	0	6
2012	1	2
2013	2	7
2014	0	7
2015	0	8
2016	0	5
2017	2	5
2018	0	5
2019	4	3
2020	3	4
2021	0	6
2022	0	2
2023	1	0
2024	3	2
2025	2	9
2026	2	4
2027	0	9
2028	2	4
2029	2	5
2030	2	7
2031	3	4
2032	1	5
2033	1	5
2034	1	4
2035	5	2
2036	4	3
2037	2	9
2038	2	3
2039	0	5
2040	0	5
2041	4	5
2042	2	3
2043	2	7
2044	2	6
2045	1	9
2046	0	6
2047	0	5
2048	0	10
2049	0	3
2050	0	9
2051	2	5
2052	0	4
2053	1	6
2054	0	4
2055	2	5
2056	0	4
2057	1	7
2058	1	8
2059	0	8
2060	2	8
2061	1	3
2062	0	8
2063	0	12
2064	2	3
2065	4	5
2066	2	5
2067	0	6
2068	0	4
2069	1	2
2070	0	1
2071	0	9
2072	1	4
2073	1	6
2074	0	7
2075	2	5
2076	0	6
2077	2	5
2078	0	6
2079	1	4
2080	2	5
2081	1	3
2082	0	8
2083	0	3
2084	0	2
2085	0	4
2086	1	9
2087	0	11
2088	2	6
2089	1	8
2090	2	5
2091	1	3
2092	0	7
2093	2	7
2094	1	5
2095	1	7
2096	0	5
2097	0	7
2098	1	5
2099	0	8
2100	1	3
2101	0	5
2102	2	3
2103	0	8
2104	0	2
2105	1	7
2106	2	5
2107	4	7
2108	2	6
2109	0	5
2110	3	5
2111	1	0
2112	1	3
2113	0	6
2114	1	5
2115	2	13
2116	3	6
2117	0	5
2118	0	6
2119	0	4
2120	0	5
2121	2	10
2122	0	2
2123	0	6
2124	0	4
2125	2	7
2126	2	6
2127	0	5
2128	0	5
2129	0	4
2130	4	7
2131	0	11
2132	1	5
2133	2	3
2134	1	8
2135	2	4
2136	0	5
2137	1	5
2138	1	12
2139	6	5
2140	0	6
2141	2	6
2142	1	8
2143	2	4
2144	0	7
2145	3	4
2146	0	5
2147	0	7
2148	2	6
2149	1	4
2150	0	3
2151	0	3
2152	0	5
2153	0	3
2154	0	3
2155	1	7
2156	2	4
2157	1	4
2158	1	7
2159	1	2
2160	3	8
2161	0	2
2162	1	4
2163	2	10
2164	0	8
2165	0	2
2166	2	7
2167	0	7
2168	2	5
2169	1	1
2170	0	4
2171	0	5
2172	3	3
2173	1	5
2174	1	2
2175	0	5
2176	0	3
2177	1	7
2178	0	6
2179	3	5
2180	1	8
2181	0	8
2182	0	2
2183	0	4
2184	0	10
2185	0	5
2186	1	3
2187	1	4
2188	1	8
2189	0	8
2190	0	3
2191	0	4
2192	2	4
2193	1	5
2194	1	4
2195	0	2
2196	0	5
2197	0	2
2198	0	7
2199	1	6
2200	1	4
2201	1	2
2202	1	5
2203	0	4
2204	2	5
2205	2	4
2206	1	6
2207	1	8
2208	1	5
2209	1	8
2210	0	6
2211	1	5
2212	3	4
2213	1	5
2214	2	6
2215	0	10
2216	1	6
2217	1	11
2218	0	5
2219	2	5
2220	1	5
2221	2	7
2222	1	6
2223	0	5
2224	0	2
2225	2	3
2226	0	5
2227	0	4
2228	0	3
2229	1	3
2230	1	6
2231	0	11
2232	2	3
2233	1	3
2234	2	3
2235	0	5
2236	1	9
2237	1	2
2238	0	3
2239	0	11
2240	0	6
2241	0	3
2242	1	9
2243	1	9
2244	1	3
2245	2	6
2246	1	5
2247	0	3
2248	1	5
2249	0	14
2250	2	5
2251	1	3
2252	0	7
2253	1	8
2254	0	5
2255	0	5
2256	0	5
2257	1	2
2258	2	6
2259	1	4
2260	1	4
2261	0	5
2262	2	7
2263	1	6
2264	0	3
2265	0	11
2266	1	3
2267	1	4
2268	2	3
2269	1	6
2270	1	5
2271	2	2
2272	0	7
2273	0	8
2274	0	4
2275	2	8
2276	0	5
2277	0	9
2278	1	7
2279	1	4
2280	1	5
2281	0	10
2282	1	4
2283	0	3
2284	0	5
2285	2	7
2286	1	5
2287	0	6
2288	2	6
2289	1	6
2290	0	7
2291	1	3
2292	2	4
2293	0	3
2294	0	4
2295	1	8
2296	0	7
2297	2	6
2298	3	2
2299	1	4
2300	0	4
2301	0	8
2302	1	6
2303	1	5
2304	0	5
2305	2	7
2306	0	4
2307	0	4
2308	0	4
2309	0	3
2310	1	5
2311	0	5
2312	0	8
2313	0	5
2314	0	8
2315	0	6
2316	0	4
2317	0	4
2318	1	3
2319	2	10
2320	0	4
2321	1	5
2322	1	2
2323	1	5
2324	1	7
2325	0	5
2326	1	7
2327	0	8
2328	0	3
2329	0	6
2330	1	4
2331	0	13
2332	0	2
2333	1	10
2334	1	5
2335	2	5
2336	1	8
2337	0	6
2338	0	5
2339	2	5
2340	2	8
2341	1	2
2342	3	6
2343	0	7
2344	1	1
2345	0	8
2346	2	3
2347	0	7
2348	0	3
2349	0	6
2350	1	5
2351	1	8
2352	0	6
2353	1	5
2354	0	2
2355	1	3
2356	1	3
2357	4	4
2358	1	5
2359	2	9
2360	1	5
2361	0	9
2362	2	2
2363	0	6
2364	0	5
2365	1	3
2366	2	1
2367	0	6
2368	0	2
2369	0	7
2370	1	1
2371	0	5
2372	0	6
2373	0	7
2374	2	3
2375	1	5
2376	1	2
2377	2	9
2378	0	7
2379	1	3
2380	2	8
2381	0	5
2382	0	6
2383	0	13
2384	0	4
2385	2	3
2386	0	6
2387	0	3
2388	2	3
2389	1	4
2390	1	4
2391	0	4
2392	1	3
2393	0	5
2394	0	6
2395	0	7
2396	0	5
2397	2	5
2398	1	5
2399	0	9
2400	2	12
2401	1	6
2402	0	5
2403	0	3
2404	2	5
2405	1	5
2406	1	5
2407	0	4
2408	0	1
2409	1	4
2410	0	8
2411	0	7
2412	1	7
2413	0	3
2414	1	5
2415	1	12
2416	0	3
2417	0	7
2418	0	2
2419	2	5
2420	0	4
2421	0	8
2422	0	4
2423	0	4
2424	0	5
2425	0	6
2426	1	5
2427	0	7
2428	1	10
2429	0	3
2430	1	5
2431	1	5
2432	1	7
2433	1	6
2434	2	4
2435	2	7
2436	0	6
2437	0	3
2438	0	3
2439	0	8
2440	0	3
2441	0	5
2442	0	2
2443	0	5
2444	0	3
2445	0	4
2446	1	7
2447	0	1
2448	3	11
2449	0	1
2450	1	5
2451	1	15
2452	0	8
2453	0	7
2454	0	7
2455	0	4
2456	1	5
2457	1	6
2458	0	6
2460	0	1
2461	0	9
2462	1	4
2463	0	6
2464	0	8
2465	1	6
2466	1	5
2467	2	1
2468	2	7
2469	1	3
2470	0	5
2471	1	5
2472	1	6
2473	0	2
2474	2	2
2475	6	7
2476	1	4
2477	1	5
2478	3	5
2479	2	2
2480	0	5
2481	0	6
2482	1	7
2483	3	3
2484	1	6
2485	0	5
2486	3	4
2487	3	2
2488	3	5
2489	1	4
2490	1	2
2491	2	2
2492	1	4
2493	1	3
2494	1	4
2495	3	4
2496	1	4
2497	0	5
2498	2	3
2499	1	1
2500	4	2
2501	3	3
2502	2	5
2503	4	1
2504	0	6
2505	0	7
2506	1	4
2507	0	5
2508	0	4
2509	0	3
2510	1	2
2511	2	7
2512	0	4
2513	2	8
2514	1	2
2515	1	9
2516	0	3
2517	0	3
2518	1	7
2519	1	2
2520	1	5
2521	0	5
2522	0	5
2523	0	6
2524	0	9
2525	0	4
2526	0	4
2527	0	5
2528	4	5
2529	1	4
2530	1	7
2531	0	6
2532	0	2
2533	0	7
2534	0	7
2535	0	6
2536	2	6
2537	0	3
2538	3	5
2539	2	8
2540	0	12
2541	2	2
2542	2	3
2543	1	8
2544	0	4
2545	1	6
2546	0	2
2547	1	7
2548	2	4
2549	0	5
2550	0	5
2551	1	10
2552	1	7
2553	0	7
2554	0	6
2555	0	3
2556	0	6
2557	3	5
2558	0	3
2559	1	4
2560	0	5
2561	0	2
2562	0	11
2563	0	5
2564	1	4
2565	1	5
2566	1	4
2567	1	7
2568	0	8
2569	0	5
2570	2	8
2571	2	7
2572	2	3
2573	0	3
2574	1	7
2575	1	4
2576	2	4
2577	1	4
2578	0	7
2579	2	7
2580	1	8
2581	1	3
2582	0	4
2583	0	6
2584	0	3
2585	0	3
2586	0	2
2587	1	7
2588	1	3
2589	0	1
2590	0	2
2591	0	1
2592	1	8
2593	1	6
2594	0	6
2595	1	5
2596	0	7
2597	0	6
2598	0	3
2599	0	4
2600	0	15
2601	0	7
2602	0	2
2603	1	3
2604	1	5
2605	0	5
2606	1	9
2607	1	6
2608	0	6
2609	0	4
2610	2	1
2611	0	5
2612	1	6
2613	0	4
2614	0	8
2615	3	7
2616	0	8
2617	4	4
2618	0	7
2619	1	6
2620	0	4
2621	1	11
2622	0	9
2623	2	1
2624	0	3
2625	2	5
2626	0	5
2627	2	4
2628	1	3
2629	2	6
2630	0	10
2631	0	7
2632	1	7
2633	0	5
2634	2	6
2635	3	4
2636	0	4
2637	2	2
2638	2	6
2639	0	7
2640	1	7
2641	0	4
2642	0	6
2643	0	3
2644	0	9
2645	0	7
2646	0	4
2647	0	8
2648	0	6
2649	1	3
2650	0	8
2651	1	8
2652	1	4
2653	1	4
2654	0	2
2656	0	7
2657	0	4
2658	2	8
2659	0	2
2660	0	4
2661	0	1
2662	0	6
2663	0	6
2664	1	5
2665	0	3
2666	2	6
2667	0	3
2668	0	9
2669	1	4
2670	1	5
2671	0	4
2672	0	2
2673	1	6
2674	0	6
2675	1	3
2676	1	7
2677	1	3
2678	0	6
2679	0	6
2680	3	4
2681	1	5
2682	1	1
2683	0	8
2684	0	4
2685	0	5
2686	0	7
2687	0	4
2688	0	1
2689	1	7
2690	0	6
2691	1	3
2693	2	5
2694	0	3
2695	1	6
2696	0	5
2697	1	5
2698	1	7
2699	0	2
2700	1	1
2701	0	4
2702	1	4
2703	1	7
2704	1	4
2705	1	6
2706	1	7
2707	1	3
2708	1	7
2709	0	9
2710	0	3
2711	0	6
2712	0	8
2713	0	4
2714	1	4
2715	1	4
2716	1	5
2717	1	5
2718	0	4
2719	0	5
2720	0	4
2721	1	7
2722	1	1
2723	0	9
2724	0	3
2725	1	8
2726	2	7
2727	1	5
2728	1	7
2729	0	3
2730	2	4
2731	0	5
2732	1	4
2733	0	9
2734	0	6
2735	2	5
2736	0	6
2737	1	3
2738	0	6
2739	2	10
2740	1	2
2741	0	5
2742	0	8
2743	0	4
2744	0	4
2745	0	7
2746	2	6
2747	1	5
2748	2	8
2749	1	2
2750	0	5
2751	2	9
2752	0	7
2753	2	6
2754	0	7
2755	0	2
2756	0	2
2757	1	4
2758	0	8
2759	0	4
2760	1	8
2761	0	4
2762	0	5
2763	0	4
2764	0	5
2765	0	6
2766	0	5
2767	0	3
2768	0	6
2769	0	6
2771	0	8
2772	0	4
2773	0	5
2774	1	9
2775	0	5
2776	1	4
2777	0	5
2778	2	3
2779	2	3
2780	1	4
2781	0	6
2782	0	7
2783	0	4
2784	1	2
2785	0	3
2786	1	2
2787	1	8
2788	2	8
2789	2	2
2790	1	8
2791	0	6
2792	0	2
2793	0	12
2794	1	5
2795	2	7
2796	0	2
2797	1	2
2798	1	7
2799	0	9
2800	0	8
2801	1	9
2802	0	4
2803	0	3
2804	0	3
2805	0	8
2806	0	3
2807	1	3
2808	0	5
2809	0	6
2810	3	3
2811	1	6
2812	0	6
2813	2	2
2814	1	10
2815	3	6
2816	1	3
2817	2	7
2818	1	7
2819	1	11
2820	0	1
2821	0	1
2822	0	8
2823	2	3
2824	0	2
2825	1	5
2826	1	7
2827	0	4
2828	0	5
2829	3	2
2830	0	3
2831	1	5
2832	0	5
2833	4	6
2834	0	4
2835	2	4
2836	0	4
2837	0	6
2838	0	5
2839	0	2
2840	0	3
2841	0	7
2842	0	2
2843	0	9
2844	1	14
2845	0	5
2846	0	3
2847	0	5
2848	0	7
2849	2	4
2850	0	6
2851	2	6
2852	2	5
2853	2	2
2854	0	1
2855	0	6
2856	0	2
2857	2	3
2858	0	2
2859	1	3
2860	0	4
2861	0	7
2862	3	6
2863	0	2
2864	1	4
2865	2	3
2866	0	5
2867	1	7
2868	0	7
2869	0	1
2870	1	4
2871	0	4
2872	0	4
2873	1	12
2874	2	3
2875	0	10
2876	0	4
2877	0	9
2878	1	4
2879	1	10
2880	0	2
2881	0	2
2882	2	5
2883	1	5
2884	0	3
2885	0	5
2886	0	2
2887	1	6
2888	1	3
2889	2	3
2890	1	5
2891	0	8
2892	0	17
2893	3	4
2894	2	10
2895	0	6
2896	0	8
2897	2	5
2898	0	5
2899	0	9
2900	0	9
2901	0	4
2902	0	3
2903	0	5
2904	0	5
2905	0	8
2906	1	9
2907	0	5
2908	0	4
2909	0	2
2910	0	5
2911	1	3
2912	2	4
2913	0	4
2914	0	6
2915	0	5
2916	0	7
2917	0	5
2918	0	4
2919	1	9
2920	2	2
2921	1	2
2922	0	2
2923	1	5
2924	2	9
2925	2	7
2926	0	4
2927	0	2
2928	1	5
2929	1	4
2930	0	2
2931	0	5
2932	2	6
2933	0	7
2934	1	7
2935	0	10
2936	0	4
2937	0	9
2938	1	7
2939	0	4
2940	0	6
2941	0	4
2942	0	4
2943	0	6
2944	0	5
2945	2	1
2946	0	5
2947	0	5
2948	0	5
2949	0	3
2950	0	8
2951	0	6
2952	0	6
2953	0	7
2954	1	8
2955	0	4
2956	2	12
2957	0	5
2958	0	6
2959	0	6
2960	0	7
2961	1	5
2962	1	7
2963	0	5
2964	0	5
2965	0	6
2966	0	5
2967	2	5
2968	2	6
2969	2	6
2970	1	10
2971	1	5
2972	0	6
2973	0	3
2974	1	6
2975	0	14
2976	0	7
2977	0	8
2978	0	3
2979	0	2
2980	0	8
2981	1	4
2982	0	5
2983	1	6
2984	0	9
2985	1	8
2986	1	4
2987	0	4
2988	0	2
2989	1	3
2990	1	3
2991	0	7
2992	2	3
2993	0	7
2994	0	8
2995	0	8
2996	1	7
2997	0	5
2998	3	2
2999	1	8
3000	0	7
3001	1	3
3002	0	5
3003	0	7
3004	1	4
3005	1	5
3006	0	7
3007	0	10
3008	0	3
3009	0	6
3010	1	9
3011	0	7
3012	0	4
3013	0	8
3014	0	6
3015	1	3
3016	2	9
3017	0	5
3018	0	3
3019	0	4
3020	0	4
3021	1	4
3022	1	3
3023	0	6
3024	1	5
3025	0	7
3026	0	5
3027	0	6
3028	0	7
3029	0	7
3030	0	3
3031	0	6
3032	1	3
3033	0	3
3034	0	12
3035	2	4
3036	1	8
3037	1	10
3038	0	4
3039	0	7
3040	0	6
3041	0	9
3042	1	5
3043	0	4
3044	1	6
3045	2	5
3046	1	3
3047	2	6
3048	0	7
3049	1	5
3050	2	8
3051	1	4
3052	2	9
3053	4	7
3054	3	9
3055	1	5
3056	1	8
3057	1	4
3058	0	5
3059	2	9
3060	0	5
3061	0	6
3062	0	8
3063	2	4
3064	0	6
3065	0	4
3066	1	6
3067	0	3
3068	5	6
3069	0	3
3070	0	4
3071	0	9
3072	0	1
3073	0	3
3074	1	6
3075	0	6
3076	1	2
3077	1	4
3078	2	6
3079	1	2
3080	0	6
3081	0	4
3082	2	5
3083	0	7
3084	0	7
3085	1	6
3086	1	8
3087	0	4
3088	1	4
3089	2	7
3090	1	6
3091	0	5
3092	2	5
3093	0	8
3094	1	2
3095	0	4
3096	1	6
3097	0	5
3098	0	4
3099	0	10
3100	0	3
3101	1	7
3102	1	8
3103	0	2
3104	1	4
3105	1	4
3106	1	2
3107	0	3
3108	1	6
3109	1	9
3110	0	8
3111	0	8
3112	0	7
3113	2	6
3114	0	5
3115	1	4
3116	1	5
3117	0	5
3118	1	5
3119	0	7
3120	1	4
3121	1	5
3122	0	6
3123	1	1
3124	0	9
3125	0	6
3126	0	4
3127	0	3
3128	0	9
3129	1	6
3130	0	6
3131	0	5
3132	0	8
3133	1	6
3134	1	4
3135	1	5
3136	0	8
3137	0	6
3138	0	8
3139	0	6
3140	2	10
3141	0	6
3142	1	3
3143	0	8
3144	2	2
3145	0	4
3146	0	5
3147	0	4
3148	1	6
3149	0	6
3150	0	3
3151	0	7
3152	1	5
3153	0	7
3154	0	6
3155	1	6
3156	1	4
3157	1	3
3158	1	5
3159	1	7
3160	0	6
3161	0	9
3162	1	5
3163	0	2
3164	0	6
3165	0	6
3166	0	6
3167	0	5
3168	0	9
3169	0	5
3170	0	9
3171	0	5
3172	0	6
3173	0	4
3174	0	6
3175	2	6
3176	0	3
3177	1	5
3178	2	1
3179	2	8
3180	0	6
3181	1	2
3182	1	6
3183	1	3
3184	0	2
3185	1	7
3186	0	1
3187	0	9
3188	0	6
3189	1	8
3190	0	6
3191	0	2
3192	1	5
3193	1	6
3194	1	5
3195	0	7
3196	1	6
3197	0	6
3198	1	4
3199	0	5
3200	0	1
3201	0	4
3202	0	4
3203	0	4
3204	0	5
3205	0	5
3206	0	7
3207	0	7
3208	2	2
3209	0	1
3210	0	6
3211	1	2
3212	0	9
3213	0	2
3214	0	10
3215	1	4
3216	1	3
3217	0	6
3218	0	7
3219	0	3
3220	3	2
3221	0	5
3222	1	9
3223	1	4
3224	1	5
3225	1	6
3226	1	6
3227	1	2
3228	2	1
3229	1	2
3230	0	7
3231	1	3
3232	1	8
3233	1	9
3234	1	8
3235	2	2
3236	0	8
3237	0	3
3238	2	6
3239	1	3
3240	0	7
3241	3	7
3242	0	10
3243	3	1
3244	2	4
3245	3	3
3246	2	5
3247	1	2
3248	1	9
3249	0	5
3250	0	5
3251	2	6
3252	2	5
3253	0	4
3254	1	3
3255	0	4
3256	0	4
3257	2	5
3258	3	8
3259	1	3
3260	0	3
3261	0	3
3262	3	6
3263	1	1
3264	0	8
3265	1	6
3266	1	5
3267	2	2
3268	0	8
3269	1	7
3270	1	3
3271	0	5
3272	0	4
3273	0	5
3274	0	3
3275	1	6
3276	1	4
3277	0	4
3278	1	11
3279	0	3
3280	0	4
3281	0	5
3282	0	1
3283	0	5
3284	1	4
3285	0	3
3286	1	8
3287	1	4
3288	1	6
3289	1	6
3290	0	7
3291	1	5
3292	1	3
3293	1	2
3294	3	5
3295	0	5
3296	1	5
3297	1	3
3298	2	5
3299	3	1
3300	1	1
3301	1	9
3302	1	2
3303	3	4
3304	1	1
3305	1	2
3306	0	7
3307	2	4
3308	2	10
3309	0	5
3310	1	5
3311	0	4
3312	2	7
3313	0	6
3314	0	6
3315	0	5
3316	0	7
3317	3	2
3318	0	3
3319	1	8
3320	0	7
3321	4	4
3322	0	7
3323	1	7
3324	0	5
3325	0	4
3326	1	5
3327	0	8
3328	1	8
3329	0	4
3330	1	7
3331	1	6
3332	0	3
3333	0	3
3334	2	5
3335	1	7
3336	1	11
3337	2	4
3338	0	6
3339	1	5
3340	2	3
3341	2	6
3342	0	7
3343	0	6
3344	0	13
3345	2	3
3346	0	6
3347	0	6
3348	2	7
3349	2	3
3350	0	4
3351	0	6
3352	0	4
3353	0	6
3354	1	3
3355	0	8
3356	0	2
3357	1	8
3358	0	2
3359	3	3
3360	2	5
3361	0	3
3362	0	11
3363	0	6
3364	0	8
3365	1	4
3366	0	8
3367	0	5
3368	0	2
3369	1	3
3370	1	5
3371	0	2
3372	0	9
3373	0	8
3374	0	4
3375	2	7
3376	0	4
3377	2	3
3378	0	16
3379	0	7
3380	0	5
3381	0	6
3382	0	5
3383	0	3
3384	1	7
3385	1	10
3386	0	11
3387	1	8
3388	0	6
3389	2	6
3390	1	5
3391	1	7
3392	0	7
3393	0	5
3394	0	5
3395	0	4
3396	1	4
3397	0	6
3398	0	3
3399	2	3
3400	0	4
3401	0	4
3402	0	7
3403	1	5
3404	0	7
3405	0	8
3406	0	6
3407	0	2
3408	0	8
3409	1	5
3410	0	1
3411	2	2
3412	1	0
3413	0	4
3414	2	3
3415	0	9
3416	1	1
3417	0	4
3418	1	4
3419	0	3
3420	1	6
3421	1	6
3422	2	5
3423	1	4
3424	0	1
3425	1	3
3426	1	4
3427	0	4
3428	1	0
3429	1	8
3430	2	6
3431	0	4
3432	2	3
3433	1	7
3434	0	9
3435	0	7
3436	0	7
3437	0	4
3438	0	4
3439	1	6
3440	0	6
3441	3	5
3442	0	6
3443	0	5
3444	0	7
3445	0	7
3446	0	6
3447	0	4
3448	1	4
3449	1	8
3450	0	4
3451	1	5
3452	0	4
3453	0	7
3454	0	2
3455	4	5
3456	0	2
3457	2	6
3458	0	8
3459	0	5
3460	0	6
3461	3	4
3462	0	3
3463	0	4
3464	1	5
3465	0	4
3466	0	4
3467	1	5
3468	0	8
3469	2	6
3470	2	10
3471	1	2
3472	0	4
3473	0	7
3474	2	7
3475	0	1
3476	1	6
3477	0	4
3478	0	5
3479	3	3
3480	0	10
3481	0	6
3482	0	6
3483	0	6
3484	1	6
3485	1	2
3486	0	1
3487	0	8
3488	0	3
3489	1	4
3490	2	10
3491	0	3
3492	1	1
3493	0	12
3494	0	2
3495	0	2
3496	0	3
3497	0	4
3498	1	8
3499	0	7
3500	3	4
3501	1	0
3503	4	0
3504	1	2
3505	0	5
3506	0	7
3507	2	1
3508	1	6
3509	0	5
3510	0	4
3511	0	5
3512	0	5
3513	1	7
3514	0	2
3515	0	5
3516	0	8
3517	0	5
3518	0	1
3519	0	6
3520	0	2
3521	2	6
3522	0	5
3523	0	5
3524	1	3
3525	1	2
3526	0	7
3527	0	8
3528	0	1
3529	0	6
3530	0	5
3531	0	8
3532	1	6
3533	0	5
3534	0	5
3535	0	1
3536	0	7
3537	1	3
3538	2	5
3539	0	4
3540	1	3
3541	0	9
3542	0	6
3543	0	6
3544	0	4
3545	0	4
3546	0	6
3547	0	6
3548	1	5
3549	0	1
3550	0	8
3551	0	5
3552	0	12
3553	2	10
3554	5	4
3555	0	6
3556	0	5
3557	2	6
3558	0	9
3559	0	3
3560	1	4
3561	0	7
3562	0	2
3563	0	5
3564	0	8
3565	1	6
3566	0	12
3567	0	3
3568	2	6
3569	1	5
3570	0	9
3571	2	9
3572	0	1
3573	1	4
3574	0	3
3575	0	10
3576	2	5
3577	1	4
3578	0	5
3579	1	2
3580	0	6
3581	0	4
3582	1	3
3583	0	2
3584	1	5
3585	0	6
3586	1	3
3587	1	6
3588	0	6
3589	4	1
3590	1	10
3591	2	5
3592	0	8
3593	0	7
3594	1	6
3595	1	12
3596	0	9
3597	1	2
3598	0	10
3599	0	10
3600	1	9
3601	0	11
3602	1	4
3603	0	8
3604	0	5
3605	0	3
3606	0	5
3607	0	7
3608	2	3
3609	3	2
3610	1	5
3611	2	1
3612	0	6
3613	0	7
3614	0	5
3615	0	7
3616	0	1
3617	1	6
3618	0	2
3619	0	4
3620	1	5
3621	0	7
3622	1	10
3623	1	6
3624	0	2
3625	0	7
3626	1	2
3627	0	5
3628	0	6
3629	0	6
3630	1	8
3631	0	8
3632	0	7
3633	1	8
3634	0	8
3635	2	0
3636	0	5
3637	0	5
3638	0	6
3639	0	4
3640	0	7
3641	1	5
3642	0	4
3643	0	7
3644	0	6
3645	0	6
3646	0	4
3647	1	6
3648	0	5
3649	3	5
3650	3	5
3651	1	5
3652	0	4
3653	0	6
3654	0	5
3655	0	7
3656	0	4
3657	1	3
3658	0	7
3659	2	6
3660	2	5
3661	1	3
3662	0	1
3663	0	2
3664	1	4
3665	0	9
3666	0	6
3667	1	6
3668	0	1
3669	1	0
3670	1	5
3671	1	8
3672	2	3
3673	1	7
3674	0	6
3675	0	4
3676	0	3
3677	1	1
3678	1	2
3679	2	8
3680	0	4
3681	0	3
3682	0	5
3683	1	8
3684	0	5
3685	0	3
3686	0	5
3687	0	7
3688	2	4
3689	0	8
3690	1	3
3691	1	3
3692	1	7
3693	0	2
3694	0	6
3695	0	4
3696	1	7
3697	0	6
3698	1	7
3699	3	9
3700	1	6
3701	0	6
3702	0	1
3703	0	3
3704	1	3
3705	0	5
3706	1	3
3707	1	7
3708	0	11
3709	2	3
3710	0	3
3711	1	2
3712	0	9
3713	0	4
3714	0	1
3715	1	7
3716	0	7
3717	1	9
3718	0	2
3719	0	6
3720	1	10
3721	0	4
3722	2	4
3723	1	7
3724	0	3
3725	3	7
3726	1	8
3727	1	7
3728	0	5
3729	0	4
3730	0	1
3731	1	7
3732	0	5
3733	1	3
3734	3	1
3735	0	4
3736	0	6
3737	1	7
3738	0	2
3739	0	2
3740	0	8
3741	1	2
3742	1	7
3743	1	4
3744	0	7
3745	1	8
3746	0	9
3747	1	2
3748	1	4
3749	2	4
3750	1	6
3751	2	3
3752	0	8
3753	2	11
3754	0	8
3755	3	4
3756	0	5
3757	1	5
3758	0	8
3759	0	1
3760	0	5
3761	0	3
3762	1	8
3763	0	4
3764	1	4
3765	0	6
3766	1	5
3767	0	4
3768	0	10
3769	1	7
3770	0	4
3771	0	6
3772	0	7
3773	0	3
3774	0	5
3775	0	8
3776	1	3
3777	1	4
3778	1	5
3779	0	4
3780	3	7
3781	0	7
3782	1	8
3783	0	6
3784	0	6
3785	0	7
3786	1	3
3787	0	4
3788	0	7
3789	1	5
3790	2	2
3791	1	8
3792	2	10
3793	2	2
3794	1	5
3795	1	7
3796	0	1
3797	0	6
3798	1	9
3799	0	6
3800	0	4
3801	1	9
3802	0	4
3803	2	5
3804	2	5
3805	0	6
3806	0	5
3807	1	3
3808	0	6
3809	2	9
3810	0	5
3811	1	3
3812	2	5
3813	1	4
3814	2	4
3815	0	2
3816	1	8
3817	2	9
3818	1	5
3819	0	6
3820	1	7
3821	1	2
3822	4	11
3823	0	4
3824	2	4
3825	0	7
3826	2	3
3827	0	3
3828	1	1
3829	1	2
3830	0	5
3831	2	4
3832	0	4
3833	1	10
3834	2	3
3835	0	7
3836	0	6
3837	2	4
3838	0	9
3839	3	7
3840	0	9
3841	1	3
3842	1	7
3843	1	4
3844	0	4
3845	2	6
3846	1	6
3847	2	2
3848	0	3
3849	1	10
3850	0	5
3851	0	6
3852	0	5
3853	1	4
3854	0	8
3855	0	10
3856	1	8
3857	0	6
3858	1	7
3859	1	10
3860	0	7
3861	0	7
3862	1	10
3863	0	4
3864	1	5
3865	0	8
3866	1	6
3867	0	5
3868	0	7
3869	0	6
3870	0	1
3871	0	6
3872	0	3
3873	0	5
3874	0	6
3875	0	9
3876	1	6
3877	1	4
3878	0	6
3879	1	7
3880	0	4
3881	0	4
3882	1	3
3883	0	7
3884	0	5
3885	1	4
3886	1	6
3887	0	1
3888	0	2
3889	1	4
3890	0	4
3891	0	3
3892	0	5
3893	1	6
3894	0	6
3895	2	8
3896	0	3
3897	2	7
3898	0	2
3899	2	7
3900	2	8
3901	0	6
3902	0	4
3903	0	4
3904	0	7
3905	1	6
3906	1	2
3907	1	3
3908	0	6
3909	0	4
3910	0	5
3911	1	3
3912	0	4
3913	1	6
3914	0	8
3915	1	9
3916	0	10
3917	0	4
3918	0	7
3919	0	5
3920	1	8
3921	2	6
3922	0	6
3923	0	6
3924	0	7
3925	0	5
3926	0	7
3927	1	5
3928	1	2
3929	1	8
3930	0	1
3931	1	7
3932	0	5
3933	0	5
3934	0	3
3935	1	4
3936	0	6
3937	1	5
3938	2	4
3939	1	6
3940	0	3
3941	0	4
3942	2	7
3943	0	8
3944	0	4
3945	0	3
3946	1	3
3947	0	5
3948	1	7
3949	2	1
3950	0	7
3951	0	5
3952	0	3
3953	1	6
3954	3	3
3955	0	5
3956	2	4
3957	0	8
3958	1	6
3959	0	9
3960	0	7
3961	0	7
3962	1	6
3963	2	4
3964	1	2
3965	0	6
3966	3	2
3967	0	3
3968	0	7
3969	1	7
3970	0	6
3971	0	4
3972	0	12
3973	1	8
3974	1	7
3975	1	5
3976	0	9
3977	1	9
3978	0	7
3979	1	1
3980	2	4
3981	2	3
3982	1	7
3983	1	2
3984	0	6
3985	1	7
3986	1	3
3987	0	4
3988	2	3
3989	0	5
3990	0	8
3991	2	10
3992	0	2
3993	1	7
3994	1	5
3995	0	2
3996	1	2
3997	1	4
3998	0	5
3999	0	1
4000	0	9
4001	0	3
4002	1	8
4003	0	4
4004	0	5
4005	1	3
4006	1	2
4007	2	4
4008	0	4
4009	0	5
4010	1	2
4011	4	4
4012	0	3
4013	1	7
4014	2	4
4015	0	6
4017	0	2
4018	0	6
4019	1	7
4020	1	3
4021	0	5
4022	1	3
4023	1	5
4024	1	7
4025	0	6
4027	1	4
4028	1	4
4029	4	3
4030	4	3
4031	1	4
4032	0	5
4033	1	6
4034	1	1
4035	1	6
4037	0	6
4038	0	5
4039	2	5
4040	1	5
4041	1	4
4042	2	7
4043	0	2
4044	1	4
4045	1	3
4046	3	3
4047	1	4
4048	2	2
4049	1	7
4050	0	6
4051	1	5
4052	0	8
4053	0	2
4054	0	6
4055	1	6
4056	1	4
4057	1	5
4058	0	4
4059	0	8
4060	0	5
4061	0	6
4062	3	4
4063	2	7
4064	2	4
4065	0	4
4066	1	4
4067	0	1
4068	1	1
4069	0	5
4070	0	5
4071	0	7
4072	0	2
4073	0	4
4074	1	7
4075	0	5
4076	1	3
4077	2	10
4078	1	1
4079	0	7
4080	1	7
4081	0	7
4082	1	6
4083	0	4
4084	0	4
4085	3	7
4086	1	4
4087	1	3
4088	1	6
4089	0	6
4090	0	4
4091	0	9
4092	0	6
4093	0	7
4094	0	6
4095	0	5
4096	1	5
4097	0	7
4098	0	3
4099	1	5
4100	1	6
4101	0	5
4102	0	8
4103	0	3
4104	1	8
4105	0	7
4106	2	5
4107	2	2
4108	0	2
4109	1	2
4110	1	5
4111	2	6
4112	0	2
4113	2	4
4114	1	6
4115	0	7
4116	1	9
4117	0	7
4118	0	8
4119	1	10
4120	2	3
4121	2	6
4122	1	5
4123	0	7
4124	1	5
4125	2	7
4126	1	9
4127	0	12
4128	0	9
4129	0	2
4130	0	3
4131	1	6
4132	2	11
4133	1	8
4134	1	6
4135	0	1
4136	1	3
4137	0	2
4138	0	7
4139	1	6
4140	0	6
4141	0	6
4142	1	7
4143	1	6
4144	1	12
4145	2	2
4146	0	4
4147	0	9
4148	1	3
4149	0	10
4150	0	4
4151	2	3
4152	0	5
4153	0	6
4154	1	5
4155	1	6
4156	0	3
4157	2	4
4158	1	2
4159	4	4
4160	1	3
4161	1	9
4162	2	5
4163	1	5
4164	1	4
4165	0	9
4166	0	7
4167	0	10
4168	2	5
4169	1	6
4170	2	4
4171	1	4
4172	1	4
4173	1	3
4174	0	3
4175	1	3
4176	2	6
4177	1	8
4178	1	4
4179	0	4
4180	0	2
4181	1	5
4182	0	5
4183	0	4
4184	0	2
4185	0	4
4186	1	4
4187	1	6
4188	1	11
4189	0	9
4190	0	8
4191	0	7
4192	1	6
4193	0	7
4194	0	4
4195	0	4
4196	0	6
4197	0	9
4198	0	9
4199	1	5
4200	0	5
4201	2	6
4202	1	5
4203	1	5
4204	1	1
4205	0	2
4206	0	3
4207	0	6
4208	2	1
4209	3	8
4210	0	3
4211	0	5
4212	0	3
4213	0	3
4214	1	4
4215	1	4
4216	1	8
4217	0	6
4218	0	2
4219	0	6
4220	0	3
4221	0	6
4222	0	4
4223	1	4
4224	0	2
4225	2	7
4226	0	5
4227	0	2
4228	0	5
4229	0	4
4230	0	3
4231	3	7
4232	1	3
4233	1	3
4234	0	1
4235	0	5
4236	0	5
4237	0	10
4238	0	5
4239	1	4
4240	0	1
4241	0	2
4242	1	3
4243	1	6
4244	3	6
4245	1	3
4246	0	4
4247	0	4
4248	0	6
4249	1	7
4250	1	3
4251	1	4
4253	0	5
4254	0	4
4255	0	7
4256	0	5
4257	1	7
4258	1	3
4259	1	5
4260	1	1
4261	0	9
4262	2	3
4263	0	8
4264	0	4
4265	1	5
4266	0	6
4267	1	4
4268	1	2
4269	1	10
4270	1	6
4271	0	2
4272	0	3
4273	0	6
4274	0	4
4275	1	4
4276	1	8
4277	0	6
4278	1	4
4279	0	5
4280	1	2
4281	1	5
4282	0	10
4283	1	3
4284	1	3
4285	4	7
4286	2	2
4287	2	4
4288	0	9
4289	0	7
4290	2	0
4291	1	5
4292	0	7
4293	0	8
4294	2	1
4295	2	3
4296	0	7
4297	1	5
4298	0	7
4299	1	6
4300	1	6
4301	2	6
4302	0	4
4303	0	3
4304	0	7
4305	0	5
4306	0	3
4307	2	6
4308	0	7
4309	1	5
4310	1	6
4311	0	3
4312	0	4
4313	0	6
4314	0	7
4315	1	8
4316	2	1
4317	0	4
4318	0	10
4319	1	4
4320	1	4
4321	1	3
4322	1	5
4323	0	10
4324	0	9
4325	1	7
4326	2	6
4327	0	2
4328	0	4
4329	0	6
4330	2	6
4331	2	7
4332	0	13
4334	0	5
4335	1	2
4336	2	8
4337	0	8
4338	0	3
4339	0	4
4340	0	7
4341	0	4
4342	0	4
4343	1	4
4344	0	7
4345	0	4
4346	1	7
4347	0	5
4348	0	6
4349	0	5
4350	0	2
4351	2	3
4352	0	5
4353	1	3
4354	1	3
4355	1	3
4356	4	3
4357	0	2
4358	0	6
4359	0	3
4360	0	5
4361	0	6
4362	1	5
4363	3	5
4364	1	5
4365	1	9
4366	0	1
4367	0	5
4368	0	6
4369	0	7
4370	3	3
4371	0	6
4372	1	7
4373	0	6
4374	3	5
4375	1	5
4376	0	3
4377	0	7
4378	1	5
4379	0	6
4380	1	7
4381	1	6
4382	0	4
4383	1	9
4384	0	2
4385	1	3
4386	0	4
4387	1	4
4388	3	3
4389	1	5
4390	0	9
4391	1	8
4392	0	7
4393	1	6
4394	2	5
4395	0	3
4396	0	6
4397	1	2
4398	0	4
4399	0	5
4400	0	7
4401	0	10
4402	1	7
4403	1	5
4404	1	0
4405	2	5
4406	0	1
4407	1	3
4408	0	3
4409	1	1
4410	1	4
4411	1	3
4412	1	2
4413	0	2
4414	3	3
4415	1	4
4416	1	4
4417	0	9
4418	1	6
4419	3	4
4420	1	1
4421	3	7
4422	1	6
4423	0	2
4424	5	5
4425	3	3
4426	4	5
4427	0	3
4428	2	7
4429	0	4
4430	1	2
4431	1	2
4432	3	2
4433	1	8
4434	0	3
4435	1	2
4436	3	2
4437	0	6
4438	0	4
4439	0	4
4440	0	3
4441	0	3
4442	0	5
4443	1	8
4444	0	1
4445	2	4
4446	1	4
4447	0	7
4448	4	5
4449	2	3
4450	1	5
4451	0	7
4452	0	6
4453	1	7
4454	0	9
4455	0	4
4456	0	5
4457	1	6
4458	0	8
4459	1	10
4460	0	7
4461	0	7
4462	0	4
4463	0	14
4464	0	4
4465	2	9
4466	0	4
4467	2	5
4468	1	6
4469	0	2
4470	0	7
4471	3	5
4472	2	3
4473	1	13
4474	3	4
4475	3	4
4476	1	4
4477	0	6
4478	1	5
4479	0	5
4480	0	3
4481	1	7
4482	0	8
4483	1	3
4484	0	7
4485	2	4
4486	1	1
4487	0	10
4488	0	4
4489	0	8
4490	1	3
4491	0	5
4492	2	6
4493	1	15
4494	0	14
4495	0	5
4496	1	7
4497	0	8
4498	0	7
4499	1	4
4500	2	4
4501	1	2
4502	1	5
4503	0	6
4504	0	6
4505	0	5
4506	0	7
4507	1	5
4508	0	7
4509	0	4
4510	1	10
4511	1	7
4512	3	6
4513	1	6
4514	0	4
4515	2	8
4516	1	4
4517	0	2
4518	2	4
4519	0	5
4520	1	5
4521	1	6
4522	0	4
4523	0	3
4524	4	6
4525	0	4
4526	0	6
4527	0	3
4528	0	5
4529	1	2
4530	0	2