1	0	9
2	3	12
3	0	6
4	0	5
5	1	7
6	3	7
7	0	11
8	1	1
9	1	7
10	2	9
11	0	11
12	0	8
13	1	8
14	0	13
15	0	10
16	1	7
17	6	6
18	2	13
19	2	13
20	5	16
21	1	16
22	1	9
23	0	14
24	1	5
25	3	6
26	0	8
27	3	12
28	5	1
29	8	4
30	12	3
31	7	6
32	7	6
33	11	8
34	6	3
35	5	10
36	6	3
37	5	2
38	4	15
39	5	3
40	6	8
41	8	9
42	1	4
43	1	2
44	5	3
45	8	9
46	4	11
47	7	9
48	4	7
49	7	6
50	6	7
51	3	7
52	8	5
53	3	12
54	6	7
55	5	8
56	5	3
57	6	3
58	3	3
59	6	4
60	0	6
61	6	7
62	7	8
63	8	3
64	8	5
65	4	2
66	6	4
67	7	3
68	5	9
69	7	7
70	8	3
71	6	3
72	4	5
73	5	8
74	0	2
75	0	3
76	2	8
77	1	15
78	0	22
79	0	8
80	0	13
81	4	8
82	3	13
83	1	9
84	2	8
85	0	12
86	3	15
87	0	11
88	0	11
89	0	14
90	3	7
91	2	14
92	1	1
93	0	15
94	0	10
95	1	11
96	0	13
97	7	5
98	1	6
99	5	7
100	7	3
101	6	6
102	4	12
103	2	11
104	8	7
105	5	0
106	1	12
107	0	7
108	0	10
109	1	18
110	1	5
111	0	9
112	3	9
113	2	19
114	4	6
115	1	14
116	2	8
117	2	10
118	0	15
119	1	7
120	4	11
121	7	9
122	4	6
123	3	3
124	1	4
125	6	4
126	10	7
127	6	0
128	3	4
129	3	4
130	7	7
131	7	10
132	5	6
133	8	6
134	8	9
135	6	3
136	8	10
137	6	11
138	4	7
139	8	12
140	1	4
141	8	4
142	5	8
143	5	5
144	1	14
145	0	16
146	2	10
147	1	4
148	0	6
149	3	8
150	0	7
151	0	3
152	0	4
153	3	8
154	5	8
155	11	6
156	1	5
157	9	8
158	5	6
159	2	4
160	1	1
161	4	5
162	1	2
163	0	1
164	3	2
165	4	8
166	2	4
167	4	4
168	2	4
169	2	5
170	1	3
171	3	3
172	6	3
173	1	0
174	1	4
175	0	1
176	1	6
177	4	3
178	3	4
179	3	3
180	2	4
181	2	6
182	6	5
183	3	5
184	4	6
185	1	2
186	0	2
187	3	7
188	5	8
189	3	1
190	2	9
191	3	5
192	2	6
193	5	7
194	0	1
196	3	5
197	0	2
198	0	4
199	10	4
200	0	4
201	3	2
203	3	5
204	4	2
205	0	3
206	5	0
207	0	3
208	2	0
209	4	3
211	0	3
212	0	3
213	4	5
214	3	2
215	1	2
216	0	2
217	0	1
218	0	2
219	2	4
220	0	3
221	1	1
222	3	4
223	5	4
224	4	7
225	0	3
226	0	2
227	1	2
228	1	6
229	3	1
230	1	0
231	0	4
232	1	9
233	2	9
234	3	10
235	2	10
236	0	13
237	0	16
238	0	15
239	0	10
240	0	13
241	1	10
242	1	7
243	2	1
244	1	2
245	0	4
246	1	4
247	1	0
248	1	1
249	0	5
250	0	2
251	8	8
252	6	7
253	7	3
254	1	3
255	1	8
256	3	4
257	0	1
258	1	2
259	1	3
260	8	3
261	1	6
262	3	5
263	8	6
264	5	8
265	5	3
266	7	5
267	2	4
268	0	3
269	2	2
270	5	3
271	1	8
272	1	3
273	0	6
274	2	7
275	1	4
277	5	4
278	3	3
279	1	7
280	4	3
281	4	1
282	2	4
283	1	2
284	7	5
285	0	7
286	1	1
287	3	3
288	0	2
289	1	2
290	1	3
292	3	3
293	0	3
294	1	3
295	0	5
296	0	3
297	2	2
298	2	2
299	2	4
300	4	2
301	5	6
302	6	5
303	3	4
304	0	4
305	2	4
306	4	2
307	4	5
308	8	7
309	2	10
310	3	7
311	1	2
312	0	3
313	0	8
314	0	20
315	1	16
316	5	2
317	0	1
318	2	18
319	0	7
320	2	4
321	6	8
322	4	2
323	1	2
324	3	1
325	1	4
326	3	1
327	5	5
328	3	9
329	3	5
330	0	5
331	0	1
332	1	2
333	2	2
334	1	6
335	5	3
336	7	6
337	7	5
338	2	6
339	5	3
340	0	2
341	2	4
342	4	9
343	4	3
344	6	6
345	0	1
346	1	4
347	2	2
348	1	2
349	2	4
350	2	3
351	4	4
352	6	3
353	4	4
354	2	2
355	1	4
356	0	2
357	4	7
358	8	5
359	2	1
360	1	2
361	1	3
362	0	4
363	1	3
364	3	8
365	3	3
366	0	5
367	2	3
368	0	2
369	6	7
370	3	6
371	2	5
372	1	5
373	3	2
374	0	3
375	1	5
376	5	1
377	2	3
378	1	1
379	2	5
380	1	1
381	2	3
382	5	6
383	2	1
384	3	4
385	1	1
386	0	3
387	1	4
388	4	4
389	6	8
390	2	3
391	1	3
392	1	2
393	2	4
394	2	12
395	0	19
396	1	8
397	2	2
398	6	2
399	2	2
400	0	1
401	0	5
402	1	2
403	6	5
404	4	5
405	4	6
406	2	4
407	1	1
408	1	0
409	0	2
410	0	1
411	0	1
412	0	1
413	1	0
414	0	1
415	0	4
416	0	4
417	0	2
418	0	3
419	1	3
420	5	6
421	3	2
422	3	5
423	1	4
424	8	9
425	5	1
426	15	15
427	5	4
428	8	2
429	8	6
430	5	3
431	5	2
432	1	3
433	0	4
434	5	3
436	0	2
437	0	3
438	1	6
439	4	3
440	3	2
441	1	2
442	0	4
443	0	3
444	4	0
445	2	6
446	5	4
447	0	1
448	1	1
449	0	1
450	0	5
451	3	3
452	0	1
453	0	2
454	0	4
455	2	8
457	0	3
458	1	1
459	1	1
460	4	2
461	1	8
462	2	6
463	4	5
464	1	0
465	6	4
466	5	7
467	7	3
468	0	4
469	0	5
470	0	2
471	1	3
472	0	1
473	1	3
474	8	7
475	4	12
476	1	4
477	0	2
478	0	6
479	0	4
480	1	5
481	5	5
482	4	2
483	1	5
484	0	3
485	0	4
486	1	3
487	1	4
488	1	4
489	6	3
490	1	5
491	1	2
492	2	5
493	0	2
494	2	3
495	1	1
496	11	6
497	2	2
498	4	3
499	3	3
500	3	4
501	0	1
502	2	2
503	0	3
504	1	4
505	0	3
506	1	6
507	1	2
508	2	5
509	1	5
510	1	1
511	0	5
512	2	2
513	1	3
514	3	4
515	1	2
516	2	7
517	4	9
518	2	5
519	1	6
521	0	1
522	5	5
523	3	2
524	3	5
526	2	2
527	1	3
528	11	2
529	2	4
530	8	2
531	2	6
532	1	4
533	0	1
534	0	2
535	1	2
536	4	3
537	1	3
538	0	2
539	1	3
540	2	2
541	0	3
542	3	5
543	2	4
544	7	6
545	6	3
546	2	2
547	0	6
548	1	5
549	0	2
550	0	3
551	3	3
552	0	4
553	4	6
554	0	2
555	2	3
556	0	4
557	2	2
558	4	7
559	7	2
560	6	4
561	8	2
562	3	1
563	0	1
564	0	3
565	0	3
566	0	3
567	0	1
568	0	7
569	0	1
570	2	4
571	0	2
572	1	4
574	0	1
576	0	1
577	1	2
578	1	2
579	1	4
580	2	2
581	0	1
582	3	3
583	3	10
584	6	6
585	2	3
586	0	2
587	4	3
588	4	8
589	1	3
590	0	3
591	2	2
592	0	2
593	2	2
594	0	2
595	4	6
596	0	2
597	0	1
598	0	1
599	0	1
600	0	1
601	2	3
602	0	2
603	0	2
604	0	2
605	2	3
606	2	7
607	9	6
608	10	8
609	5	7
610	2	4
611	2	1
612	0	2
614	3	4
615	0	2
617	0	1
618	0	1
619	0	2
620	2	3
622	1	4
623	2	5
624	2	0
625	1	2
626	3	4
627	5	3
628	3	3
629	4	4
630	3	2
631	6	7
632	0	3
633	0	5
634	2	6
635	0	4
636	1	5
637	2	4
638	1	2
639	0	1
640	5	3
641	5	4
642	1	4
643	2	3
644	3	5
645	5	1
646	7	8
647	1	5
648	1	3
649	1	2
650	0	3
651	1	1
652	0	1
653	1	1
654	3	4
655	0	5
656	0	8
657	1	4
658	4	4
659	5	6
660	1	1
661	2	0
662	0	4
663	6	2
664	2	6
665	5	1
666	1	0
667	0	2
668	2	6
669	1	2
670	3	3
671	7	2
672	3	5
673	3	6
674	3	6
675	11	8
676	0	5
677	0	2
678	0	8
679	9	7
680	1	2
681	0	2
682	0	1
683	1	3
684	1	2
685	0	2
686	4	7
687	7	5
688	2	5
689	1	7
690	1	4
691	1	4
692	2	4
693	4	2
694	1	4
695	0	3
696	1	4
697	3	10
698	0	3
699	1	8
700	1	3
701	2	2
702	1	0
703	3	7
704	1	1
705	0	9
706	5	3
707	3	3
708	1	6
709	6	8
710	5	5
711	1	2
712	2	2
713	2	5
714	1	1
715	0	5
716	2	2
717	4	6
718	1	2
719	1	1
720	1	4
721	2	0
722	1	3
723	6	4
724	4	5
725	5	3
726	0	3
727	3	2
728	1	1
729	2	5
730	0	6
731	7	1
732	0	5
733	1	2
734	1	3
736	7	2
737	2	3
738	0	7
739	1	2
740	1	1
741	2	2
742	4	5
743	4	2
744	2	9
745	2	2
747	0	4
748	1	5
749	0	1
750	1	1
751	0	4
752	0	4
753	2	3
754	0	3
755	3	4
756	3	3
757	1	2
758	1	1
759	3	4
760	6	7
761	3	5
762	2	2
763	6	10
764	2	3
765	6	7
766	0	7
767	0	6
768	4	5
769	7	3
770	4	7
771	0	4
772	4	2
773	1	4
774	1	3
775	0	1
776	1	1
777	0	2
778	0	2
779	0	2
780	1	2
781	1	2
782	2	5
783	0	3
784	2	2
785	0	2
786	1	2
787	0	5
788	3	2
789	0	1
790	0	4
791	4	5
792	5	9
793	5	3
794	2	1
795	0	5
796	1	5
797	5	4
798	1	4
799	1	5
800	0	1
801	1	1
802	4	6
803	3	2
804	6	1
805	0	7
806	0	5
807	3	4
808	4	4
809	3	3
810	6	7
811	4	6
812	3	3
813	0	1
814	1	2
815	1	3
816	1	2
817	2	2
818	6	2
819	0	2
820	3	5
821	3	7
822	1	1
823	2	5
824	0	5
825	1	2
826	0	4
827	1	3
828	4	7
829	6	3
830	3	4
831	1	1
832	0	1
833	2	8
835	1	3
836	1	2
837	0	2
838	5	4
839	1	3
840	2	4
841	6	4
842	5	7
843	4	6
844	1	2
845	1	1
846	2	6
847	5	5
848	4	2
849	3	6
850	9	5
851	2	2
852	0	3
853	3	2
854	1	2
855	0	2
856	0	3
857	0	4
858	0	3
859	0	3
860	6	9
861	0	1
862	5	9
864	0	3
865	1	2
866	6	6
867	3	1
868	1	1
869	1	2
870	4	5
871	2	6
872	0	3
873	1	2
874	2	4
875	0	2
876	5	6
877	2	5
878	5	1
879	1	3
880	0	2
881	2	0
883	0	3
884	1	6
885	3	2
886	2	5
887	0	1
888	0	3
889	0	2
890	3	6
891	6	0
892	1	2
893	3	8
894	1	4
895	1	1
896	0	5
897	0	1
898	1	3
899	2	4
900	1	3
901	0	2
902	4	4
903	0	4
904	2	2
905	0	4
906	0	3
907	0	2
908	0	1
909	1	1
910	0	4
912	1	3
913	6	4
914	3	6
915	0	1
916	4	6
917	5	1
918	1	1
919	0	2
920	1	3
921	0	5
922	0	3
923	0	4
924	1	4
925	4	3
926	2	3
927	1	29
928	0	13
929	1	9
930	2	8
931	0	11
932	1	19
933	1	14
934	2	11
935	1	11
936	1	12
937	0	15
938	0	14
939	1	12
940	3	12
941	2	15
942	2	6
943	2	12
944	1	11
945	1	10
946	0	8
947	1	10
948	0	6
949	0	14
950	1	10
951	1	12
952	1	14
953	3	13
954	1	7
955	2	17
956	2	8
957	2	7
958	0	7
959	0	12
960	1	4
961	3	12
962	1	17
963	1	9
964	0	11
965	3	13
966	2	16
967	3	9
968	2	11
969	1	6
970	0	6
971	3	4
972	0	12
973	4	12
974	3	14
975	3	11
976	0	8
977	0	8
978	0	10
979	2	4
980	2	12
981	0	17
982	0	5
983	0	7
984	4	2
985	20	3
986	8	6
987	2	6
988	0	9
989	1	13
990	4	8
991	1	7
992	0	13
993	1	6
994	0	13
995	2	9
996	0	3
997	1	12
998	0	19
999	0	7
1000	2	10
1001	4	12
1002	1	5
1003	0	8
1004	2	13
1005	1	12
1006	0	5
1007	3	17
1008	3	6
1009	1	8
1010	1	13
1011	1	14
1012	2	9
1013	3	14
1014	3	18
1015	1	12
1016	0	15
1017	0	6
1018	2	10
1019	1	9
1020	1	5
1021	0	6
1022	1	11
1023	3	5
1024	2	5
1025	0	3
1026	4	3
1027	1	2
1028	1	2
1029	0	1
1030	0	2
1031	3	4
1032	4	1
1033	1	2
1034	5	3
1035	4	5
1036	5	4
1037	2	7
1038	0	4
1039	0	2
1040	5	3
1041	9	4
1042	11	7
1043	1	2
1044	3	0
1045	0	1
1046	0	3
1047	1	2
1048	2	1
1049	0	5
1050	0	2
1051	0	3
1052	1	3
1053	2	3
1054	4	2
1055	3	4
1056	3	5
1057	5	2
1058	0	3
1059	5	4
1060	1	2
1062	0	2
1063	4	2
1064	2	5
1065	0	4
1066	3	3
1067	6	1
1068	2	5
1069	0	5
1070	2	3
1071	6	2
1072	2	1
1073	6	3
1074	5	8
1075	2	2
1076	2	1
1077	1	2
1078	1	2
1079	0	4
1080	0	3
1081	1	3
1082	2	2
1083	2	7
1084	2	0
1085	0	1
1086	0	3
1087	2	6
1088	0	1
1089	8	4
1090	5	5
1091	2	4
1092	0	2
1094	0	1
1095	0	2
1097	2	0
1098	1	4
1099	5	2
1100	3	4
1101	0	2
1102	4	4
1103	8	6
1104	5	4
1106	0	4
1107	1	3
1108	1	0
1109	3	8
1110	13	8
1111	4	10
1112	1	2
1113	0	2
1114	0	5
1115	1	3
1116	1	3
1117	1	5
1118	5	8
1119	4	8
1120	6	5
1121	3	10
1122	0	3
1124	1	4
1125	2	2
1126	8	1
1127	3	5
1128	3	9
1129	1	10
1130	1	8
1131	0	5
1132	0	4
1133	0	10
1134	1	9
1135	2	6
1136	3	13
1137	1	11
1138	4	9
1139	2	10
1140	2	13
1141	0	9
1142	0	17
1143	2	14
1144	2	14
1145	0	15
1146	0	10
1147	5	3
1148	9	5
1149	3	7
1150	0	2
1151	4	1
1152	4	4
1153	14	9
1154	4	8
1155	0	2
1156	0	5
1157	3	4
1158	1	4
1159	1	2
1160	1	5
1161	1	3
1162	0	3
1163	0	2
1164	2	2
1165	3	3
1166	0	2
1167	2	7
1168	5	3
1169	2	3
1170	1	0
1171	1	0
1172	0	1
1173	6	3
1174	1	3
1175	0	3
1176	4	5
1177	16	12
1178	4	2
1179	7	3
1180	1	6
1181	5	5
1182	3	1
1183	4	5
1184	2	3
1185	2	2
1186	1	2
1187	7	8
1188	3	5
1189	3	5
1190	4	3
1191	2	4
1192	2	4
1193	0	3
1194	0	2
1195	0	4
1196	2	5
1197	0	1
1199	3	1
1200	1	4
1201	2	4
1202	0	2
1203	3	2
1204	5	5
1205	4	5
1206	2	3
1207	11	8
1208	2	5
1209	2	4
1210	6	3
1211	5	8
1212	8	3
1213	2	4
1214	8	4
1215	6	9
1216	10	11
1217	5	13
1218	3	2
1220	2	2
1221	0	9
1222	7	12
1223	5	5
1224	7	6
1225	10	6
1226	4	8
1227	0	2
1228	4	4
1229	0	1
1230	0	4
1231	3	6
1232	0	1
1233	2	2
1234	5	3
1235	1	3
1236	2	4
1237	5	8
1238	0	3
1239	3	6
1241	0	3
1242	2	3
1243	2	2
1245	3	5
1246	7	15
1247	0	6
1248	0	1
1249	0	3
1250	1	4
1251	7	5
1252	4	1
1253	0	3
1254	0	3
1255	2	3
1256	1	7
1257	1	3
1258	1	3
1259	2	8
1260	8	10
1261	5	8
1262	4	3
1263	7	12
1264	1	2
1265	1	3
1266	2	2
1267	0	2
1268	0	3
1269	1	2
1270	5	4
1271	12	6
1272	4	4
1273	4	8
1274	4	4
1275	6	9
1276	3	0
1277	3	4
1278	5	4
1279	3	1
1280	0	1
1281	0	1
1282	2	2
1283	0	2
1284	2	2
1285	9	6
1286	0	3
1287	1	0
1289	0	1
1290	0	7
1291	1	3
1292	3	7
1294	1	6
1295	2	4
1296	2	1
1297	0	3
1298	0	2
1299	6	1
1300	0	8
1301	3	2
1302	3	3
1303	13	2
1304	1	2
1305	3	1
1306	0	4
1307	5	2
1308	3	3
1309	1	4
1310	2	2
1311	0	4
1312	2	0
1313	3	7
1314	5	3
1315	1	2
1316	7	9
1317	0	3
1318	0	1
1319	0	1
1320	5	2
1321	7	4
1322	3	3
1323	0	2
1324	0	3
1325	4	4
1326	4	5
1327	1	2
1328	0	4
1329	3	3
1330	4	8
1331	5	4
1332	2	1
1333	1	1
1334	0	1
1335	2	1
1336	0	1
1337	6	3
1338	2	5
1339	6	10
1340	4	5
1341	1	4
1342	1	2
1343	5	5
1344	3	4
1345	0	1
1346	4	1
1347	1	7
1348	5	7
1349	8	10
1350	10	9
1351	1	0
1352	0	2
1353	3	2
1354	1	7
1355	0	2
1356	4	7
1357	2	2
1358	7	8
1359	5	2
1360	2	3
1361	5	2
1362	8	5
1363	3	6
1364	1	6
1365	3	2
1366	1	2
1367	0	5
1368	4	5
1369	0	3
1370	0	2
1371	0	6
1372	0	2
1373	1	1
1374	0	4
1375	4	4
1376	2	0
1377	3	13
1378	1	2
1379	1	3
1380	2	4
1381	2	2
1382	4	4
1383	0	1
1384	4	7
1385	4	4
1386	2	5
1387	1	2
1388	0	1
1389	0	2
1390	0	3
1391	2	3
1392	1	4
1393	2	4
1394	0	2
1395	4	7
1396	0	1
1397	1	8
1398	2	5
1400	4	11
1401	2	3
1402	2	2
1403	0	4
1404	3	2
1405	0	2
1406	5	4
1407	15	8
1408	1	1
1409	0	1
1410	5	1
1411	9	2
1413	8	1
1414	4	8
1415	5	6
1416	3	6
1417	3	1
1418	1	4
1419	3	6
1420	5	2
1421	2	3
1422	1	3
1423	3	4
1424	4	4
1425	1	5
1426	2	5
1427	0	2
1428	2	3
1429	1	5
1430	4	4
1431	3	3
1432	1	1
1433	2	2
1434	1	0
1435	2	3
1436	1	4
1437	0	1
1438	0	4
1439	1	2
1440	0	3
1441	5	3
1442	5	7
1443	4	4
1444	1	4
1445	1	3
1446	3	2
1447	0	2
1448	4	4
1449	0	1
1450	0	2
1451	5	4
1452	8	2
1453	2	6
1454	1	1
1455	3	10
1456	1	4
1457	0	5
1458	4	3
1459	15	10
1460	1	2
1461	3	0
1462	0	3
1463	0	5
1464	4	2
1465	8	4
1466	1	2
1467	1	0
1468	5	4
1469	7	9
1470	3	5
1471	1	3
1472	2	2
1473	4	2
1474	2	2
1475	3	4
1476	2	5
1477	1	1
1478	3	4
1479	1	11
1480	0	4
1481	1	13
1482	0	18
1483	1	8
1484	0	10
1485	0	13
1486	1	5
1487	4	13
1488	1	15
1489	1	19
1490	3	13
1491	2	15
1492	1	11
1493	4	8
1494	3	4
1495	2	4
1496	4	8
1497	2	3
1498	6	3
1499	7	3
1500	5	6
1501	2	3
1502	2	6
1503	0	2
1504	0	1
1505	0	2
1506	2	6
1507	12	8
1508	7	4
1509	6	3
1510	8	9
1511	9	4
1512	10	12
1513	5	3
1514	5	4
1515	8	5
1516	1	7
1517	12	4
1518	4	3
1519	1	3
1520	2	2
1521	5	1
1522	0	3
1523	7	3
1524	1	3
1525	0	5
1526	7	3
1527	4	0
1528	7	0
1529	4	1
1530	3	7
1531	0	6
1532	1	4
1533	1	3
1534	0	3
1535	2	4
1536	3	2
1537	1	3
1538	4	2
1539	3	1
1540	7	3
1541	2	1
1542	5	2
1543	2	7
1544	7	4
1545	1	0
1546	4	2
1547	0	1
1548	1	3
1549	4	6
1550	3	1
1551	1	2
1552	3	0
1553	6	1
1554	6	5
1555	0	2
1556	0	2
1557	2	4
1558	0	3
1559	2	1
1560	3	4
1561	4	2
1562	1	1
1563	4	3
1564	10	13
1565	12	11
1566	13	7
1567	7	2
1568	0	4
1569	1	4
1570	3	1
1571	1	2
1572	1	2
1574	1	3
1575	1	2
1576	2	4
1577	0	4
1578	2	1
1579	0	3
1580	0	9
1581	6	7
1582	8	2
1583	1	3
1584	0	3
1585	0	1
1586	0	2
1587	1	3
1588	7	9
1589	7	7
1590	0	2
1591	4	1
1592	2	4
1593	4	0
1594	3	8
1595	0	2
1596	5	4
1597	6	4
1598	7	6
1599	1	2
1600	2	1
1601	4	1
1602	3	4
1603	3	0
1604	2	2
1605	0	1
1606	1	3
1607	1	1
1608	1	2
1609	1	5
1610	2	3
1611	1	1
1612	1	1
1613	1	0
1614	7	8
1615	5	6
1616	4	4
1617	4	4
1618	0	2
1619	0	7
1620	3	6
1621	0	1
1622	0	1
1623	2	9
1624	1	1
1625	4	3
1626	6	5
1627	6	3
1628	10	9
1629	2	3
1630	3	2
1631	2	2
1632	0	1
1633	0	2
1634	1	0
1635	0	2
1636	0	2
1637	3	3
1638	6	3
1639	2	0
1640	2	7
1641	1	3
1642	6	2
1643	4	0
1644	4	5
1645	4	5
1646	6	1
1647	1	2
1648	6	9
1649	0	2
1650	2	3
1651	3	2
1652	7	7
1653	4	3
1654	3	3
1655	0	5
1656	6	3
1657	5	5
1658	2	2
1659	0	2
1660	0	3
1661	0	5
1662	3	5
1663	7	7
1664	4	8
1665	9	12
1666	1	4
1667	1	2
1668	5	3
1669	10	10
1670	4	4
1671	2	1
1672	0	2
1673	5	4
1674	3	12
1675	3	2
1676	2	3
1678	0	2
1679	1	9
1680	0	5
1681	2	11
1682	2	7
1683	0	12
1684	6	9
1685	0	12
1686	1	9
1687	0	11
1688	5	7
1689	0	12
1690	1	8
1691	2	8
1692	2	13
1693	1	5
1694	0	4
1695	2	3
1696	1	4
1697	10	9
1698	4	3
1699	7	6
1700	4	7
1701	5	8
1702	0	3
1703	4	2
1704	0	3
1705	0	3
1706	0	2
1707	4	1
1708	2	3
1709	3	4
1710	4	4
1711	2	1
1712	0	1
1713	1	1
1714	1	0
1715	1	4
1716	4	5
1717	4	5
1718	3	1
1719	7	2
1720	7	6
1721	1	3
1722	5	5
1723	8	7
1724	1	4
1725	3	2
1726	4	0
1727	1	1
1728	9	6
1729	1	8
1730	2	2
1732	4	6
1733	4	1
1734	0	3
1735	4	4
1736	2	3
1737	0	1
1738	1	2
1739	2	5
1740	6	7
1741	4	6
1742	5	8
1743	2	2
1744	3	8
1745	1	5
1746	4	4
1747	1	4
1748	7	4
1749	4	0
1750	4	3
1751	2	3
1752	19	7
1753	5	1
1754	0	1
1755	2	0
1756	1	2
1757	3	9
1758	5	7
1759	1	4
1760	1	7
1761	2	10
1762	5	1
1763	5	5
1764	4	10
1765	1	5
1766	3	5
1767	4	6
1768	1	4
1769	5	2
1770	1	4
1771	1	1
1772	1	2
1773	0	4
1774	5	8
1775	2	5
1776	9	6
1777	4	5
1778	0	2
1779	2	2
1780	1	3
1781	0	2
1782	0	1
1783	1	2
1784	2	2
1785	1	6
1786	2	5
1787	2	0
1788	5	3
1789	3	5
1790	4	7
1791	1	2
1792	4	6
1793	4	2
1794	3	2
1795	0	2
1796	2	0
1797	5	6
1798	2	4
1799	8	3
1800	4	10
1801	0	4
1802	7	4
1803	5	5
1804	6	3
1805	2	1
1806	0	2
1807	0	2
1808	0	3
1810	0	1
1811	0	2
1812	3	2
1813	2	1
1814	1	1
1815	0	5
1816	10	4
1817	5	3
1818	0	2
1819	0	2
1820	0	2
1821	2	6
1822	3	6
1823	3	5
1824	2	7
1825	4	5
1826	5	9
1827	0	1
1828	1	6
1829	1	4
1830	0	5
1831	4	4
1832	2	2
1833	3	1
1834	5	4
1835	4	4
1836	3	4
1837	3	6
1838	1	1
1839	0	3
1840	3	2
1841	6	3
1842	5	3
1843	2	3
1844	7	6
1845	6	3
1846	3	5
1847	14	4
1848	8	7
1849	6	7
1850	3	2
1851	7	4
1852	2	4
1853	11	10
1854	8	5
1855	5	6
1856	3	4
1857	6	6
1858	2	1
1859	6	8
1860	3	1
1861	2	2
1862	1	2
1863	1	3
1864	6	2
1865	4	4
1866	0	4
1867	10	5
1868	3	5
1869	7	7
1870	7	6
1871	2	0
1872	0	4
1873	0	3
1874	3	1
1875	2	6
1876	5	1
1877	0	5
1878	2	2
1879	2	6
1880	4	3
1881	3	3
1882	0	5
1883	1	3
1884	0	4
1885	0	3
1886	0	1
1887	1	0
1888	0	1
1889	0	1
1892	1	2
1893	0	4
1894	1	5
1895	8	2
1896	2	3
1897	1	5
1898	3	6
1899	5	6
1900	2	4
1901	1	2
1902	0	1
1903	5	3
1904	1	0
1905	1	2
1907	1	1
1908	1	4
1909	3	4
1910	1	4
1911	4	4
1912	0	14
1913	2	14
1914	1	14
1915	0	5
1916	0	5
1917	0	3
1918	0	8
1919	1	9
1920	2	11
1921	1	11
1922	0	4
1923	0	17
1924	1	10
1925	2	13
1926	4	10
1927	4	2
1928	3	3
1929	4	2
1930	3	3
1931	6	6
1932	6	6
1933	1	4
1934	1	5
1935	2	3
1936	2	2
1937	1	2
1938	2	6
1939	2	8
1940	3	6
1941	0	5
1942	0	2
1943	1	5
1944	2	6
1946	0	4
1947	1	1
1948	2	1
1949	0	2
1950	1	1
1951	1	2
1952	5	3
1953	3	3
1954	1	2
1955	0	3
1956	0	1
1957	1	0
1958	0	3
1959	2	1
1960	1	2
1961	0	4
1962	1	0
1963	0	3
1964	0	3
1965	5	2
1966	1	3
1967	0	2
1968	0	2
1969	0	4
1970	1	8
1971	0	2
1972	0	2
1973	0	3
1974	8	5
1975	0	1
1976	0	3
1977	1	3
1978	2	4
1979	0	2
1980	0	3
1981	0	2
1982	0	3
1983	1	3
1984	2	0
1985	6	4
1986	1	6
1987	6	5
1988	0	2
1989	0	1
1990	0	3
1991	1	1
1992	0	1
1993	1	2
1994	0	1
1995	2	0
1996	0	4
1997	3	3
1998	2	2
1999	1	2
2000	1	4
2001	1	0
2002	1	1
2003	0	1
2004	3	2
2005	0	1
2006	0	2
2007	0	3
2008	3	2
2009	0	1
2010	2	6
2011	11	4
2012	7	2
2013	4	6
2014	3	3
2015	6	3
2016	4	2
2017	6	6
2018	2	4
2020	1	1
2021	0	1
2022	1	2
2023	1	4
2024	1	1
2025	0	5
2026	1	2
2027	2	1
2028	0	4
2029	0	1
2030	0	4
2031	2	1
2032	1	1
2033	1	2
2034	2	3
2035	1	4
2036	3	2
2037	2	2
2038	0	1
2039	0	2
2040	4	7
2041	1	3
2042	0	3
2043	1	3
2044	1	1
2045	0	2
2047	1	1
2048	1	0
2049	3	6
2050	0	2
2051	0	3
2052	1	6
2053	2	3
2054	6	10
2055	3	2
2056	1	2
2057	6	7
2058	6	2
2059	1	4
2060	6	5
2061	0	3
2062	11	7
2064	1	3
2065	0	4
2066	0	6
2067	0	6
2068	1	4
2069	0	1
2070	0	1
2071	0	3
2072	0	5
2073	1	2
2074	1	2
2075	0	4
2076	2	3
2077	1	2
2078	1	1
2079	1	7
2080	0	2
2081	0	2
2082	1	2
2083	1	8
2084	1	1
2085	1	1
2086	0	2
2087	4	1
2088	2	0
2089	0	3
2090	1	3
2091	3	5
2092	1	3
2093	0	5
2094	1	2
2095	7	2
2096	6	7
2097	6	5
2099	0	1
2100	4	3
2101	0	3
2102	0	1
2104	0	4
2105	1	2
2106	0	3
2107	0	4
2108	0	2
2109	1	5
2110	4	5
2111	0	2
2112	2	4
2113	0	3
2114	0	2
2115	1	2
2116	0	6
2117	4	1
2118	0	4
2119	0	2
2120	4	4
2121	0	1
2122	0	3
2124	0	3
2125	0	3
2126	0	5
2127	0	3
2128	0	4
2129	0	3
2130	0	1
2131	0	2
2132	0	3
2133	1	1
2134	0	3
2135	0	2
2136	0	3
2137	1	1
2138	1	0
2139	1	2
2140	1	5
2141	0	2
2142	0	2
2143	1	3
2144	1	2
2145	1	2
2146	0	1
2147	1	6
2148	2	5
2149	1	0
2150	0	3
2151	1	2
2152	2	2
2153	2	1
2154	1	1
2155	1	1
2156	2	2
2157	1	2
2159	1	0
2160	0	1
2161	1	2
2162	2	5
2163	0	2
2164	0	2
2165	6	4
2166	1	3
2167	0	2
2168	2	5
2169	7	4
2170	4	6
2171	3	10
2172	3	3
2173	1	2
2174	3	2
2175	1	2
2176	0	1
2177	6	3
2178	0	1
2179	0	1
2180	0	2
2181	0	2
2182	4	4
2183	8	7
2184	0	2
2185	4	3
2186	2	0
2187	0	2
2188	1	3
2189	0	3
2190	0	1
2191	0	4
2192	2	2
2193	6	12
2194	6	2
2195	2	3
2196	1	2
2197	2	1
2198	1	4
2201	0	3
2202	1	5
2203	3	2
2204	0	3
2205	1	1
2206	0	3
2207	0	1
2208	0	3
2209	0	1
2210	0	2
2211	0	3
2212	0	2
2213	0	3
2214	1	2
2215	0	2
2216	1	1
2217	0	1
2218	0	2
2219	0	3
2220	3	2
2221	0	4
2222	0	2
2223	0	1
2224	0	2
2225	1	2
2226	1	1
2227	0	4
2228	3	6
2229	1	3
2230	0	3
2231	2	4
2232	0	5
2233	0	1
2234	4	5
2235	3	6
2236	1	3
2237	0	2
2238	0	1
2239	1	0
2240	0	2
2241	0	4
2242	0	2
2243	0	1
2244	0	1
2245	1	1
2246	0	4
2247	1	0
2249	1	1
2251	1	2
2252	1	2
2254	0	1
2255	0	1
2256	0	1
2257	1	2
2258	1	1
2259	0	5
2260	0	3
2261	1	3
2262	0	3
2264	0	2
2265	1	2
2266	0	4
2267	2	1
2268	1	3
2269	0	3
2270	1	1
2271	1	2
2272	2	3
2273	1	3
2274	0	2
2275	0	2
2276	1	3
2277	3	2
2278	0	2
2279	2	3
2280	2	1
2281	0	1
2282	0	2
2283	0	2
2284	1	0
2285	0	3
2286	1	0
2287	1	2
2288	0	1
2289	0	1
2290	0	1
2291	0	1
2292	0	2
2294	0	2
2295	0	2
2296	3	3
2297	7	2
2298	0	3
2299	1	1
2300	0	2
2301	3	1
2302	0	4
2303	2	2
2304	1	0
2305	0	2
2306	0	3
2307	1	1
2308	0	2
2309	0	3
2310	0	3
2311	0	3
2312	0	3
2313	0	2
2314	1	4
2315	2	1
2316	4	1
2317	0	1
2318	4	4
2319	2	4
2320	5	2
2321	2	2
2322	1	1
2323	0	2
2324	2	5
2325	2	3
2326	0	2
2327	3	3
2328	0	2
2329	0	3
2330	2	2
2331	0	3
2332	1	2
2333	0	1
2334	2	2
2335	1	0
2336	1	0
2337	0	3
2338	1	3
2339	0	5
2340	0	1
2341	0	2
2342	1	2
2343	1	1
2344	0	3
2345	1	4
2346	1	2
2347	0	1
2348	0	2
2349	0	1
2350	3	6
2351	0	1
2352	0	1
2354	0	3
2355	9	6
2356	8	3
2357	0	1
2358	0	1
2359	0	3
2360	1	5
2361	0	3
2362	6	5
2363	1	5
2364	2	3
2365	0	4
2366	0	3
2367	0	4
2368	0	1
2369	0	5
2370	8	1
2371	2	3
2372	1	3
2373	0	1
2374	0	1
2375	0	1
2376	0	2
2377	0	2
2378	0	1
2379	0	1
2380	0	1
2382	1	2
2383	2	1
2384	1	3
2385	3	2
2386	0	3
2387	1	1
2388	0	3
2389	4	7
2390	0	3
2392	3	2
2393	1	1
2394	1	0
2395	1	3
2396	6	3
2397	1	0
2398	2	6
2399	2	2
2400	1	1
2401	0	1
2402	0	2
2403	1	3
2404	0	2
2405	1	2
2406	3	5
2407	2	1
2408	0	3
2409	0	3
2410	0	2
2411	0	2
2412	0	3
2413	4	7
2414	2	4
2415	0	2
2416	2	3
2417	0	1
2418	0	4
2419	3	2
2420	0	2
2422	0	2
2423	0	2
2424	2	0
2425	0	3
2426	0	3
2427	1	2
2428	2	3
2429	0	5
2430	0	1
2431	1	4
2432	1	1
2433	1	4
2434	5	4
2435	1	4
2436	6	6
2437	1	2
2438	0	2
2439	0	3
2440	2	2
2441	2	2
2442	0	2
2444	0	1
2445	1	1
2446	1	1
2447	1	3
2448	0	1
2449	0	2
2450	1	2
2451	0	1
2452	0	2
2453	1	2
2455	0	5
2456	0	5
2457	0	2
2458	1	5
2460	0	4
2461	1	3
2462	2	3
2463	7	6
2464	2	3
2465	0	4
2466	0	4
2467	0	4
2468	0	3
2469	1	0
2470	0	3
2471	2	2
2472	2	5
2473	1	2
2474	1	5
2475	1	2
2476	0	1
2477	3	4
2478	3	5
2479	3	4
2480	0	2
2481	0	1
2482	1	1
2483	0	2
2484	0	3
2485	2	0
2486	0	3
2487	0	2
2488	0	2
2489	1	2
2490	0	2
2492	2	3
2493	0	3
2494	0	3
2495	2	6
2496	0	5
2497	0	5
2499	0	2
2500	4	8
2501	6	1
2502	6	6
2504	2	0
2505	0	5
2506	0	9
2507	1	18
2508	1	15
2509	0	7
2510	3	10
2511	3	13
2512	3	11
2513	2	9
2514	1	5
2515	2	12
2516	1	15
2517	2	12
2518	1	14
2519	2	14
2520	0	13
2521	2	6
2522	2	9
2523	2	13
2524	0	10
2525	1	6
2526	1	12
2527	1	7
2528	1	2
2529	1	2
2530	1	2
2531	0	2
2532	3	4
2533	1	2
2534	3	1
2535	2	5
2536	2	6
2537	0	2
2538	1	1
2539	0	1
2540	4	2
2541	2	3
2542	0	2
2543	1	1
2544	0	2
2545	0	2
2546	0	1
2547	0	4
2548	3	1
2549	1	3
2550	0	1
2551	0	5
2552	0	2
2553	1	3
2554	3	2
2555	1	1
2556	1	4
2557	0	2
2558	1	1
2559	2	4
2560	1	4
2561	2	5
2562	2	4
2563	0	2
2564	0	1
2565	0	2
2566	0	3
2567	0	1
2568	3	8
2569	4	2
2570	0	4
2571	0	3
2572	0	1
2573	0	8
2574	1	2
2575	0	1
2576	2	3
2577	3	6
2578	5	3
2579	2	1
2580	3	3
2581	0	4
2582	0	2
2583	0	5
2584	0	4
2585	2	4
2586	0	2
2587	1	1
2588	1	1
2589	1	1
2590	1	8
2591	0	1
2592	1	1
2593	0	1
2594	2	5
2595	1	2
2596	0	4
2597	0	1
2598	1	4
2599	1	0
2600	4	6
2601	3	1
2602	2	2
2603	0	3
2604	4	2
2605	0	1
2606	0	2
2607	0	3
2608	0	2
2609	0	1
2610	0	1
2611	3	4
2613	0	1
2614	1	5
2615	0	3
2616	1	3
2617	2	4
2618	2	5
2619	1	1
2620	0	2
2621	1	4
2622	2	2
2623	13	7
2624	5	5
2625	2	2
2626	0	1
2627	0	1
2628	3	1
2629	3	8
2630	7	5
2631	0	3
2632	1	4
2633	1	2
2634	1	1
2635	0	3
2636	1	2
2637	5	4
2638	1	2
2639	2	2
2640	2	3
2641	1	2
2643	2	1
2644	4	2
2645	0	2
2646	0	1
2647	0	3
2649	2	1
2650	7	3
2651	0	3
2652	0	2
2653	1	1
2654	0	5
2655	3	3
2656	5	2
2657	0	1
2658	8	5
2659	6	1
2660	1	3
2661	0	3
2662	0	3
2663	2	3
2664	9	6
2665	6	11
2666	2	5
2667	1	7
2668	0	4
2669	0	1
2670	1	3
2671	0	2
2672	1	1
2673	0	3
2674	2	4
2675	1	1
2676	0	3
2677	1	2
2678	7	3
2679	0	5
2680	3	2
2681	3	9
2682	5	6
2683	8	2
2684	1	1
2685	0	1
2686	2	4
2687	0	2
2688	9	1
2689	0	1
2690	0	3
2691	1	1
2692	0	2
2693	2	0
2694	1	2
2695	2	4
2696	1	2
2697	0	2
2698	1	4
2699	0	3
2700	0	1
2701	0	3
2702	1	0
2703	1	1
2704	1	6
2705	1	3
2706	5	5
2707	0	2
2708	1	4
2709	2	1
2710	3	4
2711	3	4
2712	2	4
2713	0	1
2714	0	2
2715	0	3
2717	0	3
2719	1	0
2720	1	4
2721	0	6
2722	1	3
2723	0	2
2725	1	3
2726	1	0
2727	2	0
2728	1	4
2729	0	1
2730	5	13
2731	0	2
2732	1	4
2733	2	1
2734	5	1
2735	1	2
2736	1	3
2737	3	3
2738	0	2
2739	1	1
2740	2	2
2741	0	3
2742	0	9
2743	1	0
2744	0	3
2745	1	1
2746	0	3
2747	0	3
2748	2	3
2749	1	2
2750	4	2
2751	3	3
2752	2	4
2753	0	2
2754	0	1
2755	1	1
2756	0	3
2757	1	2
2758	0	1
2759	3	1
2760	0	4
2761	3	3
2762	3	1
2764	0	3
2765	1	1
2766	1	1
2767	0	1
2768	0	1
2769	0	1
2770	0	2
2773	0	2
2774	0	3
2775	0	2
2776	2	5
2777	2	3
2778	2	7
2779	2	3
2780	0	3
2782	0	3
2783	3	4
2784	1	1
2785	1	5
2786	0	3
2787	0	1
2788	0	2
2789	0	1
2790	0	3
2791	3	3
2792	5	6
2793	3	2
2794	0	5
2796	4	4
2797	2	6
2798	0	1
2799	0	4
2800	6	13
2801	1	2
2803	0	3
2804	0	4
2805	1	4
2806	0	6
2807	4	3
2808	2	5
2809	0	2
2810	4	8
2811	1	3
2812	8	8
2813	2	8
2814	0	1
2815	0	5
2816	0	1
2817	1	2
2818	0	2
2819	1	3
2820	0	1
2821	1	0
2822	4	3
2823	7	7
2824	1	3
2825	0	1
2826	0	1
2827	0	1
2828	0	1
2829	1	2
2830	1	1
2831	0	1
2832	0	2
2833	3	3
2836	1	2
2837	0	2
2838	3	3
2839	1	8
2840	0	3
2841	0	2
2842	1	0
2843	0	2
2844	0	1
2845	0	4
2846	0	3
2847	2	1
2848	3	0
2849	0	2
2850	0	1
2851	0	2
2852	0	3
2853	1	1
2854	1	6
2855	0	2
2856	1	2
2857	9	5
2858	1	6
2859	1	0
2860	0	3
2861	1	1
2862	0	3
2863	0	2
2864	1	3
2865	4	1
2866	5	2
2867	0	3
2868	0	1
2869	0	1
2870	3	0
2871	2	1
2874	4	5
2875	0	7
2876	0	3
2877	0	6
2878	1	3
2879	0	4
2880	0	2
2881	1	3
2882	3	3
2883	6	7
2884	1	2
2885	0	3
2886	2	4
2887	1	2
2888	0	2
2889	0	10
2890	1	1
2891	0	1
2892	1	7
2893	4	4
2894	0	1
2895	1	2
2896	0	4
2897	0	1
2898	2	3
2899	0	2
2900	0	1
2901	5	8
2902	3	4
2903	2	4
2904	0	1
2905	1	1
2906	1	1
2907	1	6
2909	0	2
2910	0	5
2911	0	2
2912	0	2
2913	0	2
2914	0	4
2915	0	3
2916	0	1
2917	6	11
2919	0	5
2920	1	3
2921	0	4
2922	1	2
2923	1	2
2924	0	1
2925	0	5
2926	0	3
2927	2	1
2928	1	6
2929	2	5
2930	5	5
2931	4	8
2932	3	1
2933	0	6
2934	0	4
2937	2	4
2938	2	2
2939	2	1
2940	1	3
2941	1	12
2942	0	1
2943	0	2
2944	1	1
2945	3	1
2946	1	5
2947	0	2
2948	9	6
2949	1	1
2950	0	5
2951	1	2
2952	0	3
2953	0	4
2954	0	1
2955	1	3
2956	2	2
2957	0	1
2958	1	1
2959	1	2
2960	0	1
2961	0	3
2962	0	4
2963	0	2
2964	3	4
2965	0	3
2966	1	6
2967	0	6
2968	1	3
2969	0	2
2970	7	5
2971	7	8
2972	1	2
2973	0	1
2974	0	2
2975	1	0
2976	1	2
2977	1	2
2978	1	1
2979	0	6
2980	1	1
2981	0	4
2982	2	2
2983	2	4
2984	1	2
2985	0	1
2986	0	3
2987	0	4
2988	1	2
2989	0	2
2990	0	1
2991	1	0
2992	0	4
2993	0	2
2994	1	4
2995	0	4
2996	0	3
2997	0	1
2998	0	3
2999	0	4
3000	1	5
3001	0	1
3002	3	2
3003	1	4
3004	0	4
3005	0	4
3006	1	4
3007	0	1
3008	2	3
3009	0	3
3010	0	3
3011	0	2
3012	0	1
3013	6	2
3014	0	4
3015	0	4
3016	0	6
3017	0	1
3018	0	1
3019	1	1
3020	3	8
3021	0	6
3022	7	1
3023	2	2
3024	3	2
3025	0	5
3026	0	2
3027	0	3
3028	1	5
3029	0	1
3030	0	8
3031	2	2
3032	3	3
3033	2	4
3035	0	1
3036	1	4
3037	1	5
3038	0	2
3040	3	3
3041	0	5
3043	0	1
3044	2	4
3045	0	1
3046	0	4
3047	1	2
3048	0	4
3049	1	5
3050	0	1
3051	4	3
3052	2	6
3053	3	4
3054	3	6
3055	0	2
3056	1	4
3057	0	1
3058	0	2
3060	0	3
3061	2	2
3062	8	3
3063	0	1
3064	1	2
3065	2	6
3066	4	3
3067	8	3
3068	4	5
3069	0	3
3070	2	1
3071	2	4
3072	2	5
3073	2	4
3074	1	6
3075	0	3
3076	5	9
3077	7	8
3078	0	3
3079	0	3
3080	12	2
3081	2	3
3082	0	1
3083	1	3
3084	5	4
3085	4	0
3086	7	8
3087	5	4
3088	5	3
3089	3	4
3090	1	0
3091	7	8
3092	6	6
3093	3	1
3094	5	5
3095	2	4
3096	7	4
3097	4	1
3098	4	3
3099	5	7
3100	2	4
3101	1	5
3102	0	2
3103	1	3
3105	2	8
3106	5	10
3107	2	5
3108	1	1
3109	4	3
3110	8	5
3111	0	1
3112	1	5
3113	0	3
3114	1	4
3115	2	4
3116	1	6
3117	1	7
3118	4	2
3119	0	9
3120	6	2
3121	2	3
3122	5	5
3123	2	4
3124	4	2
3125	1	1
3126	1	3
3127	5	7
3128	4	3
3129	1	6
3130	2	6
3131	4	8
3132	3	5
3133	3	1
3134	3	5
3135	2	3
3136	1	0
3137	0	1
3138	2	4
3139	5	4
3140	0	2
3141	6	7
3142	7	7
3143	5	2
3144	1	5
3145	0	4
3146	7	7
3147	2	6
3148	0	2
3149	6	0
3150	2	7
3151	2	4
3152	1	2
3153	1	4
3154	8	2
3155	3	2
3156	0	6
3157	2	4
3158	8	7
3159	10	11
3160	1	4
3161	6	1
3162	3	4
3163	7	8
3164	7	4
3165	5	5
3166	1	4
3167	1	2
3168	1	3
3169	0	1
3170	3	1
3171	4	5
3172	2	8
3173	2	4
3174	3	6
3175	2	2
3176	2	6
3177	2	4
3178	1	0
3179	0	2
3180	0	7
3181	4	3
3183	4	3
3184	7	2
3185	0	1
3186	11	7
3187	2	11
3188	0	2
3189	0	1
3190	1	4
3191	0	2
3192	0	2
3193	0	3
3194	0	2
3195	4	4
3196	3	2
3197	3	3
3198	0	1
3199	1	5
3200	2	1
3201	2	3
3202	3	2
3203	3	8
3204	0	5
3205	1	3
3206	2	0
3207	4	4
3208	4	5
3209	0	11
3210	0	6
3211	0	1
3212	2	5
3213	0	3
3214	1	3
3215	8	4
3216	1	4
3217	0	3
3218	0	2
3219	1	5
3220	0	1
3221	0	4
3222	0	1
3223	0	5
3224	7	4
3225	0	2
3226	3	7
3227	0	2
3228	1	2
3229	4	6
3230	4	7
3231	4	4
3232	0	4
3233	2	4
3234	1	3
3235	2	6
3236	4	3
3237	3	0
3238	3	1
3239	2	4
3240	3	3
3241	0	1
3242	0	2
3243	0	1
3244	14	4
3245	0	5
3246	2	2
3247	0	4
3248	5	2
3249	1	4
3250	1	1
3251	0	5
3252	0	11
3253	0	16
3254	0	18
3255	1	7
3256	0	14
3257	2	7
3258	0	8
3259	1	7
3260	1	9
3261	2	13
3262	4	7
3263	1	6
3264	1	11
3265	1	9
3266	2	13
3267	0	17
3268	7	8
3269	3	7
3270	4	11
3271	3	9
3272	0	14
3273	1	6
3274	0	9
3275	2	14
3276	0	10
3277	0	7
3278	1	7
3279	0	3
3280	3	4
3281	0	1
3282	2	3
3283	2	2
3284	0	2
3286	0	2
3287	2	5
3288	3	2
3289	2	5
3290	0	5
3291	7	4
3292	1	2
3293	1	2
3294	5	5
3295	3	2
3296	2	7
3297	1	2
3299	0	5
3300	5	6
3301	12	7
3302	2	4
3303	3	1
3304	0	7
3305	1	3
3306	1	1
3307	7	3
3308	0	5
3309	4	6
3310	8	5
3311	0	5
3312	1	2
3313	5	1
3314	4	2
3315	5	4
3316	1	3
3317	1	3
3318	2	3
3319	4	4
3320	2	5
3321	2	1
3322	0	1
3323	1	2
3324	2	2
3325	4	7
3326	6	7
3327	1	1
3328	1	3
3329	0	3
3330	4	5
3332	0	3
3333	2	2
3334	2	3
3335	2	2
3336	4	5
3337	1	1
3338	0	1
3339	0	3
3340	1	2
3341	0	3
3342	1	1
3343	0	2
3344	0	3
3345	5	1
3346	1	3
3347	1	2
3349	0	1
3350	1	2
3351	0	4
3352	1	2
3353	1	8
3354	2	2
3355	3	7
3356	5	5
3357	4	3
3358	6	2
3359	1	4
3360	0	3
3361	1	4
3362	5	7
3363	2	8
3364	0	1
3365	9	7
3366	2	4
3367	3	4
3368	4	6
3369	2	5
3370	2	4
3372	0	2
3373	0	5
3374	5	8
3375	2	3
3376	3	2
3377	4	2
3378	2	1
3379	0	5
3380	0	1
3381	1	5
3382	3	1
3385	0	6
3386	1	2
3387	1	1
3388	5	7
3389	3	1
3390	1	4
3391	3	1
3392	8	3
3393	2	3
3394	3	2
3395	3	6
3396	11	3
3397	10	10
3398	0	4
3399	1	3
3400	0	4
3401	1	2
3402	5	4
3403	2	2
3404	2	7
3405	1	2
3406	9	9
3407	4	1
3408	6	4
3409	6	8
3410	0	1
3411	1	7
3412	0	2
3413	3	2
3414	0	3
3415	0	4
3416	0	2
3417	1	4
3418	0	3
3419	9	7
3420	4	3
3421	3	6
3422	1	4
3423	1	2
3424	3	0
3425	0	1
3426	0	4
3427	0	4
3428	2	2
3429	0	5
3430	2	7
3431	0	3
3432	0	1
3433	0	2
3435	1	0
3436	2	5
3437	3	2
3438	0	1
3439	0	2
3440	0	3
3441	3	4
3442	4	3
3443	0	3
3444	0	3
3445	0	3
3446	3	5
3447	18	5
3448	0	1
3449	0	5
3450	5	6
3451	8	6
3452	1	4
3453	0	1
3454	1	3
3456	0	2
3457	2	3
3458	0	1
3459	1	2
3460	0	6
3461	1	3
3462	3	4
3464	1	1
3465	1	3
3466	1	2
3467	0	2
3468	0	4
3469	0	4
3470	1	2
3471	1	1
3472	1	2
3473	0	2
3474	0	1
3475	1	4
3476	0	1
3477	1	2
3478	1	3
3479	1	1
3480	0	4
3481	4	4
3482	3	6
3483	6	4
3484	2	1
3485	0	2
3486	2	7
3487	1	3
3488	1	1
3489	1	1
3490	0	2
3491	0	3
3492	0	1
3493	1	2
3494	0	4
3495	0	2
3496	2	2
3497	1	4
3498	1	1
3499	5	4
3500	3	5
3501	3	2
3503	0	3
3504	2	1
3505	1	3
3506	0	5
3507	2	1
3508	2	4
3509	4	2
3510	0	1
3511	0	3
3512	1	3
3513	0	2
3514	0	2
3515	6	10
3516	4	7
3517	0	1
3518	0	1
3519	0	1
3520	0	1
3521	0	1
3522	2	3
3523	13	4
3524	3	2
3525	8	6
3526	3	2
3527	3	2
3528	2	3
3529	0	3
3530	2	2
3531	2	2
3532	3	4
3533	0	2
3534	1	4
3535	0	3
3536	0	4
3537	1	2
3538	1	0
3539	3	5
3540	4	1
3541	5	2
3542	3	1
3543	6	2
3544	0	1
3545	2	2
3546	0	2
3547	1	0
3548	0	1
3549	3	5
3550	5	3
3551	0	2
3552	3	1
3553	3	5
3554	3	8
3555	0	8
3556	0	3
3557	3	5
3558	0	3
3559	0	5
3560	0	1
3561	0	4
3562	1	3
3563	2	8
3564	11	13
3565	1	1
3566	0	1
3567	0	4
3568	2	2
3569	1	0
3570	1	4
3571	3	6
3572	1	6
3573	0	1
3574	0	4
3576	2	3
3577	0	3
3578	0	1
3579	1	2
3581	5	11
3582	2	1
3583	4	6
3584	12	6
3585	11	5
3586	2	1
3587	0	3
3588	1	2
3589	0	7
3590	0	2
3591	0	2
3592	0	3
3593	0	3
3594	1	6
3595	0	1
3596	1	3
3597	7	6
3598	5	4
3599	1	5
3600	3	6
3601	0	2
3602	0	4
3603	0	2
3604	5	5
3605	3	5
3606	3	2
3607	4	1
3608	1	6
3609	1	1
3610	4	3
3611	3	2
3612	4	3
3613	2	0
3614	7	2
3615	2	7
3616	3	4
3617	0	2
3618	0	2
3619	3	3
3620	4	5
3621	0	5
3622	1	1
3623	1	2
3624	0	4
3625	4	7
3626	3	5
3627	0	2
3628	12	12
3629	3	4
3630	1	2
3631	0	2
3632	1	1
3633	1	2
3634	0	5
3635	3	4
3636	3	1
3637	0	1
3639	1	2
3640	0	3
3641	1	2
3642	3	1
3643	2	2
3644	1	3
3646	1	1
3647	2	1
3648	2	5
3650	0	1
3651	2	5
3652	1	1
3653	0	2
3654	2	1
3655	2	3
3656	0	1
3657	0	2
3659	0	6
3660	7	4
3661	0	5
3662	4	6
3663	1	1
3664	0	2
3665	1	1
3666	0	4
3667	0	3
3668	0	1
3669	0	1
3671	1	2
3672	0	4
3673	1	0
3674	1	3
3675	5	5
3676	1	3
3677	2	9
3678	4	5
3679	11	6
3680	4	6
3681	1	3
3682	1	5
3683	2	3
3684	3	1
3685	0	3
3686	0	2
3687	1	2
3688	0	3
3689	4	5
3690	5	8
3691	6	6
3692	2	0
3693	2	4
3694	4	5
3695	6	5
3696	2	3
3697	1	3
3698	2	1
3699	2	5
3700	0	8
3701	0	4
3702	1	2
3703	0	6
3704	2	2
3705	1	1
3706	0	1
3707	2	5
3708	4	4
3709	3	5
3710	0	2
3711	0	5
3712	0	2
3713	0	4
3714	0	1
3715	0	8
3716	1	0
3717	0	1
3718	1	1
3719	0	1
3720	1	1
3721	0	1
3722	0	4
3723	0	4
3724	1	0
3725	1	2
3726	2	1
3727	0	2
3728	0	1
3729	0	4
3730	5	5
3731	0	1
3734	2	2
3736	4	3
3737	0	1
3738	0	3
3739	0	2
3741	1	1
3742	0	3
3743	2	7
3744	1	3
3745	1	0
3746	0	3
3747	2	1
3748	2	2
3749	1	1
3750	1	2
3751	0	1
3752	1	2
3753	1	3
3754	1	1
3755	1	0
3756	0	4
3757	1	2
3758	1	2
3759	1	4
3760	4	7
3761	4	1
3762	1	1
3763	3	3
3764	6	6
3765	5	3
3766	1	1
3767	0	2
3768	1	1
3769	2	6
3770	0	2
3771	3	4
3772	4	7
3773	2	5
3775	1	4
3776	0	3
3777	1	2
3778	1	3
3779	1	7
3780	1	2
3781	0	5
3782	0	3
3783	0	1
3784	0	2
3785	0	4
3786	0	1
3787	2	4
3788	11	12
3789	8	9
3790	2	8
3791	1	5
3792	2	3
3793	2	5
3794	6	7
3795	5	1
3796	2	9
3797	0	10
3798	6	7
3799	1	1
3800	2	2
3801	0	4
3802	0	1
3803	0	5
3804	0	3
3805	4	5
3806	4	4
3807	0	3
3808	1	4
3809	3	11
3810	0	4
3811	2	2
3812	5	2
3813	0	2
3814	1	2
3815	1	4
3816	2	2
3817	4	3
3818	2	2
3819	8	6
3820	1	8
3821	4	1
3822	0	4
3823	1	4
3824	2	4
3825	3	5
3826	1	1
3827	2	3
3828	0	7
3829	1	1
3830	5	3
3831	7	4
3832	0	7
3833	0	1
3834	1	1
3835	0	1
3836	4	1
3837	1	1
3838	0	5
3839	0	4
3840	1	6
3841	1	2
3842	0	3
3843	1	1
3844	0	3
3845	1	2
3846	2	5
3847	1	0
3848	1	1
3849	0	3
3850	1	2
3851	1	4
3852	1	3
3853	4	3
3854	0	2
3855	6	3
3856	2	2
3857	0	2
3858	2	3
3859	6	9
3860	0	4
3861	0	3
3862	0	3
3863	0	1
3864	2	3
3865	4	3
3866	0	7
3867	0	2
3869	3	2
3870	0	3
3871	0	2
3872	2	1
3873	3	4
3874	2	3
3875	2	3
3876	10	8
3877	2	0
3878	2	4
3879	0	3
3880	1	4
3881	5	5
3882	4	5
3883	5	7
3884	1	1
3885	0	2
3886	0	5
3887	3	7
3888	1	2
3889	1	2
3890	3	6
3891	4	1
3892	0	4
3893	1	1
3894	5	4
3895	4	4
3896	2	0
3897	1	8
3898	3	6
3899	3	8
3900	2	4
3901	2	5
3902	8	14
3903	4	3
3904	3	6
3905	3	3
3906	3	3
3907	0	3
3908	0	7
3910	2	5
3911	1	1
3912	0	3
3913	0	1
3914	1	4
3915	0	2
3916	0	2
3917	1	3
3918	1	2
3919	0	1
3920	3	1
3921	5	3
3922	2	3
3923	1	5
3924	2	1
3925	3	0
3926	5	6
3927	0	1
3928	9	13
3929	0	5
3930	1	6
3931	5	4
3932	3	5
3933	0	3
3934	1	6
3935	4	5
3936	2	5
3938	0	4
3939	0	2
3940	0	1
3941	0	4
3942	1	1
3943	2	4
3944	5	3
3946	7	5
3947	1	1
3948	13	12
3949	1	3
3951	0	1
3952	1	5
3954	0	5
3955	1	0
3956	0	1
3957	1	0
3958	0	2
3959	2	5
3960	0	2
3961	2	8
3962	4	1
3963	3	2
3964	1	2
3966	1	4
3967	0	2
3968	2	1
3969	0	3
3970	0	4
3971	1	3
3972	0	2
3973	2	6
3974	2	3
3975	2	4
3976	3	5
3977	6	10
3978	6	7
3979	4	10
3980	1	6
3981	5	6
3982	5	6
3983	2	4
3984	4	9
3985	2	5
3986	4	4
3987	3	6
3988	1	8
3989	1	13
3990	2	4
3991	0	7
3992	4	7
3993	7	8
3994	4	1
3996	0	2
3997	1	3
3998	2	1
3999	0	3
4000	0	2
4001	1	2
4002	0	5
4003	0	5
4004	0	1
4005	4	3
4006	3	2
4007	2	5
4008	2	8
4009	0	4
4010	6	6
4011	2	1
4012	0	3
4013	2	2
4014	0	6
4016	1	7
4017	0	4
4018	0	4
4019	1	4
4020	1	4
4021	0	9
4022	0	2
4023	3	9
4024	1	4
4025	0	3
4026	0	4
4027	3	5
4028	0	2
4029	0	5
4030	3	6
4031	7	2
4032	4	11
4033	2	5
4034	2	3
4035	1	3
4036	4	2
4037	1	1
4038	1	5
4039	2	4
4040	2	4
4041	0	8
4042	2	2
4043	1	2
4044	8	8
4045	1	2
4046	0	4
4047	5	4
4048	0	5
4049	0	3
4050	1	4
4051	1	5
4052	0	4
4053	5	1
4054	0	3
4055	0	1
4056	5	4
4057	3	2
4058	0	2
4059	3	4
4060	1	5
4061	1	7
4062	0	1
4063	0	5
4064	1	2
4065	7	5
4066	3	3
4067	0	2
4068	0	5
4069	0	5
4070	0	7
4071	0	4
4072	2	4
4073	0	2
4075	6	4
4076	10	5
4077	8	6
4080	0	1
4081	1	0
4082	4	8
4083	0	1
4084	4	3
4085	0	1
4086	0	3
4087	1	2
4088	5	4
4089	4	2
4090	2	5
4091	3	4
4092	7	8
4093	7	3
4094	3	4
4095	0	1
4096	3	4
4097	0	1
4098	0	5
4099	1	1
4100	0	1
4101	4	1
4102	3	2
4103	2	5
4104	1	1
4105	4	2
4106	7	3
4107	2	3
4108	1	1
4109	0	4
4110	0	3
4111	0	4
4112	4	6
4113	1	2
4114	1	8
4115	2	10
4116	3	4
4117	7	4
4118	2	5
4119	2	4
4120	1	3
4121	0	3
4122	0	3
4123	2	5
4124	5	13
4125	4	5
4126	2	1
4127	2	2
4128	4	3
4129	8	5
4130	2	4
4131	1	3
4132	7	3
4133	5	4
4134	5	4
4135	2	2
4136	1	5
4137	2	3
4139	0	2
4140	0	3
4141	0	2
4142	1	2
4143	0	1
4144	4	7
4145	1	2
4146	1	2
4147	1	5
4148	5	6
4149	6	1
4150	6	3
4151	4	2
4152	1	4
4153	3	8
4154	7	3
4155	1	3
4156	4	6
4157	8	6
4158	2	1
4159	3	4
4160	2	1
4161	3	10
4162	1	9
4163	0	3
4164	0	2
4165	4	1
4166	2	1
4167	3	3
4168	0	2
4169	0	4
4170	0	3
4171	1	5
4172	2	6
4173	4	1
4174	1	2
4175	0	2
4176	1	4
4177	4	6
4178	7	9
4179	4	1
4180	0	1
4181	0	1
4182	1	3
4183	1	3
4185	3	2
4186	1	4
4187	0	4
4188	3	3
4189	2	1
4190	0	5
4191	1	1
4192	0	3
4193	6	9
4194	3	2
4195	1	3
4196	0	2
4197	1	3
4198	3	2
4199	1	7
4200	4	4
4201	4	2
4202	1	2
4203	0	1
4204	4	5
4205	1	7
4206	5	5
4207	1	0
4208	0	1
4209	0	2
4210	1	2
4211	0	5
4212	0	1
4213	0	1
4214	2	2
4215	3	3
4216	2	4
4217	3	4
4218	2	2
4219	1	4
4220	0	5
4221	1	2
4222	3	6
4223	0	1
4225	1	1
4226	2	7
4227	2	6
4228	3	6
4229	0	5
4230	10	4
4231	3	4
4232	5	3
4233	0	1
4234	1	2
4235	0	2
4236	2	4
4237	1	2
4238	0	2
4240	3	1
4241	0	1
4242	0	1
4243	1	7
4244	2	2
4245	4	5
4247	2	4
4248	1	2
4249	6	5
4250	0	1
4251	1	2
4252	0	2
4253	4	6
4254	7	1
4255	5	5
4256	0	6
4257	0	4
4259	0	2
4260	2	6
4261	6	4
4262	0	4
4263	2	4
4264	1	2
4265	0	1
4266	1	12
4267	1	11
4268	3	13
4269	1	8
4270	3	10
4271	0	10
4272	2	9
4273	2	11
4274	3	15
4275	2	13
4276	0	13
4277	1	6
4278	1	8
4279	1	11
4280	1	12
4281	0	10
4282	0	8
4283	3	11
4284	1	12
4285	0	16
4286	0	10
4287	0	8
4288	2	11
4289	0	9
4290	0	8
4291	5	4
4292	9	1
4293	1	2
4294	0	5
4295	0	11
4296	1	9
4297	1	10
4298	0	10
4299	1	13
4300	0	9
4301	2	8
4302	0	8
4303	2	3
4304	0	7
4305	1	9
4306	1	10
4307	1	13
4308	2	13
4309	0	11
4310	2	13
4311	1	15
4312	2	12
4313	0	1
4314	1	11
4315	0	7
4316	1	9
4317	0	11
4318	0	16
4319	1	7
4320	4	9
4321	3	11
4322	4	3
4323	3	3
4324	0	1
4325	0	1
4327	0	1
4328	0	4
4330	1	5
4331	0	5
4332	7	4
4333	1	1
4334	2	3
4335	0	1
4336	0	2
4337	3	3
4338	0	1
4339	6	6
4340	0	1
4341	0	1
4342	2	1
4343	0	1
4344	1	3
4345	0	3
4346	1	2
4347	0	4
4348	2	1
4349	0	2
4350	1	1
4351	1	2
4352	1	1
4353	0	3
4354	1	4
4355	3	2
4356	2	1
4357	4	1
4358	1	2
4359	5	5
4360	0	2
4361	7	5
4362	3	5
4363	5	6
4364	2	3
4365	2	3
4366	2	0
4367	0	3
4368	0	3
4369	1	4
4370	1	5
4371	1	1
4372	0	3
4373	1	2
4374	2	4
4375	2	9
4376	3	0
4377	5	9
4378	4	2
4379	0	3
4380	1	3
4381	9	3
4382	1	4
4383	0	2
4384	0	5
4385	0	4
4386	0	4
4387	3	2
4388	2	2
4389	13	8
4390	3	4
4391	2	7
4392	2	2
4393	6	4
4394	8	8
4395	1	3
4396	3	4
4397	4	11
4398	6	7
4399	7	5
4400	2	10
4401	0	3
4402	2	2
4403	1	2
4404	1	0
4405	0	2
4406	0	3
4407	0	1
4408	1	1
4409	3	2
4410	0	6
4411	1	2
4412	1	5
4413	1	5
4414	1	3
4415	1	2
4416	1	1
4417	1	3
4418	2	0
4419	1	3
4420	3	4
4421	5	10
4422	4	6
4423	3	2
4424	2	4
4425	4	2
4426	2	1
4427	7	2
4428	7	8
4429	0	9
4430	2	5
4431	4	5
4432	5	5
4433	4	3
4434	4	7
4435	4	5
4436	2	2
4437	3	5
4438	3	3
4439	4	3
4440	4	5
4441	5	2
4442	0	1
4443	1	4
4444	4	7
4445	3	6
4446	0	2
4447	1	2
4448	0	2
4449	0	2
4450	1	3
4451	2	2
4452	0	4
4453	1	4
4454	1	1
4455	0	3
4456	1	3
4457	0	4
4458	1	4
4459	1	1
4460	0	3
4461	3	0
4462	3	6
4463	1	4
4464	1	1
4465	2	4
4466	0	4
4467	1	1
4468	8	4
4469	5	4
4470	6	7
4471	2	5
4472	3	3
4473	12	7
4474	7	4
4475	2	5
4476	1	3
4477	6	4
4478	0	1
4479	1	1
4480	0	5
4481	0	3
4482	2	4
4483	1	0
4484	4	10
4485	3	4
4486	2	3
4487	1	3
4488	1	5
4489	1	3
4490	1	5
4491	0	3
4492	3	7
4493	2	2
4494	0	3
4495	0	5
4496	5	6
4497	1	1
4498	4	2
4499	2	3
4500	2	0
4501	10	0
4502	3	2
4503	5	3
4504	0	6
4505	8	4
4506	1	9
4507	3	9
4508	3	3
4509	0	4
4510	7	7
4511	3	0
4512	0	3
4513	1	7
4514	0	7
4515	4	6
4516	8	5
4517	2	2
4518	1	3
4519	1	4
4520	4	3
4521	3	5
4522	3	5
4523	3	9
4524	2	2
4525	0	7
4527	5	2
4528	4	10
4529	3	2
4530	2	8
4531	0	1
4532	3	8
4533	1	3
4534	1	1
4535	0	2
4536	3	5
4537	0	4
4539	4	3
4540	8	8
4541	0	2
4542	0	1
4543	2	4
4544	0	2
4545	1	2
4546	1	2
4547	1	0
4548	1	4
4549	2	2
4550	1	1
4551	2	1
4552	3	4
4553	2	3
4554	3	6
4555	0	3
4556	4	3
4557	5	5
4558	0	3
4559	1	4
4560	2	0
4561	0	6
4562	1	2
4563	3	6
4564	1	2
4566	1	4
4567	3	3
4568	3	6
4569	0	4
4570	1	6
4571	1	3
4572	1	0
4573	1	2
4574	0	2
4575	0	2
4576	0	1
4577	6	4
4578	3	4
4579	2	4
4580	2	1
4581	0	4
4582	1	3
4583	0	1
4585	0	2
4586	1	2
4587	1	1
4588	1	4
4590	0	4
4591	2	2
4592	0	2
4593	0	4
4594	0	4
4595	1	3
4596	0	3
4597	0	2
4598	0	2
4600	1	5
4601	1	4
4602	1	1
4603	0	1
4604	2	2
4605	4	7
4606	4	4
4607	1	3
4608	1	3
4609	1	5
4610	1	1
4611	1	0
4612	0	4
4613	0	1
4614	0	2
4615	0	1
4616	1	1
4617	0	4
4618	0	2
4619	1	2
4620	1	2
4621	0	1
4622	2	0
4623	0	2
4624	1	0
4625	0	3
4626	2	2
4627	0	4
4628	0	2
4629	2	4
4630	0	4
4631	1	3
4632	1	1
4633	1	2
4634	0	4
4635	0	1
4636	1	1
4637	1	4
4638	2	5
4639	2	1
4640	1	5
4641	1	4
4642	3	2
4643	0	2
4644	0	3
4645	0	2
4646	1	4
4647	0	3
4648	3	4
4649	2	3
4650	1	3
4651	4	5
4652	1	1
4653	0	1
4654	1	4
4655	6	5
4656	7	8
4657	3	3
4658	6	4
4659	0	4
4660	0	2
4661	5	2
4662	5	6
4663	5	6
4664	4	2
4665	3	3
4666	0	2
4667	4	4
4669	0	3
4670	1	4
4671	1	2
4672	1	2
4673	0	3
4674	3	8
4675	0	3
4676	2	1
4677	5	4
4678	0	5
4679	2	8
4680	4	5
4681	0	2
4682	5	9
4683	2	1
4684	2	2
4685	3	4
4686	0	4
4687	0	5
4688	0	3
4689	1	2
4690	1	4
4691	2	11
4692	5	1
4693	10	2
4695	1	0
4696	0	3
4698	0	2
4699	5	7
4700	2	6
4701	3	3
4702	0	4
4703	10	6
4704	2	2
4705	9	3
4706	6	4
4707	3	3
4708	5	5
4709	5	10
4710	10	7
4711	5	7
4712	3	4
4713	1	4
4716	1	3
4717	0	2
4718	1	3
4719	1	3
4721	1	4
4722	3	2
4723	2	5
4724	0	1
4725	0	2
4726	1	1
4727	1	5
4728	0	7
4729	1	3
4730	5	0
4731	8	10
4733	0	4
4734	1	3
4735	1	6
4736	1	2
4737	0	3
4738	0	1
4739	0	2
4740	0	3
4741	1	4
4742	1	1
4743	0	2
4745	1	2
4746	1	2
4747	6	8
4748	2	1
4749	1	1
4750	6	3
4751	3	1
4752	2	4
4753	0	3
4754	0	1
4755	0	7
4756	0	3
4757	3	0
4758	0	5
4759	0	3
4760	1	8
4761	7	6
4762	0	1
4763	0	4
4764	0	1
4765	1	0
4766	1	2
4767	0	4
4768	3	2
4769	3	2
4770	1	4
4771	1	2
4772	0	4
4773	1	4
4774	1	2
4776	3	4
4777	6	6
4778	5	8
4779	5	9
4780	7	4
4781	0	2
4783	0	2
4784	1	5
4785	1	3
4786	1	0
4787	0	5
4788	0	5
4789	0	3
4790	3	5
4791	1	4
4792	6	4
4793	3	1
4794	0	1
4795	4	1
4796	3	5
4797	2	7
4798	6	6
4799	2	3
4800	7	6
4801	2	4
4802	4	1
4803	1	0
4804	4	3
4805	1	4
4806	0	2
4807	1	1
4808	4	1
4809	1	5
4810	3	8
4811	2	4
4812	0	4
4813	1	1
4814	0	2
4815	1	5
4816	0	2
4818	3	3
4819	6	8
4820	0	3
4821	0	6
4822	1	8
4823	3	13
4824	2	13
4825	1	8
4826	2	14
4827	0	11
4828	2	12
4829	2	11
4830	1	7
4831	0	13
4832	0	6
4833	1	10
4834	1	9
4835	5	7
4836	2	1
4837	3	5
4839	0	3
4840	1	2
4841	7	2
4842	3	2
4843	5	2
4844	2	16
4845	0	9
4846	2	5
4847	0	8
4848	0	10
4849	3	12
4850	1	10
4851	2	10
4852	0	11
4853	2	9
4854	2	7
4855	1	7
4856	1	10
4857	3	8
4858	2	6
4859	1	5
4860	3	8
4861	0	8
4862	0	13
4863	1	6
4864	0	7
4865	0	8
4866	1	12
4867	1	11
4868	1	5
4869	4	7
4870	0	6
4871	0	14
4872	1	11
4873	0	14
4874	0	9
4875	3	10
4876	3	9
4877	0	10
4878	2	13
4879	1	12
4880	3	10
4881	0	10
4882	4	8
4883	9	4
4884	2	4
4885	1	3
4887	2	2
4888	1	7
4889	5	2
4890	1	1
4891	3	3
4892	1	7
4893	0	2
4894	1	11
4895	2	8
4896	5	3
4897	3	2
4898	3	4
4899	3	8
4900	1	2
4901	5	4
4902	3	2
4903	5	3
4904	4	5
4905	2	6
4906	5	7
4907	4	5
4908	2	1
4909	1	3
4910	4	1
4911	4	3
4912	0	6
4913	1	3
4914	0	1
4915	0	5
4916	6	4
4917	5	5
4918	1	4
4919	1	7
4920	0	1
4921	0	1
4922	0	2
4923	5	9
4924	0	3
4925	1	5
4926	2	4
4927	3	1
4928	1	5
4929	1	2
4930	2	2
4931	0	4
4932	3	4
4933	8	7
4934	1	3
4935	1	5
4936	2	5
4937	5	3
4938	9	5
4939	4	5
4940	10	5
4941	2	7
4942	4	2
4943	2	3
4945	1	4
4946	3	3
4947	1	7
4948	1	2
4949	1	5
4950	4	3
4951	4	3
4952	5	2
4953	3	2
4954	3	2
4955	3	3
4956	3	0
4957	0	3
4958	0	3
4959	0	1
4960	8	5
4961	6	4
4962	1	3
4963	5	1
4964	3	3
4965	0	2
4966	0	2
4967	2	2
4968	1	7
4969	9	4
4970	3	4
4971	3	5
4972	4	6
4973	3	8
4974	0	2
4975	0	2
4976	2	2
4977	1	2
4978	0	3
4979	1	1
4980	0	2
4981	2	0
4982	2	1
4983	1	3
4984	1	6
4985	1	5
4986	1	2
4987	2	1
4988	0	2
4989	0	2
4990	0	4
4991	0	4
4992	0	1
4993	0	5
4994	0	2
4995	0	3
4996	0	1
4997	0	2
4998	1	1
4999	3	3
5000	1	3
5001	8	8
5002	4	2
5003	3	2
5004	15	10
5005	10	7
5006	6	4
5007	1	4
5008	8	2
5009	2	2
5010	1	0
5011	0	5
5012	2	4
5013	5	4
5014	2	5
5015	0	3
5016	1	3
5017	4	2
5018	1	4
5019	0	1
5020	0	1
5021	5	6
5022	0	1
5023	5	4
5024	3	4
5025	1	2
5026	3	3
5027	0	1
5028	0	6
5030	1	2
5031	2	6
5032	3	11
5033	1	3
5034	0	1
5035	0	3
5036	1	2
5037	0	5
5038	1	2
5039	4	7
5040	3	3
5041	1	2
5042	0	2
5043	5	2
5044	1	2
5045	1	3
5046	3	3
5047	4	2
5048	6	2
5049	0	2
5050	0	2
5051	0	4
5052	2	6
5053	1	1
5054	2	2
5055	0	2
5056	1	1
5057	1	6
5058	2	3
5059	1	3
5060	0	3
5061	2	3
5062	0	1
5063	0	4
5064	4	1
5065	1	0
5066	2	3
5068	0	2
5069	1	4
5070	0	1
5071	1	2
5072	0	4
5073	3	4
5074	6	7
5075	5	6
5076	1	2
5077	1	0
5078	0	1
5080	1	2
5081	1	2
5082	1	2
5083	2	3
5084	0	2
5085	1	3
5086	2	2
5087	0	3
5088	2	2
5089	0	2
5090	1	1
5091	0	5
5092	3	3
5093	6	6
5094	1	4
5095	0	2
5096	0	4
5097	2	3
5098	2	1
5099	3	2
5101	6	3
5102	1	2
5103	6	1
5104	3	5
5105	3	11
5106	1	11
5107	2	9
5108	0	10
5109	3	15
5110	2	10
5111	0	14
5112	0	13
5113	2	13
5114	2	8
5115	2	11
5116	4	15
5117	3	8
5118	7	5
5119	2	2
5120	3	6
5121	1	2
5122	0	3
5123	2	2
5124	1	1
5125	0	4
5126	1	4
5127	5	6
5128	3	6
5129	9	12
5130	6	1
5131	1	0
5132	10	5
5133	2	4
5134	0	3
5135	0	4
5136	2	6
5137	3	3
5138	6	8
5139	4	4
5140	2	6
5141	7	2
5142	2	3
5143	1	4
5144	0	2
5145	2	0
5146	2	1
5147	0	7
5148	4	5
5149	5	6
5150	2	4
5151	4	2
5152	3	8
5153	0	4
5154	3	2
5155	0	4
5156	0	2
5157	0	1
5158	1	3
5159	2	4
5160	1	3
5161	4	4
5162	3	6
5163	0	1
5164	3	4
5165	2	1
5166	1	1
5167	0	2
5168	1	0
5169	1	3
5170	1	1
5171	0	1
5172	3	3
5174	0	2
5175	2	2
5176	5	8
5177	4	4
5178	11	6
5179	0	3
5180	0	2
5181	3	2
5182	3	7
5183	4	3
5184	7	9
5185	9	5
5186	1	2
5187	0	3
5189	1	4
5190	0	1
5191	0	1
5192	0	5
5193	0	1
5194	0	9
5195	3	4
5196	2	6
5197	2	1
5198	3	3
5199	0	3
5200	5	2
5201	0	2
5202	4	5
5203	0	4
5204	1	3
5205	0	5
5206	0	4
5207	1	1
5208	7	7
5209	2	8
5210	2	3
5211	2	3
5212	5	3
5213	7	3
5214	0	2
5215	0	3
5216	1	4
5217	1	1
5218	11	7
5219	1	4
5221	0	2
5222	0	9
5223	0	3
5224	1	3
5225	1	1
5226	3	3
5227	5	6
5228	5	5
5229	3	8
5230	0	14
5231	0	14
5232	1	13
5233	1	16
5234	4	7
5235	0	5
5236	4	12
5237	0	17
5238	2	7
5239	2	10
5240	1	9
5241	2	6
5242	1	7
5243	2	12
5244	4	9
5245	4	5
5246	3	3
5247	4	10
5248	2	4
5249	8	2
5250	1	0
5251	2	2
5252	0	3
5253	1	0
5254	0	5
5255	0	4
5256	3	5
5257	7	4
5258	11	2
5259	0	3
5260	2	6
5261	0	3
5262	1	3
5263	1	3
5264	2	3
5265	6	3
5266	7	0
5267	5	9
5268	2	3
5269	3	0
5270	5	4
5271	0	3
5273	3	3
5274	2	2
5275	4	3
5276	1	1
5277	2	2
5278	1	4
5279	1	1
5280	3	6
5281	3	2
5282	3	4
5283	1	5
5284	3	2
5285	1	3
5286	1	1
5287	1	5
5288	1	2
5289	5	3
5290	1	3
5292	4	3
5293	1	4
5294	3	2
5295	1	5
5296	1	3
5297	1	6
5298	7	6
5299	4	8
5300	8	5
5301	1	4
5302	1	1
5303	2	4
5304	1	7
5305	3	4
5306	3	3
5307	0	2
5308	1	0
5309	0	8
5310	1	1
5311	1	4
5312	0	1
5313	6	3
5314	6	6
5315	6	3
5316	0	3
5317	0	2
5318	1	1
5319	0	4
5320	1	3
5321	2	3
5322	2	3
5323	5	1
5324	0	4
5325	0	4
5326	1	4
5327	3	1
5328	3	3
5329	3	3
5330	6	6
5331	3	1
5332	5	5
5333	4	1
5334	7	7
5335	1	9
5336	1	4
5337	3	2
5338	4	4
5339	7	6
5340	9	7
5341	3	5
5342	2	0
5343	1	1
5344	1	2
5345	1	4
5346	1	5
5347	0	1
5348	1	2
5349	2	2
5350	0	2
5351	3	4
5352	2	3
5353	0	3
5354	3	3
5355	0	3
5357	2	4
5358	3	2
5359	3	5
5360	3	3
5362	3	3
5363	0	2
5365	3	1
5366	1	2
5367	1	4
5368	1	2
5369	0	3
5370	0	1
5371	0	2
5372	0	2
5373	1	2
5374	0	2
5375	0	2
5376	0	1
5377	0	2
5379	2	4
5380	8	4
5381	5	3
5383	1	2
5384	1	5
5385	3	2
5386	0	7
5387	1	1
5388	1	4
5389	1	4
5390	5	1
5391	2	3
5392	2	5
5393	3	6
5394	4	3
5395	5	5
5396	7	9
5397	9	8
5398	4	3
5399	2	2
5400	1	1
5401	1	3
5402	4	3
5403	1	2
5405	0	1
5406	2	5
5407	4	3
5408	2	7
5409	4	6
5410	3	5
5411	1	4
5412	1	1
5413	0	4
5414	1	4
5415	0	3
5416	3	6
5417	2	8
5418	1	5
5419	1	9
5420	0	2
5421	1	4
5422	2	3
5423	1	1
5426	2	4
5427	0	2
5428	1	1
5429	0	2
5430	2	1
5431	8	8
5432	4	4
5433	1	6
5434	4	7
5435	7	5
5436	13	1
5437	5	4
5438	4	2
5439	5	1
5440	1	3
5441	2	6
5442	10	8
5443	4	4
5444	1	6
5445	3	6
5446	5	3
5447	6	7
5448	2	6
5449	3	4
5450	7	7
5451	4	9
5452	1	2
5453	1	4
5454	3	7
5455	3	1
5456	0	4
5457	2	5
5458	8	6
5459	10	7
5460	5	6
5461	5	1
5462	10	6
5463	3	3
5464	3	5
5465	2	1
5466	7	6
5467	0	7
5468	0	2
5469	5	8
5470	4	7
5471	2	13
5472	1	18
5473	1	17
5474	1	5
5475	0	10
5476	2	11
5477	3	12
5478	0	9
5479	1	11
5480	0	11
5481	2	13
5482	1	14
5483	2	10
5484	2	11
5485	0	10
5486	2	11
5487	1	13
5488	0	16
5489	4	10
5490	3	8
5491	4	5
5492	5	11
5493	1	7
5494	5	1
5495	10	0
5496	1	1
5497	0	4
5498	3	0
5499	7	6
5500	1	3
5501	4	7
5502	3	2
5503	1	7
5504	2	5
5505	1	5
5506	3	2
5507	2	1
5508	7	9
5509	0	6
5510	4	3
5511	7	5
5512	2	8
5513	6	4
5514	3	2
5515	2	3
5516	1	2
5517	2	6
5518	2	1
5519	6	7
5520	5	6
5521	1	4
5522	1	2
5523	6	4
5524	9	7
5525	1	5
5526	4	4
5527	1	5
5528	2	8
5529	1	2
5530	3	3
5532	0	2
5533	2	2
5534	2	2
5535	1	3
5536	1	1
5537	2	6
5538	4	4
5539	2	3
5540	2	2
5541	3	2
5542	3	3
5543	6	4
5544	2	1
5545	2	3
5546	5	1
5547	3	5
5548	3	4
5549	4	4
5550	4	2
5551	4	7
5552	0	3
5553	8	3
5554	2	4
5555	4	1
5556	5	8
5557	3	7
5558	3	2
5559	1	5
5560	3	4
5561	3	4
5562	2	3
5563	4	5
5564	5	4
5565	2	2
5566	0	4
5567	3	4
5568	1	2
5569	1	1
5570	5	3
5571	5	3
5572	0	2
5573	4	5
5574	4	4
5575	1	4
5576	2	4
5577	6	6
5578	3	2
5579	1	3
5580	3	3
5581	2	2
5582	0	1
5583	3	4
5584	4	4
5585	6	2
5586	2	5
5587	8	1
5588	3	8
5589	9	8
5590	8	6
5591	2	4
5592	0	2
5593	0	1
5594	0	2
5595	6	5
5596	3	4
5597	1	4
5598	2	4
5599	1	6
5600	5	5
5601	3	2
5602	3	6
5603	2	2
5604	0	3
5605	7	3
5606	6	4
5607	0	1
5608	1	4
5609	3	5
5610	4	3
5611	5	5
5612	10	7
5613	1	3
5614	1	1
5615	1	3
5616	1	3
5617	0	3
5618	1	1
5619	2	3
5620	4	5
5621	4	3
5622	1	3
5623	5	6
5624	4	3
5625	7	9
5626	4	2
5627	7	6
5628	1	1
5629	0	3
5630	0	2
5631	3	0
5632	4	0
5633	1	1
5634	3	3
5635	4	4
5636	5	6
5637	3	1
5638	7	5
5639	0	2
5640	2	3
5641	0	4
5642	1	1
5644	0	3
5645	4	7
5646	9	5
5647	9	2
5648	3	2
5649	1	1
5650	0	3
5651	4	1
5652	1	3
5653	0	3
5654	3	2
5655	5	2
5656	2	2
5657	0	7
5658	1	4
5659	2	3
5660	1	2
5661	3	3
5662	2	4
5663	1	2
5664	0	1
5665	2	6
5666	5	1
5667	0	3
5668	2	3
5669	4	5
5670	2	4
5671	0	1
5672	3	5
5673	2	2
5674	0	4
5675	0	4
5676	2	4
5677	1	1
5678	3	7
5679	5	1
5680	3	5
5681	7	12
5682	3	2
5683	1	1
5684	0	3
5685	4	4
5686	3	6
5687	5	4
5688	5	9
5689	6	4
5690	1	2
5691	2	4
5692	2	3
5693	3	3
5694	2	5
5695	6	9
5696	1	2
5697	1	3
5698	0	1
5699	2	8
5700	2	4
5701	0	4
5702	4	2
5703	0	3
5704	0	3
5705	1	2
5706	4	5
5707	4	4
5708	6	6
5709	9	2
5710	3	4
5711	1	3
5712	0	5
5713	5	2
5714	2	3
5715	5	6
5716	0	5
5717	6	9
5718	5	4
5719	6	4
5720	2	5
5721	11	4
5722	1	4
5723	3	2
5724	4	4
5725	13	6
5726	0	1
5727	0	1
5728	4	5
5729	3	2
5730	0	2
5731	1	4
5732	1	4
5733	0	4
5734	2	7
5735	7	6
5736	4	4
5737	8	4
5738	6	4
5739	2	8
5740	14	9
5741	2	3
5742	4	3
5743	2	4
5744	6	8
5745	6	10
5746	6	7
5747	7	6
5748	2	3
5749	0	3
5750	4	5
5751	11	7
5752	1	3
5753	8	6
5754	4	10
5755	1	1
5756	4	6
5757	0	3
5758	5	7
5759	2	1
5760	6	5
5761	10	4
5762	1	3
5763	5	6
5764	2	2
5765	5	6
5766	10	7
5767	5	6
5768	9	4
5769	8	6
5770	4	2
5771	1	4
5772	1	6
5773	6	5
5774	5	1
5775	3	4
5776	0	5
5777	7	3
5778	2	6
5779	0	3
5780	0	3
5781	8	2
5782	15	2