1	2	5
2	1	6
3	0	3
4	1	9
5	4	5
6	2	1
7	2	5
8	1	4
9	2	5
10	4	1
11	4	4
12	3	5
13	0	3
14	3	3
15	5	7
16	0	3
17	3	2
18	2	1
19	1	1
20	2	1
21	1	4
22	2	3
23	2	2
24	1	2
25	2	2
26	2	1
27	0	2
28	0	3
29	2	3
30	1	4
31	1	7
32	1	2
33	0	2
34	0	2
35	0	1
36	1	2
37	1	3
38	1	2
39	1	3
40	2	3
41	1	3
42	0	2
43	0	5
44	0	2
45	2	2
46	0	1
47	2	2
48	3	7
49	1	3
50	1	4
51	0	4
52	0	1
53	0	2
54	1	1
55	1	8
56	2	4
57	1	3
58	1	1
59	1	1
60	0	4
61	1	1
62	0	4
63	0	4
64	3	2
65	0	4
66	0	2
67	1	2
68	0	2
69	2	1
70	1	3
71	0	4
72	1	5
73	2	5
74	0	2
75	2	2
76	1	3
77	2	6
78	2	1
79	0	2
80	0	2
81	0	2
82	0	4
83	0	1
84	1	4
85	1	2
86	0	1
87	0	3
88	2	3
89	0	3
90	1	3
91	3	0
93	0	2
95	0	1
96	2	1
97	2	5
98	0	2
100	1	2
101	0	2
102	2	3
103	1	1
104	4	6
105	2	0
106	3	4
107	0	3
108	1	4
109	2	2
110	1	1
111	0	2
112	1	6
113	1	4
114	4	3
115	1	3
116	0	1
117	1	5
118	2	5
119	1	2
120	2	1
121	0	1
122	1	4
123	2	5
124	1	2
125	0	4
126	1	4
127	1	2
128	2	6
129	1	5
130	5	1
131	1	3
132	0	4
133	3	4
135	2	2
136	1	4
137	2	7
138	1	4
139	1	7
140	2	2
141	0	3
142	1	4
143	1	4
144	3	1
146	1	4
147	2	5
148	1	7
149	0	1
150	3	6
151	0	5
152	1	1
153	2	4
154	0	4
155	1	4
156	0	2
157	0	3
158	1	3
159	1	2
160	1	5
161	1	2
162	2	4
163	0	3
164	1	0
165	1	3
166	2	2
167	1	3
168	2	3
169	0	5
170	2	3
171	1	0
172	1	0
173	0	1
174	0	3
175	0	2
176	0	6
177	3	9
178	2	2
179	2	6
180	1	3
181	0	2
182	1	3
183	0	5
184	1	3
185	0	1
186	1	3
187	0	4
188	0	1
189	0	10
190	2	3
191	0	4
192	2	2
193	1	2
194	2	2
195	2	2
196	0	3
197	1	1
198	1	4
199	1	2
200	0	2
201	1	0
202	0	2
203	1	5
204	2	4
205	2	2
206	1	6
207	0	2
208	0	3
209	1	1
210	0	2
211	0	5
212	0	3
213	0	5
214	0	3
215	2	2
216	1	2
217	0	6
218	0	2
219	0	5
220	1	2
221	2	1
222	2	3
223	0	4
224	0	2
225	0	3
226	0	4
227	1	4
228	1	3
229	1	2
230	2	3
231	0	3
232	1	2
233	1	2
234	0	3
235	0	1
236	1	3
237	1	3
238	0	2
239	0	1
240	0	3
241	1	4
242	0	2
243	0	3
244	0	4
245	0	6
246	0	8
247	3	10
248	1	2
249	0	1
250	1	4
251	0	1
252	0	6
253	0	3
254	1	0
255	0	2
256	2	3
257	3	3
258	2	4
259	2	1
260	4	2
261	2	5
262	1	4
263	0	6
265	2	1
266	0	6
267	2	3
268	1	2
269	3	1
270	1	3
271	0	5
272	2	4
273	0	2
274	1	0
275	1	6
276	0	3
277	1	2
278	1	2
279	0	6
280	2	3
281	2	2
282	0	2
283	0	4
284	0	2
285	0	4
286	1	1
287	2	3
288	1	3
289	0	1
290	0	3
291	1	1
292	0	5
293	0	3
294	0	1
295	1	3
296	1	3
297	0	2
298	2	3
299	1	4
300	1	3
301	1	3
302	0	4
303	1	2
304	1	2
305	0	3
306	0	2
307	0	3
308	0	2
309	0	4
310	0	3
311	1	4
312	1	3
313	0	3
314	1	4
315	0	5
316	1	4
317	0	4
318	1	3
319	2	4
320	1	3
321	4	2
322	2	2
323	1	3
324	1	1
325	3	2
326	2	3
327	0	3
328	1	2
329	1	5
330	2	3
331	1	6
332	2	4
333	0	3
334	0	2
335	3	1
336	2	5
337	1	5
338	1	3
339	1	1
340	0	3
341	0	5
342	1	1
343	0	3
344	1	4
345	1	2
346	1	6
347	3	4
348	2	3
349	0	3
351	0	3
352	0	3
353	1	1
354	1	2
355	2	3
356	1	3
357	1	3
358	1	2
359	2	1
360	1	3
361	0	1
362	0	2
363	2	2
364	0	3
365	1	2
366	1	4
367	1	2
368	3	5
369	2	2
370	2	0
371	1	3
372	1	4
373	0	3
374	0	5
375	0	2
376	1	5
377	2	1
378	0	2
379	0	2
380	0	3
381	0	6
382	0	2
383	3	3
384	0	4
385	1	5
386	0	2
387	1	0
388	2	2
389	1	4
390	2	4
391	1	4
392	1	1
393	1	3
394	0	4
395	1	2
396	1	2
397	2	3
398	0	2
399	3	3
400	2	6
401	1	2
402	2	3
403	0	4
404	0	2
405	1	2
406	2	2
407	2	3
408	0	2
409	2	2
411	1	2
412	1	1
413	0	4
414	0	1
415	0	2
416	3	5
417	3	0
418	1	4
419	2	2
420	1	3
421	3	4
422	0	2
423	1	3
424	0	2
425	1	2
426	0	2
427	3	2
428	3	4
429	1	5
430	0	3
431	1	7
432	0	3
433	0	3
434	1	4
435	0	3
436	1	2
437	1	3
439	1	2
440	0	1
441	2	4
442	2	3
443	0	1
444	0	5
445	1	4
446	1	2
447	0	1
448	0	2
449	1	4
450	1	2
451	1	2
452	1	0
453	0	3
454	0	3
455	1	0
456	1	3
457	0	3
458	1	2
459	0	1
460	2	2
461	0	1
462	0	2
463	0	9
464	3	0
465	1	2
466	1	4
467	0	3
468	1	0
469	3	1
470	0	2
471	0	1
472	1	1
473	1	3
474	0	5
475	0	1
476	2	2
477	1	1
478	3	1
479	1	2
480	0	4
481	0	4
482	0	3
483	1	0
484	0	4
485	0	2
486	0	4
487	0	2
488	1	1
489	0	4
490	0	2
491	2	3
492	1	3
493	1	2
494	0	2
495	1	2
496	0	3
497	2	4
498	1	4
499	0	3
500	1	1
501	1	1
502	1	4
503	1	2
504	1	0
505	0	3
506	1	5
507	0	5
508	1	5
509	1	2
510	1	4
511	2	2
512	0	5
513	0	3
514	3	4
515	1	1
516	0	4
517	0	1
518	1	2
519	2	2
520	0	1
521	1	6
522	2	4
523	0	2
524	1	2
526	0	3
527	4	4
528	0	2
529	0	5
530	0	5
531	0	5
532	1	4
533	1	3
534	0	3
535	2	1
536	0	2
537	1	4
538	0	1
539	1	2
540	1	2
541	1	1
542	3	1
543	2	1
544	0	5
545	0	3
546	2	0
547	0	3
548	0	2
549	0	3
550	2	3
551	0	4
552	1	4
553	1	6
555	0	4
556	1	4
557	1	5
558	0	1
559	2	2
560	3	1
561	2	5
562	1	2
563	2	1
564	1	1
565	1	6
566	1	5
567	0	3
568	1	1
569	1	1
570	2	8
571	3	2
572	1	5
573	0	2
574	2	2
576	1	1
577	1	4
578	0	2
579	1	3
580	0	3
581	0	7
582	0	1
583	0	3
584	0	2
585	0	3
586	3	2
587	0	2
589	0	2
590	2	3
591	1	1
592	0	4
593	0	1
594	1	1
595	0	3
597	0	2
598	0	4
599	0	5
600	0	2
601	1	2
602	1	2
603	0	2
604	0	1
605	0	6
606	1	2
607	0	2
608	0	4
609	0	1
610	0	5
611	1	6
612	0	4
613	0	7
614	0	3
615	0	2
616	0	4
617	0	1
618	0	2
619	0	5
620	0	1
621	0	1
622	0	2
623	2	0
625	0	1
626	0	3
627	1	2
628	1	1
629	0	4
630	0	4
631	0	2
632	1	2
633	2	3
634	1	5
635	2	5
636	0	5
637	0	3
638	4	0
639	1	2
640	0	5
641	2	5
642	1	5
643	0	2
644	0	1
645	1	5
646	1	1
647	4	3
648	2	4
649	1	3
650	0	2
651	0	2
654	2	2
655	1	3
656	0	5
657	0	1
658	0	3
659	0	5
660	3	1
661	5	2
662	1	3
663	3	0
664	2	1
665	1	3
666	3	2
667	1	1
668	1	2
669	0	2
670	3	2
671	1	3
672	1	4
673	0	2
674	1	2
675	0	3
676	1	3
677	1	1
678	0	7
679	2	2
680	1	4
681	0	1
682	2	5
683	1	3
684	1	4
685	2	3
686	2	2
687	4	5
688	2	3
689	0	4
690	0	2
691	0	4
692	0	5
693	1	1
694	0	1
695	1	3
696	2	1
697	0	1
698	0	4
699	0	4
700	2	2
701	0	4
702	1	2
703	1	2
704	1	1
705	3	2
706	1	4
707	0	4
708	1	2
709	0	1
710	2	3
711	0	1
712	0	3
713	1	0
714	0	5
715	0	3
716	2	2
717	1	3
718	1	5
719	0	1
720	1	4
721	1	0
722	4	2
723	1	4
724	0	2
725	0	3
726	0	4
727	0	3
728	1	5
729	1	3
730	2	2
731	1	1
732	1	2
733	1	0
734	3	1
735	2	3
736	2	3
737	1	8
738	0	5
739	1	1
740	0	3
741	0	4
742	1	4
743	0	6
744	2	3
745	3	6
746	0	3
748	0	3
750	0	3
751	3	6
752	1	3
753	1	4
754	0	4
755	0	2
756	1	0
757	0	2
758	0	4
759	1	4
760	1	2
761	3	5
762	0	1
763	2	1
764	1	4
765	3	3
766	0	1
767	0	5
768	1	5
769	1	3
770	0	2
771	0	2
772	0	4
773	0	2
774	1	0
775	1	1
776	0	4
777	0	3
778	0	1
779	0	3
780	0	3
781	1	2
782	1	1
783	0	2
785	0	1
786	1	2
787	2	3
788	2	1
789	2	6
790	1	3
791	2	5
792	0	3
793	3	2
794	1	1
795	0	5
796	0	1
797	2	5
798	3	2
799	0	6
800	3	2
801	4	5
802	0	2
803	0	11
804	3	1
805	1	6
806	0	2
807	0	3
808	1	3
809	0	2
810	1	2
811	0	2
812	0	4
813	0	3
814	1	4
815	0	2
816	2	2
817	1	2
818	0	3
819	1	3
820	1	4
821	0	2
822	0	2
823	0	4
824	1	2
825	1	5
826	1	3
827	1	1
828	1	1
829	1	2
830	0	1
831	1	0
832	0	1
833	0	3
834	2	3
836	2	2
837	1	2
838	5	4
839	1	3
840	0	6
841	2	0
842	1	2
843	1	9
844	0	3
845	1	2
846	2	3
847	0	2
848	2	1
849	2	4
850	0	1
851	0	2
852	1	0
853	2	1
854	1	3
855	1	1
856	2	1
857	0	4
858	0	3
859	0	1
860	2	3
861	0	2
862	0	2
863	1	3
864	0	5
865	0	4
866	1	0
867	1	1
868	0	3
869	0	2
870	1	2
871	0	5
872	2	2
873	0	1
874	1	1
875	0	4
876	0	1
877	0	1
878	0	1
879	2	1
880	0	3
881	1	2
882	3	3
883	1	2
884	0	3
885	2	4
886	2	6
887	1	2
888	1	4
889	2	5
891	0	3
892	0	3
893	1	2
894	1	1
895	1	3
896	0	3
897	2	1
898	1	3
899	2	3
900	1	2
901	0	4
902	0	1
903	0	4
904	2	1
905	1	3
907	1	4
909	1	7
910	1	3
911	1	3
912	2	4
913	2	2
914	0	1
915	0	3
916	0	3
917	2	1
918	3	3
919	2	4
920	2	5
921	0	3
922	3	4
923	2	2
924	2	2
925	2	2
926	2	4
927	2	4
928	6	3
929	4	1
930	1	4
931	1	0
932	0	2
933	1	1
934	0	6
935	0	5
936	0	3
937	0	7
938	2	3
939	2	5
940	1	4
942	1	2
943	1	3
944	1	2
945	1	2
946	1	1
947	0	1
948	2	2
949	0	5
950	0	3
951	1	2
952	1	4
953	0	2
954	1	1
955	2	3
956	1	4
957	2	4
958	0	3
959	3	1
960	2	5
961	0	4
962	0	1
963	1	4
964	1	2
965	2	4
966	3	2
967	3	4
968	1	3
969	1	1
970	0	2
971	2	0
972	0	1
973	1	2
974	0	2
975	0	4
977	2	2
978	1	2
979	1	0
980	1	5
981	1	3
982	0	3
983	0	3
984	0	3
985	2	2
986	0	1
987	0	5
988	2	1
989	1	4
990	2	3
991	3	4
992	0	3
993	2	3
994	2	1
995	0	1
996	4	3
998	0	2
999	2	1
1000	2	2
1001	0	2
1002	0	2
1003	1	2
1004	2	3
1005	1	1
1006	2	4
1007	1	6
1008	1	5
1009	1	4
1010	1	1
1011	2	3
1012	1	3
1013	2	1
1014	1	3
1015	2	2
1016	1	2
1017	1	4
1018	1	2
1019	0	1
1020	0	1
1021	2	2
1022	3	4
1023	1	1
1024	2	1
1025	3	3
1026	1	4
1027	3	3
1028	2	3
1029	0	1
1030	1	5
1031	0	4
1032	4	6
1033	4	0
1034	5	4
1035	2	5
1036	5	6
1037	1	1
1038	1	3
1039	2	4
1040	1	4
1041	2	5
1042	2	3
1043	4	5
1044	3	2
1045	3	4
1046	4	4
1047	1	1
1048	1	2
1049	3	9
1050	2	2
1051	5	2
1052	3	2
1053	2	6
1054	1	1
1055	3	3
1056	2	6
1057	2	7
1058	5	3
1059	1	3
1060	5	2
1061	1	2
1062	1	3
1063	2	2
1064	5	3
1065	5	7
1066	1	3
1067	1	2
1068	2	3
1069	0	4
1070	1	2
1071	1	1
1072	2	1
1073	0	1
1074	0	2
1075	0	1
1076	0	3
1077	0	4
1078	0	2
1079	0	4
1080	1	4
1081	0	1
1082	1	3
1083	0	1
1084	0	4
1085	0	5
1086	0	3
1087	1	3
1088	1	3
1089	3	1
1090	1	0
1091	2	1
1092	2	8
1093	2	3
1094	1	7
1095	0	4
1096	3	1
1097	0	4
1098	2	1
1099	2	3
1100	2	6
1101	0	2
1102	1	7
1103	2	0
1104	3	1
1105	1	3
1106	0	2
1107	0	6
1108	4	4
1109	1	4
1110	0	2
1111	3	2
1112	3	6
1113	1	3
1114	2	1
1115	1	2
1116	0	4
1117	3	10
1118	0	3
1119	0	1
1120	1	2
1121	1	0
1123	0	5
1124	1	4
1125	0	3
1126	0	3
1127	1	1
1128	1	2
1129	0	5
1130	2	4
1131	1	4
1132	0	2
1133	1	3
1134	0	4
1135	0	5
1136	1	0
1137	1	2
1138	1	0
1139	2	2
1140	2	3
1141	1	4
1142	0	7
1143	1	3
1144	0	2
1145	0	1
1146	2	2
1147	1	9
1148	4	2
1149	0	2
1150	2	3
1151	0	7
1152	0	3
1153	0	1
1154	1	6
1155	0	4
1156	1	4
1157	0	4
1158	2	5
1159	2	3
1160	0	2
1161	0	3
1162	0	1
1163	1	4
1164	1	6
1165	3	2
1166	0	6
1167	2	3
1168	0	4
1169	2	5
1170	1	1
1171	2	2
1172	5	3
1173	0	1
1174	1	0
1175	1	1
1176	1	1
1177	0	2
1178	1	4
1179	0	3
1180	2	1
1181	1	2
1182	2	3
1183	0	4
1184	1	1
1185	1	4
1186	0	3
1187	1	4
1188	1	4
1189	2	4
1190	1	2
1191	1	3
1192	1	2
1194	2	2
1195	1	1
1196	1	4
1197	0	3
1198	1	3
1199	4	2
1200	0	4
1201	0	4
1202	1	3
1203	1	0
1204	1	5
1205	0	3
1206	2	4
1207	0	4
1208	2	5
1209	3	0
1210	0	2
1211	2	6
1212	2	8
1213	3	5
1214	0	3
1215	1	2
1216	3	1
1217	0	3
1218	0	1
1219	0	1
1220	1	2
1221	0	4
1222	3	2
1223	1	2
1224	2	6
1225	1	3
1226	0	1
1227	2	1
1228	0	3
1229	2	6
1230	0	2
1231	0	2
1232	0	3
1233	0	1
1234	0	6
1236	0	1
1237	1	2
1238	1	3
1239	1	4
1240	3	1
1242	1	2
1243	2	3
1244	1	4
1245	0	6
1246	0	3
1247	1	2
1248	0	3
1249	2	2
1251	2	5
1252	0	1
1253	2	4
1254	1	0
1255	0	2
1256	1	3
1257	2	3
1258	0	4
1259	1	2
1260	0	1
1261	0	1
1262	0	2
1263	2	1
1264	0	4
1265	1	4
1266	0	6
1268	0	3
1270	0	4
1271	0	2
1272	0	1
1273	5	2
1274	0	3
1275	0	1
1276	0	2
1277	0	7
1278	0	4
1279	0	3
1280	2	2
1281	0	5
1282	0	2
1283	0	2
1284	2	1
1285	0	6
1286	0	4
1287	0	1
1288	0	4
1289	1	4
1290	1	2
1291	0	2
1292	1	1
1293	0	1
1294	1	2
1295	0	4
1296	1	7
1297	0	1
1298	0	2
1299	0	4
1300	1	2
1301	1	5
1302	1	2
1303	1	1
1304	3	3
1306	0	3
1307	1	4
1308	0	3
1309	3	2
1310	1	1
1312	1	2
1313	0	4
1314	1	3
1315	0	1
1316	1	0
1317	1	1
1318	1	2
1319	0	2
1320	0	2
1321	0	3
1322	1	4
1323	0	2
1324	4	1
1325	0	2
1326	1	2
1327	1	3
1328	1	2
1329	0	2
1330	0	3
1331	4	5
1332	2	3
1333	1	1
1334	0	1
1335	0	3
1336	1	9
1337	0	5
1338	0	8
1339	0	1
1340	2	5
1341	1	2
1342	1	2
1343	1	1
1344	0	3
1345	1	1
1346	1	1
1347	1	6
1348	0	5
1349	1	4
1350	2	3
1351	1	2
1352	0	5
1353	2	2
1355	1	3
1356	1	5
1357	0	3
1358	1	3
1359	0	1
1360	2	2
1361	1	4
1362	1	3
1363	0	2
1364	0	2
1365	0	1
1367	1	8
1368	0	4
1369	0	3
1370	1	5
1371	0	3
1372	1	4
1373	1	3
1374	0	2
1375	0	2
1376	0	1
1377	0	2
1378	1	1
1379	2	3
1380	1	0
1381	0	6
1382	4	3
1383	1	3
1384	3	3
1385	2	1
1386	0	3
1387	1	1
1388	2	3
1389	1	2
1391	1	0
1392	1	2
1394	0	3
1395	0	2
1396	1	4
1397	1	1
1398	1	4
1399	1	4
1400	2	6
1401	0	4
1402	0	2
1403	1	2
1404	0	3
1405	1	5
1406	1	3
1407	0	1
1408	1	4
1409	1	5
1410	1	2
1412	1	3
1414	1	1
1415	2	2
1416	2	0
1417	0	6
1418	2	1
1419	1	4
1420	0	2
1422	0	1
1423	0	1
1424	0	3
1425	2	1
1426	1	1
1427	0	2
1428	0	1
1429	0	2
1430	0	3
1431	0	1
1432	1	4
1433	1	5
1434	0	3
1435	1	1
1436	3	5
1437	0	2
1438	1	2
1439	1	1
1440	0	3
1441	0	6
1443	1	4
1444	0	3
1445	1	5
1446	1	3
1447	1	4
1448	0	4
1449	0	3
1450	0	1
1451	1	7
1453	1	3
1454	0	1
1455	2	4
1456	1	2
1457	4	1
1458	3	1
1459	3	1
1460	3	6
1461	1	2
1462	4	5
1463	1	3
1464	0	2
1465	0	2
1466	0	3
1467	3	3
1468	1	8
1469	0	4
1470	1	5
1471	3	0
1472	2	6
1473	0	2
1474	0	3
1475	1	1
1476	2	2
1477	1	7
1478	1	6
1479	0	9
1480	0	4
1481	0	5
1482	2	1
1483	3	5
1484	2	4
1485	1	5
1486	1	1
1487	1	4
1488	2	2
1489	0	2
1490	1	1
1492	2	6
1493	1	3
1494	1	3
1495	0	2
1496	1	3
1497	0	3
1498	1	1
1499	0	2
1500	1	0
1501	0	1
1502	2	3
1503	1	6
1504	2	3
1505	0	4
1506	0	3
1507	1	4
1508	0	4
1509	0	3
1510	3	4
1511	1	1
1512	2	3
1513	0	5
1514	1	4
1515	2	1
1516	1	4
1517	0	4
1518	0	2
1519	1	1
1521	1	4
1522	0	4
1523	1	1
1524	2	5
1525	6	2
1526	1	3
1527	0	3
1528	4	3
1529	0	1
1530	0	2
1531	7	5
1532	1	3
1533	0	2
1534	1	2
1535	0	9
1536	0	5
1537	2	2
1538	4	4
1539	3	5
1540	0	3
1541	1	1
1542	1	6
1543	1	4
1544	1	3
1545	3	0
1546	3	2
1547	0	1
1548	4	1
1549	1	4
1550	1	3
1551	1	3
1552	0	4
1553	0	2
1554	0	3
1555	0	1
1556	1	1
1557	0	7
1558	1	1
1559	1	4
1560	1	0
1561	0	6
1562	0	6
1563	1	1
1564	0	6
1565	4	2
1566	1	3
1567	3	3
1568	2	5
1569	1	3
1570	1	3
1571	1	2
1572	1	2
1573	2	1
1574	1	0
1575	2	4
1576	1	1
1577	2	3
1578	0	5
1579	2	2
1580	1	0
1581	2	1
1582	4	2
1583	3	2
1584	4	2
1585	3	2
1586	2	3
1587	3	1
1588	2	1
1589	0	2
1590	1	2
1591	1	3
1592	0	5
1593	1	5
1594	1	1
1595	1	1
1596	3	2
1597	1	1
1598	2	3
1600	1	2
1601	4	5
1602	0	1
1603	1	2
1604	0	5
1605	0	4
1606	2	2
1607	2	4
1608	0	3
1609	0	3
1610	2	3
1611	2	4
1612	1	2
1613	0	6
1614	1	3
1615	0	5
1616	0	2
1617	1	1
1618	0	6
1620	0	2
1621	0	2
1622	0	3
1623	0	5
1624	1	3
1625	0	2
1626	0	3
1627	0	2
1628	1	4
1629	2	3
1631	3	4
1632	0	4
1633	3	1
1634	0	2
1636	2	3
1637	0	3
1638	0	3
1639	1	2
1640	0	2
1641	1	2
1642	1	3
1643	0	2
1644	1	1
1645	2	4
1646	1	0
1647	1	2
1648	1	2
1649	2	4
1650	1	2
1651	2	1
1652	0	3
1653	2	4
1654	1	2
1655	1	1
1656	0	2
1657	3	3
1658	0	3
1659	1	3
1660	1	3
1661	2	4
1662	1	7
1663	1	2
1664	1	6
1665	0	1
1666	0	3
1667	1	4
1668	3	4
1669	0	3
1670	0	3
1671	2	3
1672	2	3
1673	0	3
1674	3	4
1675	1	2
1676	4	2
1677	3	2
1678	1	6
1679	0	9
1680	0	2
1681	1	3
1682	1	2
1683	1	1
1684	0	2
1685	3	2
1686	0	3
1687	0	4
1689	2	1
1690	2	3
1691	4	4
1692	1	1
1694	0	1
1695	0	4
1696	0	2
1697	0	3
1698	1	0
1699	0	3
1700	1	3
1701	0	4
1702	0	1
1703	1	1
1704	1	7
1705	0	3
1707	0	3
1708	1	2
1709	0	1
1710	1	3
1711	2	3
1712	1	4
1713	1	3
1714	1	4
1715	0	4
1716	2	5
1717	2	4
1718	1	0
1719	0	4
1720	1	2
1721	1	2
1722	0	7
1723	1	5
1724	2	9
1725	0	3
1726	1	3
1727	0	2
1728	2	6
1729	2	2
1730	2	2
1731	2	3
1732	0	5
1733	1	5
1734	0	3
1735	1	0
1736	0	3
1737	4	3
1738	2	1
1739	0	2
1740	1	3
1741	1	6
1742	2	1
1743	0	4
1744	1	4
1745	0	4
1746	3	4
1747	0	1
1748	0	3
1749	0	4
1750	1	12
1751	1	4
1752	0	3
1753	2	2
1754	0	1
1755	0	1
1756	1	0
1757	0	5
1758	1	0
1759	0	3
1760	1	3
1761	0	4
1762	2	7
1763	0	3
1764	2	4
1765	1	0
1766	0	2
1767	3	4
1768	0	1
1769	1	2
1770	0	3
1771	1	0
1772	0	2
1773	2	2
1774	0	2
1775	2	2
1776	1	1
1777	2	2
1778	1	2
1779	0	2
1780	0	5
1781	1	4
1782	1	1
1783	0	4
1784	1	5
1785	0	4
1786	0	4
1787	1	2
1788	5	4
1789	0	1
1790	1	6
1791	1	4
1792	2	6
1793	0	4
1794	0	4
1795	4	5
1796	0	2
1797	0	3
1798	1	4
1799	2	3
1800	0	4
1801	0	3
1802	1	2
1803	0	2
1804	2	0
1805	1	3
1806	1	0
1807	1	4
1808	1	3
1809	0	5
1810	2	4
1811	2	2
1812	2	3
1813	1	1
1814	0	3
1815	1	4
1816	0	5
1817	0	2
1818	0	1
1819	2	2
1820	3	3
1821	0	1
1822	1	3
1823	5	2
1824	1	4
1825	1	1
1826	2	0
1827	1	4
1828	1	4
1829	1	4
1830	1	3
1832	1	1
1833	1	4
1834	0	4
1835	1	0
1836	0	2
1837	0	2
1838	1	2
1839	0	2
1840	1	0
1841	0	1
1842	0	2
1843	1	0
1844	2	2
1845	0	3
1846	3	5
1847	1	1
1848	0	3
1849	1	3
1850	1	2
1851	0	4
1852	1	0
1853	0	1
1854	2	0
1855	1	6
1856	0	2
1857	2	2
1858	1	5
1859	2	3
1860	0	1
1861	1	6
1862	0	2
1864	3	3
1865	0	5
1866	1	3
1867	2	2
1868	3	1
1869	1	3
1870	0	3
1871	0	2
1872	1	3
1873	0	2
1874	1	5
1875	4	5
1876	3	1
1877	2	3
1878	2	2
1879	5	2
1880	2	4
1881	3	1
1882	1	4
1883	2	3
1884	0	2
1885	0	1
1886	1	4
1887	0	4
1888	0	3
1889	0	3
1890	0	4
1891	2	3
1892	0	3
1893	2	1
1894	0	2
1895	1	5
1896	1	1
1897	3	2
1898	1	2
1899	1	4
1900	1	1
1901	2	1
1902	1	2
1903	0	3
1904	3	5
1905	0	5
1906	0	1
1907	0	3
1908	2	3
1909	2	1
1910	3	1
1911	1	3
1912	1	2
1913	0	1
1914	1	4
1915	1	3
1916	0	3
1917	4	4
1918	1	3
1919	2	1
1920	2	3
1921	2	2
1922	2	2
1923	0	3
1924	1	0
1925	0	1
1926	0	2
1927	0	4
1928	2	2
1929	1	1
1930	2	7
1931	1	4
1932	0	2
1933	1	4
1934	1	4
1935	0	2
1936	1	1
1937	1	4
1938	0	2
1939	1	5
1940	3	3
1941	1	4
1942	0	5
1943	1	2
1944	2	1
1945	0	3
1946	0	3
1947	0	2
1948	1	2
1949	0	2
1950	0	1
1951	1	3
1952	2	5
1953	0	2
1954	0	4
1955	1	3
1956	0	4
1957	1	3
1958	0	5
1959	2	6
1960	2	1
1961	0	2
1962	0	3
1963	0	2
1964	2	4
1965	3	1
1966	0	5
1967	3	4
1968	0	2
1969	1	2
1970	1	4
1971	0	3
1972	1	4
1973	1	3
1974	0	3
1975	1	2
1976	2	0
1977	2	3
1978	6	5
1979	2	4
1980	2	3
1981	2	1
1982	0	3
1983	1	4
1984	1	3
1985	2	2
1986	0	1
1987	1	3
1988	1	2
1989	1	1
1990	0	3
1992	0	3
1994	2	4
1995	1	6
1996	0	3
1997	1	4
1998	0	2
1999	1	3
2000	2	2
2001	1	3
2002	2	3
2003	3	1
2004	1	3
2005	2	1
2006	1	2
2007	1	5
2008	2	1
2009	0	1
2010	2	6
2011	0	4
2012	0	3
2013	1	1
2014	1	4
2015	2	5
2016	2	4
2017	0	1
2018	1	5
2019	0	5
2020	0	1
2021	0	2
2022	1	6
2023	2	2
2024	0	6
2025	1	5
2026	1	5
2028	2	5
2029	1	3
2030	1	6
2031	1	4
2032	1	4
2033	1	1
2034	2	3
2035	0	2
2036	2	6
2037	0	6
2038	0	5
2039	1	3
2040	0	2
2041	1	5
2042	1	3
2043	2	7
2044	0	1
2045	0	4
2046	0	1
2047	0	1
2048	1	4
2049	0	2
2050	1	3
2051	0	2
2052	1	1
2053	0	5
2054	1	5
2055	0	1
2056	1	1
2057	0	2
2058	1	1
2059	1	4
2060	2	1
2061	2	3
2062	0	3
2063	0	5
2064	2	2
2065	0	4
2066	0	4
2067	0	1
2068	2	0
2069	0	3
2070	3	4
2071	0	2
2072	0	2
2073	1	0
2074	0	3
2075	0	2
2076	1	2
2077	0	2
2078	0	4
2079	0	3
2080	0	6
2081	0	3
2082	2	2
2083	0	4
2084	1	5
2085	0	4
2086	1	4
2087	1	3
2088	0	3
2089	1	2
2090	1	3
2091	1	3
2092	0	2
2093	1	2
2094	2	0
2095	1	1
2096	0	3
2097	0	6
2098	0	5
2099	0	1
2100	1	2
2101	0	3
2102	1	4
2103	0	3
2104	0	3
2105	0	5
2106	0	1
2107	1	4
2109	2	2
2110	0	5
2111	1	1
2112	1	4
2113	1	3
2114	0	1
2115	0	2
2116	0	4
2117	1	1
2118	0	4
2119	2	2
2120	3	0
2121	1	2
2123	0	1
2124	1	3
2125	0	2
2126	0	1
2127	0	2
2128	1	4
2129	1	2
2130	1	2
2131	0	7
2132	1	3
2133	0	3
2134	2	0
2135	1	6
2136	1	0
2137	0	2
2138	1	2
2139	2	2
2140	3	7
2141	0	3
2142	0	4
2143	3	3
2144	1	2
2145	1	3
2146	2	1
2147	2	4
2148	1	5
2149	2	2
2150	0	1
2151	0	4
2152	0	6
2153	2	5
2154	1	2
2155	0	2
2156	0	4
2157	1	4
2158	0	2
2159	1	3
2160	0	1
2161	2	3
2162	1	3
2163	0	2
2164	2	3
2165	1	1
2166	1	4
2167	0	2
2168	1	3
2169	1	3
2170	0	1
2171	1	1
2172	0	1
2173	3	4
2174	0	2
2175	0	1
2176	2	3
2177	1	4
2178	1	4
2179	0	3
2180	2	9
2181	3	2
2182	3	5
2183	4	5
2184	3	1
2185	1	3
2186	0	3
2187	1	2
2188	1	3
2189	2	2
2190	2	3
2191	1	3
2192	0	5
2193	2	4
2194	0	2
2195	3	0
2196	3	6
2197	6	4
2198	1	1
2199	3	5
2200	5	8
2201	1	0
2202	4	3
2203	0	2
2204	0	3
2205	0	3
2206	1	2
2207	2	1
2208	0	1
2209	0	4
2210	1	2
2211	2	5
2212	0	1
2213	2	2
2214	1	3
2215	2	5
2216	1	1
2217	1	4
2218	3	3
2219	1	1
2220	3	4
2221	0	7
2222	0	1
2223	1	2
2224	1	3
2225	0	3
2226	2	5
2227	0	2
2228	0	3
2229	0	3
2230	0	4
2231	0	2
2232	2	3
2233	0	1
2234	1	6
2235	0	6
2236	2	2
2237	0	2
2238	0	2
2239	3	5
2240	1	1
2241	0	5
2242	1	3
2243	1	2
2244	1	3
2245	1	3
2246	1	7
2247	1	1
2248	1	4
2249	0	3
2250	0	2
2251	2	1
2252	0	1
2253	1	2
2254	1	1
2255	0	6
2256	0	2
2257	1	2
2258	1	6
2259	0	3
2260	1	3
2261	2	1
2262	1	1
2263	1	1
2264	1	4
2265	0	2
2266	1	3
2267	2	1
2268	3	1
2269	1	3
2270	0	3
2271	0	6
2272	0	6
2273	0	3
2274	0	5
2275	1	2
2276	1	5
2277	2	0
2278	1	3
2279	2	6
2280	3	2
2281	0	4
2282	0	3
2283	1	5
2284	1	4
2285	0	3
2286	1	2
2287	2	3
2288	2	3
2290	1	4
2291	0	2
2292	0	4
2293	1	4
2294	1	1
2295	0	3
2296	0	3
2297	1	2
2298	1	0
2299	1	4
2300	1	3
2301	1	2
2302	0	1
2303	0	1
2304	2	4
2305	1	3
2307	2	1
2308	2	3
2309	0	4
2310	0	5
2311	0	5
2312	0	2
2313	2	3
2314	0	1
2315	3	2
2316	2	3
2317	0	2
2319	0	1
2320	2	0
2321	1	1
2322	1	2
2323	0	9
2324	0	7
2325	0	1
2326	0	3
2327	2	3
2328	2	3
2329	0	4
2330	0	2
2331	4	2
2333	1	1
2334	3	1
2335	2	6
2336	3	2
2337	1	2
2338	0	4
2339	1	2
2340	2	3
2341	0	6
2342	0	2
2343	1	3
2344	0	2
2345	0	7
2346	1	1
2347	3	2
2348	3	4
2349	4	1
2350	5	4
2351	1	5
2352	0	1
2353	0	3
2354	1	3
2355	2	0
2356	4	1
2357	2	1
2358	2	3
2359	2	5
2360	0	2
2361	1	4
2362	0	4
2363	1	6
2364	1	7
2365	2	5
2366	0	3
2367	1	7
2368	2	6
2369	1	8
2370	0	6
2371	0	5
2372	0	3
2373	0	3
2374	0	1
2375	0	3
2376	0	6
2378	0	1
2379	1	4
2380	3	1
2381	1	6
2382	3	2
2383	1	4
2384	0	2
2385	0	3
2386	1	3
2387	1	3
2388	1	4
2389	1	5
2390	2	3
2391	2	2
2392	1	2
2393	0	3
2394	1	3
2395	0	3
2396	1	2
2399	0	4
2400	1	4
2401	0	1
2402	1	4
2403	0	5
2404	2	2
2405	1	6
2406	1	3
2407	0	5
2408	0	2
2409	0	1
2410	1	2
2411	1	6
2412	0	3
2413	0	1
2414	0	2
2415	1	2
2416	0	2
2417	0	8
2418	1	4
2419	1	1
2420	1	1
2421	2	1
2423	4	4
2424	2	1
2425	1	3
2426	3	1
2427	0	3
2428	3	5
2429	0	1
2430	4	2
2431	0	2
2432	0	1
2433	1	2
2434	1	6
2435	1	3
2436	1	4
2437	2	3
2438	0	3
2439	3	2
2440	2	4
2441	3	0
2442	3	1
2443	1	4
2444	2	4
2445	2	1
2446	1	3
2447	0	3
2448	3	5
2449	0	1
2450	0	1
2451	1	0
2452	2	6
2453	0	2
2454	0	2
2455	0	2
2456	3	5
2457	2	2
2458	1	2
2459	0	3
2460	1	0
2461	0	2
2462	0	5
2463	1	6
2464	2	3
2465	1	3
2466	1	0
2467	4	3
2468	3	0
2469	0	2
2470	2	4
2471	3	4
2472	3	5
2473	0	2
2474	1	2
2475	1	0
2476	2	0
2477	0	2
2478	0	1
2479	1	4
2480	1	2
2481	3	2
2482	0	3
2483	1	1
2484	1	1
2485	0	2
2486	1	3
2487	1	5
2488	1	3
2489	1	4
2490	1	8
2491	0	4
2492	1	3
2493	3	0
2494	0	2
2495	2	3
2496	0	6
2497	1	3
2498	1	1
2499	2	2
2500	1	4
2501	1	2
2502	0	5
2503	0	3
2504	0	5
2505	1	4
2506	3	5
2507	1	0
2508	1	2
2509	0	3
2510	0	4
2511	0	1
2512	0	1
2513	1	3
2514	0	2
2515	0	2
2516	0	1
2517	2	6
2518	0	5
2519	1	0
2520	0	3
2521	1	0
2522	1	3
2523	0	4
2524	0	2
2525	1	3
2526	2	6
2527	0	2
2528	1	2
2529	0	3
2530	1	2
2531	1	2
2532	1	3
2533	0	4
2534	0	3
2535	1	4
2536	0	3
2537	0	2
2538	1	2
2539	3	1
2541	0	2
2542	3	3
2543	1	0
2544	1	3
2545	1	2
2546	0	4
2547	1	1
2548	1	0
2549	0	2
2550	1	7
2551	1	6
2552	0	1
2553	0	7
2555	1	5
2556	1	5
2557	0	5
2558	6	3
2559	0	3
2560	2	4
2561	1	1
2562	1	2
2563	0	2
2564	0	2
2565	0	3
2566	1	5
2567	0	4
2568	3	3
2569	0	5
2570	1	4
2571	1	6
2572	1	2
2573	3	4
2574	2	4
2575	0	2
2576	0	2
2577	0	2
2578	1	4
2579	1	5
2580	2	0
2581	0	1
2582	2	4
2583	2	2
2584	3	3
2585	0	4
2586	1	1
2587	0	1
2588	2	0
2589	1	2
2590	2	5
2591	0	8
2592	0	2
2593	2	2
2594	1	1
2595	0	3
2596	1	0
2597	3	1
2598	1	3
2599	2	1
2600	3	0
2601	4	1
2602	0	5
2603	0	2
2604	1	3
2605	3	1
2606	0	3
2607	0	4
2609	0	2
2610	0	7
2611	0	7
2612	1	1
2613	5	3
2614	1	1
2615	2	4
2617	2	4
2618	1	5
2619	1	2
2620	0	4
2621	0	1
2622	0	3
2623	2	0
2624	1	1
2625	1	5
2626	4	1
2627	4	2
2628	0	3
2629	1	2
2630	2	4
2631	1	2
2632	4	4
2633	0	4
2634	1	1
2635	0	2
2636	1	4
2637	0	4
2638	1	1
2639	1	2
2640	0	3
2641	0	3
2642	0	1
2643	1	3
2644	3	5
2645	1	2
2646	2	5
2647	1	3
2648	1	4
2649	1	4
2650	0	1
2651	0	1
2652	0	3
2653	1	2
2654	1	2
2655	2	5
2656	1	6
2657	3	4
2658	4	3
2659	0	4
2660	1	2
2661	1	2
2662	2	3
2663	3	1
2664	1	3
2665	1	3
2666	1	1
2667	3	2
2668	2	2
2669	1	2
2670	1	1
2671	3	0
2672	2	5
2673	2	5
2674	2	2
2675	0	2
2676	1	0
2677	2	0
2678	0	5
2679	1	5
2680	0	5
2681	0	1
2682	2	2
2683	1	3
2684	0	2
2685	1	4
2686	2	6
2687	3	3
2688	1	4
2689	1	1
2690	0	2
2691	1	3
2692	0	2
2693	1	3
2694	1	5
2695	2	7
2696	1	3
2697	1	4
2698	0	3
2699	1	4
2700	1	4
2701	0	2
2702	0	3
2703	2	1
2704	2	5
2705	3	6
2706	2	4
2707	1	3
2708	0	1
2709	1	3
2710	1	3
2711	2	3
2712	1	2
2713	1	2
2714	0	5
2715	3	3
2716	0	4
2717	2	2
2718	3	6
2719	3	2
2720	4	2
2721	1	2
2722	0	2
2723	0	3
2724	1	2
2725	0	1
2726	1	6
2727	0	3
2728	3	2
2729	1	2
2730	1	5
2731	0	3
2732	0	2
2733	0	1
2734	1	2
2735	1	0
2736	0	1
2737	0	2
2738	0	3
2739	1	1
2740	0	2
2741	1	3
2742	0	2
2743	0	4
2744	4	0
2745	1	2
2746	4	3
2747	0	2
2748	3	7
2749	2	5
2751	2	1
2752	0	7
2753	2	0
2754	4	0
2755	1	2
2756	1	3
2757	1	2
2758	0	3
2759	0	2
2760	0	3
2761	0	1
2762	0	3
2763	0	3
2764	0	3
2765	0	5
2766	3	2
2767	1	4
2768	1	3
2769	0	4
2770	0	3
2771	1	1
2773	1	5
2774	3	2
2775	0	6
2776	0	4
2777	0	1
2778	0	6
2779	1	4
2780	1	2
2781	1	1
2782	1	0
2783	1	2
2784	0	3
2786	0	4
2787	0	2
2788	2	4
2789	1	3
2790	0	1
2791	1	2
2793	0	4
2794	0	2
2795	0	1
2796	0	1
2797	0	2
2798	0	1
2799	1	4
2800	0	4
2801	0	4
2802	1	2
2803	1	3
2804	0	1
2805	1	2
2806	0	2
2807	1	0
2808	0	2
2809	0	7
2810	0	2
2811	1	0
2812	1	1
2813	1	2
2814	0	9
2815	0	5
2816	0	3
2817	0	2
2819	1	3
2820	1	2
2821	1	1
2822	0	1
2823	0	1
2824	0	4
2825	1	3
2826	0	3
2827	0	3
2829	0	2
2830	1	4
2831	1	4
2832	0	3
2833	0	2
2834	0	3
2835	0	2
2836	0	2
2838	0	3
2839	0	3
2840	1	3
2841	0	1
2842	0	1
2843	1	4
2844	1	2
2845	0	3
2846	3	3
2847	3	6
2848	0	3
2849	0	2
2850	1	2
2852	0	2
2853	2	1
2854	0	3
2855	0	6
2857	1	4
2858	0	1
2859	0	3
2861	0	2
2862	0	4
2863	0	3
2864	0	2
2865	0	7
2866	0	4
2867	0	4
2868	0	1
2869	1	2
2870	0	6
2871	0	4
2872	0	3
2873	0	3
2874	1	6
2875	0	1
2876	0	1
2877	4	3
2878	1	2
2879	0	6
2880	1	3
2881	0	3
2882	2	1
2883	0	1
2884	0	3
2886	0	1
2887	0	3
2888	2	0
2889	0	3
2890	0	1
2891	0	2
2892	1	0
2893	0	2
2895	0	3
2896	0	6
2897	1	2
2898	0	6
2899	0	6
2900	0	3
2901	0	4
2902	0	3
2903	0	2
2904	1	4
2905	0	1
2906	1	1
2907	0	3
2908	0	1
2909	0	2
2910	0	2
2911	0	3
2912	0	3
2913	0	3
2914	0	3
2915	2	2
2916	1	2
2917	1	5
2918	2	1
2919	1	3
2920	0	2
2921	0	3
2922	0	2
2923	0	2
2924	1	0
2925	0	1
2926	0	4
2927	0	3
2928	0	1
2929	0	3
2930	0	1
2931	1	2
2932	1	0
2933	0	4
2934	1	1
2936	1	0
2937	1	2
2938	1	2
2939	0	2
2940	1	3
2941	1	3
2942	1	3
2944	0	3
2945	0	1
2947	1	2
2948	0	3
2949	0	2
2950	1	10
2951	0	6
2952	1	6
2953	2	4
2954	0	4
2955	0	4
2956	1	3
2957	1	4
2958	0	3
2959	0	3
2960	0	1
2961	1	4
2962	0	5
2963	2	4
2964	0	2
2966	2	3
2967	0	3
2968	0	3
2969	2	1
2970	1	4
2971	1	2
2972	0	3
2973	0	2
2974	2	7
2975	1	3
2976	0	2
2977	0	3
2978	0	1
2979	0	3
2980	0	3
2981	0	3
2983	2	4
2984	1	2
2985	2	1
2986	0	7
2987	0	3
2988	0	4
2989	1	5
2992	0	1
2993	1	2
2994	0	4
2995	0	1
2996	0	4
2997	1	1
2998	1	3
2999	0	3
3000	2	3
3001	0	4
3002	1	7
3003	3	3
3004	1	4
3005	0	4
3006	0	3
3007	1	1
3008	0	2
3009	0	3
3010	1	5
3011	0	4
3012	0	4
3013	1	2
3014	0	2
3015	0	4
3016	2	2
3017	2	1
3018	0	5
3019	0	3
3020	0	1
3021	0	4
3022	0	1
3023	1	1
3024	0	2
3025	0	2
3026	0	2
3027	3	0
3028	1	4
3029	0	5
3030	0	2
3031	0	4
3032	1	5
3033	1	3
3034	0	2
3035	0	2
3036	0	2
3037	0	2
3038	0	4
3039	0	4
3040	0	4
3041	0	2
3042	0	2
3043	0	3
3044	2	2
3045	2	3
3046	0	2
3047	1	3
3048	1	2
3049	2	3
3050	0	3
3051	2	0
3052	1	4
3053	1	3
3054	1	5
3055	1	2
3056	0	3
3057	0	2
3058	0	1
3059	0	2
3060	0	1
3061	0	4
3062	0	2
3063	0	2
3064	2	1
3065	1	3
3066	0	2
3067	0	4
3068	0	3
3069	0	3
3070	0	1
3071	0	3
3072	0	3
3073	0	3
3074	1	1
3075	1	1
3076	0	2
3077	2	5
3078	0	4
3079	0	4
3080	0	1
3081	0	2
3082	0	6
3083	1	2
3084	1	5
3085	0	2
3086	3	1
3087	1	1
3088	1	5
3089	1	2
3090	0	6
3091	1	3
3092	0	1
3093	1	3
3094	0	3
3095	1	1
3096	1	2
3097	1	3
3098	0	2
3099	0	1
3100	0	1
3101	1	4
3102	1	6
3103	0	9
3104	0	2
3106	0	3
3107	1	3
3109	0	2
3110	1	2
3111	0	3
3112	0	2
3113	0	3
3114	0	2
3115	0	3
3116	1	1
3117	0	3
3118	0	2
3119	0	1
3120	1	1
3121	0	4
3122	1	1
3123	1	4
3124	0	2
3126	0	1
3127	2	3
3128	0	5
3129	1	8
3130	1	2
3131	0	2
3132	0	3
3134	0	2
3135	3	0
3136	2	4
3137	0	4
3138	0	5
3139	0	4
3140	2	0
3141	1	3
3142	1	0
3143	1	6
3144	0	5
3145	2	4
3146	0	4
3147	2	3
3148	1	2
3149	0	5
3150	1	0
3151	2	3
3152	1	3
3153	2	2
3154	0	3
3155	0	6
3156	2	3
3157	0	5
3158	1	3
3159	1	3
3160	2	2
3161	1	3
3162	2	4
3163	0	5
3164	1	3
3165	0	3
3166	1	4
3167	1	4
3168	0	5
3169	1	4
3170	1	2
3171	0	5
3172	1	5
3173	0	3
3174	2	3
3175	0	3
3176	2	6
3177	1	3
3178	1	4
3180	1	2
3181	0	2
3182	0	2
3183	1	1
3184	0	5
3185	0	4
3186	0	4
3187	2	3
3188	0	6
3189	1	6
3190	1	4
3191	1	0
3192	0	3
3193	0	3
3194	0	2
3195	0	2
3197	0	4
3198	0	4
3199	0	4
3200	0	2
3201	2	1
3202	0	1
3203	1	2
3205	1	5
3206	1	3
3207	0	6
3208	0	4
3209	0	3
3210	1	1
3211	0	3
3212	1	2
3213	0	1
3214	0	3
3215	1	4
3216	0	3
3217	0	4
3218	0	3
3219	1	6
3220	2	3
3221	0	4
3222	1	3
3223	0	4
3224	1	3
3225	0	3
3227	3	3
3228	1	3
3229	1	4
3230	1	4
3231	1	5
3232	0	2
3233	0	2
3234	0	2
3235	0	2
3236	0	2
3237	0	3
3238	0	2
3239	0	4
3240	0	2
3241	1	0
3242	0	3
3243	1	2
3244	2	0
3245	0	2
3246	0	2
3247	1	2
3248	0	1
3249	0	4
3250	0	5
3251	2	3
3252	0	1
3253	0	1
3254	0	4
3255	3	2
3256	1	3
3257	1	1
3258	0	1
3259	0	4
3260	0	3
3261	2	4
3262	0	2
3263	1	0
3264	0	3
3265	2	3
3266	1	2
3267	1	4
3268	1	2
3269	2	5
3270	0	2
3272	0	2
3273	0	4
3274	0	4
3275	1	3
3276	0	4
3277	0	2
3278	2	3
3279	0	2
3280	0	1
3281	1	3
3282	2	5
3283	0	3
3284	0	3
3285	3	1
3286	2	2
3287	0	1
3288	0	2
3289	0	6
3290	0	1
3291	1	1
3292	0	1
3294	1	3
3295	0	3
3296	0	3
3297	1	5
3299	0	3
3300	0	1
3301	0	3
3302	1	3
3303	1	4
3304	0	1
3305	1	1
3306	1	7
3307	0	5
3308	0	1
3309	2	2
3310	0	4
3311	0	1
3312	0	4
3313	1	4
3314	0	4
3315	1	3
3316	0	4
3317	0	4
3318	0	4
3319	0	2
3320	1	2
3321	1	5
3322	1	4
3323	0	3
3324	0	2
3325	0	5
3326	0	2
3327	1	4
3328	1	5
3329	0	4
3330	1	4
3331	0	4
3332	1	3
3333	1	1
3334	0	1
3335	0	4
3336	1	4
3341	0	1
3342	1	2
3343	0	2
3344	0	4
3345	1	4
3346	0	3
3347	0	1
3348	1	1
3349	2	1
3350	0	1
3351	0	2
3352	1	5
3353	0	2
3354	0	2
3355	1	1
3356	3	1
3357	0	2
3358	3	1
3359	0	4
3360	0	1
3361	1	1
3362	0	3
3363	0	6
3364	0	2
3365	1	3
3366	0	3
3367	0	2
3368	0	3
3369	0	1
3370	2	3
3371	0	2
3372	0	4
3373	0	4
3374	0	3
3375	0	3
3376	0	2
3377	0	2
3378	0	4
3379	0	3
3380	2	2
3381	1	2
3382	0	5
3383	0	3
3384	2	3
3385	3	1
3386	0	4
3387	0	3
3388	1	7
3389	0	4
3390	0	2
3391	1	2
3392	0	3
3393	0	6
3394	0	5
3395	0	4
3396	0	4
3397	0	3
3398	0	2
3399	1	8
3400	1	3
3401	1	6
3402	0	3
3403	1	6
3404	1	3
3405	1	1
3406	1	4
3407	0	2
3408	0	1
3409	0	4
3410	1	0
3411	2	3
3412	1	5
3413	0	1
3414	0	2
3415	0	4
3416	0	1
3417	0	3
3418	3	4
3419	1	5
3420	0	4
3421	2	5
3422	0	4
3423	0	6
3424	1	2
3425	1	3
3426	1	6
3427	0	3
3428	0	1
3429	0	3
3430	0	3
3431	1	3
3432	0	5
3433	0	2
3434	0	2
3435	0	3
3436	0	3
3437	1	3
3438	0	4
3439	0	6
3440	3	6
3441	0	1
3442	0	2
3443	0	3
3444	2	4
3445	1	4
3446	2	5
3447	1	3
3448	1	2
3449	0	5
3450	1	7
3451	0	5
3453	1	6
3454	2	3
3455	1	1
3456	0	12
3457	0	2
3458	0	6
3459	1	3
3460	1	3
3461	0	2
3462	2	5
3463	0	3
3464	0	5
3465	0	3
3466	1	3
3468	2	2
3469	0	3
3470	2	1
3471	1	3
3472	0	2
3473	0	2
3474	0	4
3475	0	3
3476	0	5
3477	0	1
3478	0	2
3479	3	4
3480	1	1
3481	0	2
3482	0	2
3483	1	1
3484	2	0
3486	1	3
3487	1	6
3488	0	8
3489	2	5
3490	1	4
3491	1	2
3492	1	5
3493	0	3
3494	0	4
3495	0	4
3496	0	3
3497	2	4
3498	0	2
3499	0	6
3500	0	3
3501	0	10
3502	0	1
3503	0	7
3504	0	2
3505	0	6
3506	0	6
3507	1	3
3508	0	4
3509	1	4
3510	0	3
3511	2	4
3512	0	6
3513	2	7
3514	0	3
3515	1	4
3516	3	2
3517	1	3
3518	1	5
3519	0	3
3520	0	5
3521	0	4
3522	1	5
3523	0	5
3524	0	5
3525	0	3
3526	0	6
3527	0	2
3528	1	4
3529	0	5
3530	0	2
3531	0	3
3532	0	3
3533	1	2
3534	0	2
3535	0	9
3536	2	3
3537	0	5
3538	1	5
3539	2	6
3540	2	4
3541	0	2
3542	0	7
3543	1	2
3544	0	2
3545	0	2
3546	0	10
3547	0	5
3548	0	1
3549	0	2
3550	2	3
3551	1	1
3552	3	6
3553	1	4
3554	0	3
3555	0	3
3556	3	3
3557	0	2
3558	0	4
3559	1	3
3560	0	6
3561	1	4
3562	0	3
3563	2	4
3564	1	7
3565	1	7
3566	2	9
3567	1	3
3568	1	6
3569	2	3
3570	2	2
3571	0	1
3572	1	5
3574	1	2
3575	0	4
3577	0	3
3578	1	4
3579	1	2
3580	0	2
3581	0	4
3582	0	1
3583	0	5
3584	0	2
3585	0	1
3586	0	5
3587	2	4
3588	0	3
3589	0	8
3590	0	2
3591	1	2
3592	0	1
3593	1	1
3594	0	4
3595	0	3
3596	0	4
3598	1	3
3599	2	6
3600	0	4
3601	1	0
3602	1	3
3603	0	3
3604	1	2
3605	0	5
3606	0	4
3607	1	1
3608	0	3
3609	0	3
3610	0	2
3611	2	4
3612	1	1
3613	0	5
3614	0	3
3615	1	1
3617	0	4
3618	0	6
3619	0	3
3620	3	0
3621	0	3
3622	1	3
3623	0	5
3624	0	2
3625	0	11
3626	0	3
3627	0	2
3628	0	3
3629	0	4
3630	3	5
3631	0	1
3632	0	3
3633	0	3
3634	0	1
3635	0	3
3636	0	3
3637	3	3
3638	0	1
3639	1	3
3640	0	1
3641	1	5
3642	0	3
3643	0	3
3644	0	1
3645	1	4
3646	2	4
3647	1	1
3648	1	1
3649	0	4
3650	0	5
3651	0	2
3652	1	0
3653	0	4
3654	1	2
3655	2	1
3656	1	2
3657	0	1
3658	0	3
3659	2	2
3660	0	1
3661	0	4
3662	3	2
3663	0	6
3664	1	4
3667	0	10
3668	0	5
3669	0	3
3670	0	1
3671	0	2
3672	0	3
3673	0	3
3674	1	2
3675	0	1
3676	1	0
3677	0	2
3678	1	2
3679	0	1
3680	1	3
3681	1	0
3682	0	1
3686	0	2
3687	0	2
3688	0	5
3689	0	1
3690	0	4
3691	1	4
3692	0	2
3693	0	4
3694	0	3
3695	0	3
3696	1	2
3697	0	3
3698	0	6
3699	2	1
3700	1	1
3701	1	4
3702	1	1
3703	0	3
3704	0	1
3705	0	1
3706	0	2
3707	0	5
3708	0	3
3709	0	4
3710	1	1
3711	1	2
3712	1	0
3713	2	5
3714	0	1
3715	0	1
3716	1	6
3717	1	5
3718	1	2
3719	1	0
3720	0	2
3721	0	1
3722	0	3
3723	0	2
3724	0	4
3725	0	1
3726	1	5
3727	0	3
3729	0	2
3730	0	4
3731	0	4
3732	0	3
3733	1	3
3734	0	2
3735	1	3
3737	1	5
3738	1	3
3739	1	3
3740	2	1
3741	0	1
3742	0	2
3743	0	2
3744	1	3
3745	1	1
3746	0	3
3747	0	1
3748	2	2
3749	0	2
3750	1	2
3751	0	1
3752	0	1
3753	1	3
3755	0	3
3756	1	0
3757	0	7
3758	0	1
3759	1	2
3760	1	4
3761	0	1
3762	0	3
3763	0	3
3764	1	1
3765	2	4
3766	1	2
3767	0	5
3768	0	4
3769	0	2
3770	0	2
3771	0	2
3772	0	8
3773	0	2
3774	0	5
3775	0	5
3776	2	6
3777	2	1
3778	0	5
3779	0	2
3780	0	2
3781	0	4
3782	0	1
3783	0	2
3784	1	2
3785	0	3
3786	2	6
3787	0	2
3788	0	2
3789	1	4
3790	1	2
3791	0	3
3792	0	2
3793	1	1
3794	0	3
3795	1	2
3796	0	1
3797	0	2
3798	0	2
3799	0	4
3800	1	6
3801	0	4
3802	0	1
3803	1	3
3804	0	3
3805	0	1
3806	0	1
3808	0	1
3809	1	0
3811	0	3
3812	0	2
3813	0	3
3814	0	4
3815	0	3
3817	0	5
3818	1	1
3819	2	0
3820	1	1
3821	0	1
3822	1	5
3823	0	2
3824	0	7
3825	0	2
3826	0	3
3827	0	3
3828	0	1
3829	0	8
3830	0	1
3831	2	2
3832	1	2
3833	0	3
3834	0	2
3835	0	1
3836	0	3
3837	1	5
3838	3	7
3839	0	2
3840	0	3
3841	1	3
3842	1	2
3843	0	1
3844	0	3
3845	0	1
3846	0	5
3847	2	1
3848	0	2
3849	0	3
3850	0	3
3851	1	1
3852	3	4
3853	3	5
3854	0	4
3855	0	5
3856	0	5
3857	0	1
3859	0	2
3860	0	1
3861	1	3
3862	0	5
3863	0	1
3864	0	3
3865	0	5
3866	0	1
3867	1	2
3868	2	7
3869	0	4
3870	0	1
3871	0	3
3872	0	2
3873	0	3
3874	0	1
3875	1	6
3877	0	2
3878	0	4
3879	0	3
3880	0	7
3881	1	6
3882	1	3
3883	1	3
3884	0	3
3885	0	6
3886	0	4
3887	1	7
3888	2	4
3889	0	3
3890	0	4
3891	1	2
3892	0	1
3893	0	2
3894	2	1
3895	0	2
3896	1	4
3897	1	1
3898	0	4
3899	2	1
3900	0	3
3901	0	2
3902	0	3
3903	0	4
3904	0	4
3906	0	2
3907	1	3
3908	1	5
3909	1	3
3910	0	1
3911	1	4
3912	0	5
3913	2	2
3914	1	6
3915	0	2
3916	0	2
3917	0	5
3918	1	4
3919	1	1
3920	0	3
3921	0	3
3922	1	1
3923	1	3
3924	1	4
3925	0	2
3926	0	3
3927	1	4
3928	0	1
3929	0	1
3930	1	5
3931	1	3
3932	0	3
3933	0	3
3934	0	6
3935	0	1
3936	0	3
3937	2	3
3938	0	1
3939	0	2
3940	1	4
3941	0	3
3943	1	2
3944	0	2
3945	0	9
3946	0	3
3947	0	3
3948	1	4
3949	1	4
3950	1	1
3951	0	1
3952	0	2
3953	0	3
3954	0	2
3955	0	4
3956	0	5
3957	1	2
3958	0	4
3959	0	2
3960	0	2
3961	0	5
3962	0	1
3963	0	1
3964	0	4
3965	1	3
3966	1	3
3967	0	4
3968	1	3
3969	0	2
3970	1	5
3971	1	0
3972	0	1
3973	0	3
3974	2	3
3975	4	3
3976	0	5
3977	0	2
3978	0	3
3979	0	3
3980	2	0
3981	1	1
3983	0	1
3984	0	3
3985	0	3
3986	2	2
3987	1	0
3988	1	2
3989	1	0
3990	0	3
3991	0	1
3992	0	1
3993	1	2
3994	0	5
3995	2	3
3996	2	4
3997	0	5
3998	2	3
3999	0	4
4000	1	3
4001	1	7
4002	1	2
4003	1	2
4004	0	2
4005	0	3
4006	0	3
4007	0	3
4008	0	3
4009	1	0
4011	0	3
4012	0	2
4013	0	7
4014	0	1
4015	1	5
4016	2	2
4017	0	4
4018	0	4
4019	0	1
4020	0	1
4021	1	1
4022	0	3
4023	1	3
4024	2	3
4025	0	3
4026	1	1
4027	0	4
4028	0	2
4029	0	1
4030	1	1
4031	2	2
4032	1	1
4033	2	3
4034	0	4
4035	0	3
4036	1	3
4037	0	3
4038	0	4
4039	0	3
4040	2	4
4041	1	3
4042	0	2
4044	0	3
4045	0	2
4046	4	3
4047	0	2
4048	1	3
4049	2	0
4050	1	3
4051	1	2
4052	0	3
4053	1	2
4054	1	3
4055	1	3
4056	0	2
4057	0	3
4058	2	2
4059	0	1
4060	1	1
4061	0	2
4062	0	1
4063	1	3
4064	0	1
4065	0	3
4066	0	3
4067	1	4
4068	0	2
4069	0	4
4070	0	3
4071	0	4
4072	0	2
4073	1	7
4074	0	2
4075	0	3
4076	0	4
4077	0	2
4078	1	4
4079	1	1
4080	0	4
4081	0	1
4082	1	3
4083	0	4
4084	1	3
4085	0	3
4086	0	3
4087	0	3
4088	0	6
4089	0	3
4090	0	2
4091	1	1
4092	0	3
4093	0	3
4094	1	2
4095	0	4
4096	0	3
4097	0	1
4098	0	4
4099	1	1
4100	0	5
4101	0	2
4102	1	5
4103	0	2
4104	0	2
4106	1	3
4107	0	1
4108	0	3
4109	1	3
4110	0	5
4111	1	2
4112	0	4
4113	0	2
4114	0	2
4115	1	2
4116	0	1
4117	0	2
4118	0	7
4119	0	3
4120	2	3
4121	0	3
4122	0	2
4123	0	2
4124	2	1
4125	1	0
4126	0	2
4127	1	2
4128	0	3
4129	2	6
4130	0	3
4131	0	2
4132	2	2
4133	0	2
4134	3	2
4136	1	0
4137	0	2
4138	0	1
4139	1	3
4140	1	4
4141	0	2
4142	0	2
4143	2	1
4144	0	2
4145	0	3
4146	1	4
4147	1	3
4148	0	2
4149	1	2
4150	0	2
4151	0	1
4152	0	3
4153	1	3
4154	1	2
4155	2	6
4156	1	2
4157	0	6
4158	0	3
4159	1	0
4160	0	1
4161	1	2
4162	1	2
4163	0	4
4164	0	2
4165	0	1
4166	1	2
4167	0	5
4168	0	5
4169	0	4
4170	0	2
4171	1	3
4172	0	2
4173	1	4
4174	0	2
4175	0	1
4176	1	4
4177	0	3
4178	0	3
4179	1	4
4180	0	1
4181	0	5
4182	0	1
4183	0	4
4184	0	1
4185	0	3
4186	1	0
4187	0	2
4188	0	3
4189	1	2
4190	0	1
4191	1	1
4192	0	2
4193	0	3
4194	0	1
4195	0	4
4196	1	4
4197	0	5
4198	0	2
4199	1	6
4200	1	4
4201	1	4
4202	0	4
4203	0	4
4204	0	4
4205	0	4
4206	0	5
4207	0	3
4208	0	4
4209	2	2
4210	0	3
4211	0	2
4212	2	1
4213	0	6
4214	3	1
4215	0	4
4216	1	3
4217	1	3
4218	1	0
4219	0	3
4220	0	3
4221	1	4
4222	0	3
4224	1	4
4226	1	5
4227	0	2
4228	0	2
4229	0	5
4230	0	4
4231	0	1
4232	0	4
4233	0	1
4234	0	1
4235	0	4
4236	2	2
4237	0	2
4238	0	3
4239	0	5
4240	2	2
4241	1	2
4242	0	2
4243	0	1
4244	0	1
4246	1	5
4247	0	4
4248	0	4
4249	1	4
4250	3	1
4251	0	4
4252	1	4
4253	1	1
4254	1	5
4255	0	8
4256	0	2
4257	1	1
4258	0	3
4259	0	4
4260	0	2
4261	1	4
4262	0	1
4263	1	4
4264	0	4
4265	0	3
4266	1	5
4267	0	1
4268	0	1
4269	1	0
4270	1	4
4271	1	5
4272	0	3
4273	0	1
4274	0	1
4275	1	3
4276	0	2
4277	1	4
4278	0	3
4279	0	4
4280	1	3
4281	1	3
4282	0	1
4283	0	1
4284	0	3
4285	0	2
4286	0	2
4287	2	2
4288	0	7
4289	0	2
4290	0	2
4291	3	2
4292	2	4
4293	0	3
4294	0	1
4295	0	6
4296	2	3
4297	0	4
4298	0	2
4299	0	1
4300	1	1
4301	0	2
4302	1	1
4303	0	1
4304	0	7
4305	0	1
4306	0	5
4307	0	3
4308	0	2
4309	0	2
4310	2	1
4311	0	2
4312	1	1
4313	1	1
4314	0	1
4315	0	3
4316	1	2
4317	0	1
4318	1	2
4319	0	2
4320	0	2
4321	0	2
4322	1	1
4323	0	2
4324	1	5
4325	1	1
4326	0	3
4327	0	1
4328	1	3
4329	1	3
4330	0	6
4331	0	1
4332	1	2
4333	1	4
4334	1	1
4335	0	1
4336	0	3
4337	1	3
4338	1	3
4339	3	4
4340	0	3
4341	0	8
4342	0	3
4343	1	1
4344	1	3
4345	0	3
4346	1	2
4347	0	3
4348	1	8
4349	0	3
4350	0	4
4351	2	3
4352	1	2
4353	0	1
4354	0	2
4355	2	2
4356	1	2
4357	0	4
4358	0	1
4359	0	2
4360	1	1
4361	1	4
4362	1	1
4363	0	4
4364	1	2
4365	0	2
4366	0	2
4367	3	4
4368	3	3
4369	1	1
4370	1	2
4371	1	2
4372	1	4
4373	0	1
4374	0	3
4375	0	1
4376	0	2
4377	3	0
4378	0	1
4379	0	1
4380	0	3
4381	0	2
4382	0	1
4383	0	1
4384	1	3
4385	0	6
4386	0	1
4387	0	4
4388	0	3
4389	0	5
4390	0	2
4391	0	1
4392	0	1
4394	1	3
4395	0	4
4396	0	2
4397	0	2
4398	0	8
4399	1	4
4400	2	1
4401	1	3
4402	0	2
4403	0	2
4404	1	5
4405	1	1
4406	0	2
4407	0	5
4409	0	1
4410	0	5
4411	0	4
4413	1	5
4414	0	2
4415	0	2
4416	1	3
4417	1	0
4418	0	1
4419	0	1
4420	0	5
4421	1	2
4422	1	1
4423	0	1
4424	0	4
4425	0	5
4426	1	2
4427	1	2
4428	1	2
4431	0	4
4432	0	1
4433	0	1
4434	0	4
4435	0	5
4436	0	1
4437	0	1
4438	1	5
4439	0	3
4440	0	1
4441	2	3
4442	0	4
4443	1	3
4444	1	5
4445	1	1
4446	2	3
4447	1	4
4448	0	5
4449	0	2
4450	0	1
4451	0	1
4452	0	2
4453	0	2
4454	0	1
4455	0	3
4456	1	1
4457	1	4
4458	0	2
4459	2	1
4460	1	0
4461	1	3
4462	1	2
4463	0	3
4464	1	1
4465	0	3
4466	0	3
4468	0	2
4469	2	1
4470	0	3
4471	0	3
4472	0	2
4473	1	2
4474	1	0
4475	1	2
4476	0	5
4477	1	0
4478	1	0
4480	0	2
4481	0	3
4482	1	4
4483	0	3
4484	0	2
4485	0	1
4486	0	7
4487	1	0
4488	0	3
4489	0	3
4490	0	3
4491	2	2
4492	0	1
4493	0	2
4494	1	1
4495	0	5
4496	0	7
4497	0	3
4498	0	3
4499	0	3
4500	0	3
4501	0	1
4503	1	1
4504	0	3
4505	0	4
4506	1	3
4507	0	3
4508	1	2
4509	0	2
4510	0	3
4511	0	4
4512	0	4
4513	0	4
4514	2	0
4515	0	5
4516	2	0
4517	1	2
4518	0	4
4519	1	3
4520	1	3
4521	0	2
4522	0	5
4523	1	5
4524	0	6
4525	0	2
4526	0	3
4527	0	1
4528	0	3
4529	0	3
4530	0	1
4531	1	3
4532	0	5
4533	0	2
4534	0	1
4535	0	1
4536	1	3
4537	1	3
4538	0	3
4539	0	3
4540	1	2
4541	3	3
4542	0	3
4543	1	1
4544	1	4
4545	1	2
4546	0	4
4547	0	1
4548	0	5
4549	2	6
4550	0	1
4551	0	1
4552	0	4
4553	0	3
4554	0	1
4555	0	1
4556	0	2
4557	0	1
4558	1	2
4559	4	4
4560	1	8
4561	0	4
4562	0	2
4563	0	1
4564	0	5
4565	0	6
4566	0	1
4567	0	3
4568	0	4
4569	1	0
4570	0	8
4571	1	3
4572	0	5
4573	0	3
4574	0	1
4575	1	4
4576	0	2
4577	0	6
4578	1	2
4579	0	2
4580	0	1
4581	0	3
4582	1	2
4583	0	2
4584	1	5
4585	0	2
4586	1	1
4587	2	2
4588	0	2
4589	0	2
4590	0	3
4591	0	3
4592	2	2
4593	1	2
4594	0	3
4595	1	2
4596	0	2
4598	1	0
4599	0	2
4600	0	3
4601	0	5
4602	1	4
4603	1	1
4604	0	3
4605	0	3
4606	0	5
4607	2	0
4608	1	1
4609	1	4
4610	0	3
4611	0	8
4612	1	3
4613	1	2
4614	2	2
4615	0	5
4616	0	6
4617	0	2
4618	0	6
4619	0	3
4620	0	5
4621	0	7
4622	0	4
4623	3	3
4624	0	2
4625	0	1
4626	0	5
4627	0	1
4628	1	3
4629	5	10
4630	1	7
4631	0	2
4632	0	3
4633	0	4
4634	0	4
4635	0	3
4636	0	5
4637	1	4
4638	1	3
4639	1	2
4640	1	2
4641	1	3
4642	1	4
4643	0	1
4644	0	1
4645	0	5
4647	0	1
4648	0	4
4649	1	2
4650	0	6
4651	2	1
4652	0	5
4653	1	5
4655	1	0
4656	0	2
4657	3	4
4658	0	1
4659	0	3
4660	0	4
4661	2	0
4662	0	4
4663	0	1
4664	0	1
4665	1	6
4666	0	3
4667	1	3
4668	0	1
4670	0	1
4671	0	1
4672	0	1
4673	0	1
4674	0	1
4675	0	2
4676	2	3
4677	0	2
4678	0	2
4679	0	1
4680	2	3
4681	0	2
4683	0	3
4684	0	1
4685	0	1
4686	1	6
4687	0	2
4688	1	3
4689	0	4
4690	1	3
4691	0	4
4692	0	1
4693	2	6
4694	0	2
4695	1	3
4696	1	0
4697	1	1
4698	3	1
4699	0	2
4700	1	5
4701	2	5
4702	0	1
4703	0	3
4704	0	2
4705	0	1
4706	0	1
4707	1	4
4708	1	1
4709	0	2
4710	0	4
4711	0	4
4712	0	6
4713	2	5
4714	0	4
4715	0	4
4717	0	3
4718	0	2
4719	2	2
4720	0	4
4721	1	2
4722	0	4
4723	1	2
4724	0	2
4725	1	3
4726	2	2
4727	1	3
4728	0	2
4729	1	3
4730	1	1
4731	0	4
4732	1	2
4733	0	4
4734	0	1
4735	0	2
4736	0	2
4737	1	3
4738	1	5
4740	0	1
4741	0	2
4742	4	5
4743	2	2
4744	0	4
4745	1	2
4746	0	6
4747	0	5
4748	0	2
4749	0	4
4750	0	2
4751	0	2
4752	0	3
4753	2	6
4754	1	3
4755	0	1
4756	0	2
4757	0	4
4758	0	3
4759	0	2
4760	0	2
4762	1	3
4763	3	3
4764	0	5
4765	1	2
4766	0	1
4767	1	2
4768	0	3
4769	2	0
4771	0	4
4772	0	5
4773	0	1
4774	0	2
4775	0	2
4776	0	2
4777	0	1
4778	1	4
4779	0	2
4780	0	1
4781	0	4
4782	1	1
4783	1	5
4784	0	6
4785	0	4
4786	1	1
4787	1	2
4788	1	1
4789	1	4
4790	0	2
4791	0	2
4792	1	2
4793	0	3
4794	0	2
4795	0	4
4796	0	1
4797	1	4
4798	1	4
4799	4	1
4800	0	2
4801	0	1
4803	0	3
4804	0	2
4805	0	2
4806	0	3
4807	0	3
4808	0	5
4809	3	1
4810	0	2
4811	1	1
4812	0	1
4813	0	3
4814	2	2
4815	0	2
4817	0	1
4818	0	2
4819	0	5
4820	1	0
4821	0	5
4822	0	3
4823	0	3
4824	0	1
4825	1	2
4826	0	5
4827	1	1
4828	0	5
4829	0	3
4830	1	5
4831	0	4
4832	1	1
4833	0	2
4835	0	4
4836	0	1
4837	0	1
4838	1	2
4839	2	2
4840	0	2
4841	0	4
4842	0	1
4843	0	2
4844	0	1
4845	1	3
4846	1	1
4848	0	4
4849	0	5
4850	0	1
4851	0	1
4852	0	7
4853	0	5
4854	0	3
4855	0	4
4856	0	1
4857	0	3
4858	0	2
4860	1	3
4861	0	2
4862	3	3
4864	0	3
4865	0	2
4866	0	3
4867	1	2
4868	1	2
4869	1	3
4870	0	3
4871	0	1
4872	1	5
4873	0	3
4874	1	2
4875	1	4
4876	2	3
4877	0	2
4878	0	4
4879	1	1
4880	0	5
4882	0	1
4883	1	3
4884	0	2
4885	0	4
4886	0	1
4887	0	3
4888	0	3
4889	0	2
4890	0	2
4891	0	1
4892	0	1
4894	0	2
4895	1	0
4896	1	7
4897	1	2
4898	0	2
4899	1	4
4900	1	4
4901	0	2
4902	0	3
4903	1	1
4904	0	2
4905	3	0
4906	0	4
4907	1	2
4908	0	1
4909	1	7
4910	2	2
4911	0	1
4913	1	4
4914	0	2
4915	0	2
4916	0	1
4917	1	4
4918	3	0
4919	2	0
4920	0	5
4921	1	7
4922	0	1
4923	0	4
4924	0	2
4925	1	2
4926	0	2
4927	0	4
4928	0	1
4929	1	5
4930	0	2
4931	0	3
4932	0	1
4933	0	4
4934	2	2
4935	0	2
4936	0	2
4937	0	2
4938	0	1
4939	1	3
4940	0	2
4941	0	2
4942	2	3
4943	0	3
4944	0	4
4945	0	1
4946	0	1
4947	1	4
4948	1	3
4949	2	5
4950	0	3
4951	0	6
4952	0	2
4953	0	1
4954	0	2
4955	1	4
4956	1	0
4957	1	2
4958	0	2
4960	0	6
4961	2	2
4962	0	2
4963	0	3
4964	0	3
4965	1	2
4966	2	1
4967	0	3
4969	0	3
4970	0	4
4971	0	5
4972	0	4
4973	0	2
4974	1	3
4976	0	4
4977	0	2
4978	1	1
4979	0	2
4980	1	1
4981	1	2
4982	1	2
4983	0	1
4984	0	3
4985	0	5
4986	1	2
4987	2	2
4988	1	1
4989	0	2
4990	0	2
4991	0	4
4992	0	3
4993	1	3
4994	1	4
4995	0	1
4996	1	3
4997	0	5
4998	0	4
4999	0	5
5000	1	5
5001	1	2
5002	2	2
5003	1	1
5004	2	2
5005	1	7
5006	0	4
5007	0	3
5008	0	2
5009	0	2
5010	1	3
5011	2	1
5012	0	2
5014	0	3
5015	0	3
5016	0	1
5017	0	4
5018	1	3
5019	2	4
5020	0	3
5021	1	2
5022	1	0
5023	0	3
5024	0	1
5025	1	0
5026	1	3
5027	0	2
5028	0	4
5029	2	3
5030	0	1
5031	4	3
5032	0	1
5033	0	3
5034	0	1
5035	1	3
5036	3	6
5038	2	3
5039	1	2
5040	1	2
5041	0	2
5042	0	4
5043	0	6
5044	1	5
5045	0	5
5046	0	3
5047	0	2
5048	2	3
5049	1	1
5050	0	6
5051	1	1
5052	0	3
5053	0	1
5054	0	4
5055	0	2
5056	1	0
5057	0	5
5058	1	4
5059	0	6
5060	0	5
5061	3	2
5062	1	3
5063	0	4
5064	0	3
5065	0	4
5066	1	3
5067	0	1
5069	0	2
5070	0	4
5071	1	4
5072	1	1
5073	2	4
5074	0	3
5075	0	2
5076	0	3
5077	3	0
5078	0	2
5079	2	2
5080	0	3
5081	1	7
5082	1	4
5083	1	3
5084	0	3
5085	0	2
5086	0	5
5088	0	4
5089	2	6
5090	1	5
5091	0	2
5092	2	2
5093	0	4
5094	1	1
5095	3	6
5096	1	3
5097	1	3
5098	1	3
5099	0	3
5100	0	3
5101	0	2
5102	0	1
5103	1	0
5104	0	3
5105	1	4
5106	0	3
5107	1	1
5108	1	4
5109	2	6
5110	1	4
5111	0	3
5112	1	3
5114	0	1
5115	1	2
5116	0	5
5117	0	2
5118	0	2
5119	0	3
5120	0	2
5121	0	3
5122	0	7
5123	0	4
5124	0	4
5125	0	2
5126	0	3
5127	3	2
5128	0	2
5129	0	5
5130	1	4
5131	3	3
5132	1	5
5133	0	3
5134	0	3
5135	0	5
5136	1	1
5137	1	7
5138	1	1
5139	0	6
5140	0	1
5141	0	2
5142	0	4
5143	1	5
5145	0	2
5146	0	1
5147	1	0
5148	0	1
5149	1	4
5150	1	4
5151	0	3
5152	0	3
5153	0	3
5154	1	5
5155	2	4
5156	0	2
5157	2	3
5159	0	1
5160	0	2
5161	0	5
5162	0	2
5163	0	4
5164	0	2
5165	0	1
5166	0	2
5167	0	3
5168	0	3
5169	1	2
5170	2	2
5171	0	5
5172	0	3
5173	0	3
5174	0	2
5175	0	1
5176	0	1
5177	2	2
5178	0	3
5179	1	2
5180	0	3
5181	0	4
5182	0	4
5183	0	7
5184	1	4
5185	2	0
5186	1	5
5187	3	4
5188	0	1
5189	0	5
5190	1	2
5192	0	1
5194	1	3
5195	0	2
5196	0	3
5197	0	1
5198	2	3
5199	0	7
5200	1	3
5201	0	2
5202	0	4
5203	0	5
5204	0	3
5205	0	2
5206	0	3
5207	0	1
5208	0	6
5209	0	2
5210	1	4
5212	0	3
5213	0	1
5214	3	2
5215	0	2
5216	0	3
5218	0	5
5219	0	3
5221	0	3
5222	0	2
5223	2	2
5224	0	1
5225	0	2
5226	1	3
5227	0	1
5228	0	2
5229	1	2
5230	2	2
5231	0	2
5232	1	2
5233	0	1
5234	0	3
5235	0	4
5236	1	5
5239	1	1
5240	0	2
5241	0	2
5242	0	2
5243	0	3
5244	0	1
5245	0	2
5246	1	7
5247	0	1
5248	0	4
5249	1	3
5250	0	5
5251	0	1
5252	2	0
5253	1	4
5254	0	3
5255	2	2
5256	0	4
5257	2	5
5259	0	2
5260	0	5
5261	1	1
5262	1	3
5263	1	4
5264	1	2
5265	0	4
5266	0	4
5267	0	1
5268	0	9
5269	1	4
5270	1	1
5271	0	3
5272	1	6
5273	2	2
5274	0	3
5275	2	5
5276	0	2
5277	0	1
5278	0	1
5279	0	2
5280	0	3
5281	0	2
5282	0	5
5283	0	2
5284	0	5
5285	0	1
5286	1	7
5288	1	4
5289	2	3
5290	0	3
5291	2	2
5292	1	1
5293	0	2
5294	1	3
5295	0	4
5296	0	3
5297	0	4
5298	0	3
5299	0	2
5300	2	1
5301	0	3
5302	0	2
5303	0	3
5304	2	0
5305	1	4
5306	1	2
5307	0	2
5308	0	3
5309	4	4
5310	0	2
5311	0	5
5312	1	3
5313	1	5
5314	0	6
5315	1	0
5317	0	2
5318	1	1
5319	1	2
5320	0	4
5321	3	5
5322	0	2
5323	0	2
5324	0	2
5325	0	2
5326	1	3
5327	1	4
5328	1	1
5329	3	4
5330	2	3
5331	2	7
5332	1	0
5333	1	2
5334	0	2
5335	0	3
5336	0	2
5337	1	3
5338	2	6
5339	1	4
5340	0	1
5341	0	3
5342	1	3
5344	0	7
5345	0	3
5346	0	10
5347	0	1
5349	1	6
5350	0	2
5351	0	4
5352	2	3
5353	1	2
5354	1	4
5355	0	4
5356	0	2
5357	0	2
5358	1	4
5359	0	1
5360	0	4
5361	0	4
5362	1	4
5363	0	4
5364	0	3
5365	0	1
5366	1	3
5368	1	3
5369	0	5
5370	1	1
5371	1	1
5372	1	2
5373	0	2
5374	0	3
5375	0	4
5376	0	2
5377	0	3
5378	1	2
5379	0	4
5380	2	1
5381	0	3
5382	1	3
5383	0	6
5384	0	1
5385	0	4
5386	4	2
5387	0	4
5388	0	1
5389	1	0
5390	2	3
5391	1	2
5392	1	1
5393	1	1
5394	0	3
5395	0	2
5396	0	2
5397	1	3
5398	0	1
5399	0	5
5400	0	3
5401	0	3
5402	1	6
5403	1	4
5404	1	1
5405	0	1
5406	0	1
5407	0	2
5408	0	2
5409	0	2
5410	1	1
5411	1	2
5412	0	8
5413	0	2
5414	1	0
5415	0	3
5416	0	4
5417	1	2
5418	2	7
5419	1	1
5420	1	1
5421	0	1
5422	1	4
5423	0	4
5424	1	0
5425	0	2
5426	0	1
5427	0	6
5428	0	5
5429	1	1
5430	0	3
5431	0	5
5432	1	5
5433	1	2
5434	0	4
5435	0	6
5436	0	4
5437	1	0
5438	2	3
5439	0	1
5440	0	3
5441	0	5
5442	0	1
5443	1	3
5444	1	4
5445	0	6
5446	1	10
5447	0	2
5448	1	2
5449	0	3
5450	1	2
5451	1	2
5452	2	3
5453	2	2
5454	0	7
5455	0	3
5456	1	3
5457	3	5
5458	0	1
5459	1	2
5460	0	2
5461	1	7
5462	0	3
5463	1	2
5464	1	3
5465	0	5
5466	0	3
5467	1	5
5468	0	6
5469	1	3
5470	0	5
5471	2	4
5472	0	6
5473	0	5
5474	1	3
5475	1	4
5476	0	1
5477	0	2
5478	3	5
5479	0	3
5480	0	4
5481	2	4
5482	1	3
5483	0	6
5484	1	6
5485	3	2
5486	1	5
5487	1	1
5488	0	4
5489	2	7
5490	2	4
5491	0	6
5492	0	5
5493	0	4
5494	1	3
5495	2	2
5496	1	4
5497	0	8
5498	1	2
5499	1	4
5500	1	2
5501	1	6
5502	0	3
5503	1	6
5504	1	8
5505	1	3
5506	2	4
5507	1	3
5508	1	3
5509	0	6
5510	2	1
5511	1	7
5512	0	5
5513	1	3
5514	3	4
5515	3	3
5516	0	7
5517	2	2
5518	0	1
5519	0	2
5520	2	6
5521	0	4
5522	1	2
5523	1	4
5524	2	3
5525	1	3
5526	0	7
5527	1	4
5528	2	4
5529	0	4
5530	0	3
5531	0	2
5532	0	4
5533	2	2
5534	0	1
5535	0	3
5536	1	0
5537	0	1
5538	2	4
5539	1	1
5540	0	4
5541	1	7
5542	0	5
5543	0	2
5544	1	3
5545	1	5
5546	1	2
5547	0	2
5548	0	2
5549	0	1
5550	1	2
5551	0	1
5552	0	1
5553	1	1
5554	0	3
5555	0	2
5556	0	1
5557	0	1
5558	1	2
5559	0	3
5560	0	3
5561	0	3
5562	2	2
5563	0	2
5564	1	2
5565	2	5
5566	0	2
5567	0	2
5568	3	4
5569	0	3
5570	1	4
5571	2	3
5572	0	3
5573	0	3
5574	1	2
5575	0	3
5576	1	5
5577	1	4
5578	1	2
5580	0	2
5581	1	4
5582	1	2
5583	1	4
5584	0	1
5585	1	6
5586	0	3
5587	0	1
5588	0	3
5589	2	5
5590	0	2
5591	1	5
5592	1	1
5593	0	1
5594	0	4
5595	0	3
5596	1	1
5597	2	2
5598	2	3
5599	0	4
5600	1	1
5601	0	3
5602	0	1
5603	0	2
5604	0	2
5605	0	1
5606	0	2
5607	0	3
5608	1	3
5609	1	1
5610	1	3
5611	1	3
5612	1	2
5613	0	6
5614	0	2
5615	2	0
5616	0	4
5617	1	2
5618	0	7
5619	0	4
5620	0	4
5621	0	3
5622	0	4
5623	2	1
5624	0	4
5625	0	2
5626	0	5
5627	0	2
5628	0	1
5629	1	4
5630	1	4
5631	0	1
5632	0	3
5633	1	5
5634	2	1
5635	0	2
5636	0	1
5637	0	4
5638	2	5
5639	0	2
5640	1	3
5641	0	2
5642	0	2
5643	1	2
5644	1	0
5645	0	7
5646	1	0
5647	0	2
5648	1	2
5649	0	2
5651	0	2
5652	0	1
5653	1	3
5654	1	3
5655	2	3
5656	1	3
5657	2	6
5658	0	4
5659	1	3
5660	0	2
5661	0	1
5662	0	3
5663	0	2
5664	0	2
5665	0	1
5666	0	5
5667	1	3
5668	0	3
5670	0	2
5671	1	2
5672	0	4
5673	0	3
5674	0	4
5675	0	3
5676	0	4
5677	0	3
5678	0	4
5679	0	5
5680	0	4
5681	2	4
5682	0	2
5683	1	1
5684	1	1
5685	1	2
5686	1	2
5687	2	3
5688	0	2
5689	1	5
5690	0	5
5691	0	4
5692	0	3
5693	0	4
5694	0	4
5695	0	4
5696	0	3
5697	0	1
5698	0	4
5699	0	5
5700	0	5
5701	0	2
5702	0	1
5703	0	2
5704	0	2
5705	0	3
5706	1	1
5707	0	2
5708	0	3
5709	1	2
5710	1	4
5711	2	7
5712	1	1
5713	0	3
5714	2	5
5715	0	2
5716	1	1
5717	3	0
5718	1	1
5719	0	4
5720	1	2
5721	1	2
5722	1	2
5723	0	2
5724	0	2
5725	0	3
5726	1	2
5727	1	2
5728	0	2
5729	0	3
5730	1	2
5731	0	3
5733	2	0
5734	1	5
5735	1	5
5736	1	1
5737	1	7
5738	0	5
5739	0	1
5740	0	2
5741	0	2
5742	1	5
5743	1	2
5744	1	0
5745	0	3
5746	0	2
5747	2	3
5748	1	3
5749	2	0
5750	0	2
5751	0	3
5752	0	3
5753	1	3
5754	0	2
5755	1	4
5756	0	3
5757	1	3
5758	1	1
5760	0	2
5761	0	1
5762	4	7
5763	3	2
5764	1	1
5765	0	3
5766	0	2
5767	0	2
5768	0	1
5769	0	4
5771	2	4
5772	0	1
5773	0	1
5774	0	2
5775	0	1
5776	1	4
5777	0	3
5778	1	1
5779	0	3
5780	0	3
5781	0	3
5782	2	3
5783	1	1
5784	0	2
5785	1	2
5786	2	3
5787	1	2
5788	1	6
5790	0	2
5791	0	3
5792	1	1
5793	0	2
5794	1	4
5795	0	2
5796	0	3
5797	0	3
5798	0	5
5799	0	3
5801	0	2
5802	1	2
5803	1	1
5804	1	1
5805	1	2
5806	0	3
5807	0	1
5808	0	5
5809	0	2
5810	0	6
5811	1	2
5812	1	0
5814	0	3
5815	0	3
5816	0	4
5817	0	3
5818	0	3
5819	0	5
5820	1	3
5821	0	3
5822	0	5
5823	0	5
5824	0	5
5825	0	2
5826	2	1
5827	1	1
5828	0	2
5829	1	3
5830	0	3
5831	0	2
5832	0	2
5833	0	4
5834	0	5
5835	1	2
5836	0	3
5837	0	2
5838	0	3
5839	0	4
5840	0	2
5841	2	3
5842	0	5
5843	1	1
5844	0	1
5845	0	6
5846	0	6
5847	1	5
5848	0	4
5849	3	3
5850	2	2
5851	0	5
5853	1	3
5854	1	7
5855	0	1
5856	2	4
5857	1	3
5858	1	6
5859	0	2
5860	2	2
5861	1	4
5862	2	2
5863	0	3
5864	0	2
5865	2	3
5866	0	5
5867	0	3
5868	0	2
5869	1	4
5870	1	2
5871	0	1
5872	0	3
5874	0	7
5875	1	3
5876	0	3
5877	0	1
5878	0	1
5881	1	1
5882	1	4
5883	1	3
5884	1	6
5885	1	1
5886	1	6
5887	0	5
5888	1	6
5889	1	2
5890	0	4
5891	1	2
5892	0	2
5893	0	1
5894	0	2
5895	1	4
5896	1	3
5897	0	5
5898	0	2
5899	1	6
5900	1	1
5901	2	3
5902	1	3
5903	0	4
5904	0	4
5905	0	3
5906	0	2
5907	1	9
5908	1	6
5909	0	2
5910	1	2
5911	1	2
5912	3	3
5913	0	2
5914	0	2
5915	2	3
5916	1	2
5917	0	3
5918	0	2
5919	0	5
5920	0	3
5921	0	5
5922	0	4
5923	0	3
5924	0	3
5925	0	4
5926	0	4
5927	1	4
5928	0	5
5929	0	3
5930	1	2
5931	2	4
5932	2	3
5933	1	1
5934	0	4
5935	2	3
5936	1	3
5937	1	2
5938	1	3
5939	3	4
5940	3	1
5941	0	3
5942	0	5
5943	0	6
5944	3	6
5945	0	3
5946	1	2
5947	1	4
5948	0	5
5949	2	4
5950	2	4
5951	0	2
5952	0	9
5953	0	1
5954	1	4
5955	2	4
5956	1	4
5957	1	4
5958	1	5
5959	1	4
5960	1	3
5961	1	3
5962	1	1
5963	1	4
5964	0	3
5965	2	2
5966	1	3
5967	0	4
5968	1	4
5969	1	3
5970	1	1
5971	0	2
5972	1	1
5973	1	4
5974	1	6
5975	0	2
5976	0	4
5977	0	3
5978	0	3
5979	0	6
5980	0	2
5981	0	2
5982	0	6
5983	0	5
5984	1	3
5985	1	4
5986	1	5
5987	0	3
5988	0	4
5989	0	3