1	1	5
2	0	4
3	0	3
4	1	4
5	1	8
6	0	5
7	0	4
8	0	3
9	0	3
10	1	7
11	1	4
12	0	7
13	0	5
14	0	4
15	4	5
16	1	1
17	0	4
18	1	3
19	0	4
20	1	4
21	2	2
22	0	3
23	0	1
24	0	4
25	1	4
26	1	6
27	2	2
28	0	2
29	0	5
30	0	3
31	3	2
32	2	6
33	0	7
34	2	5
35	0	2
36	0	1
37	0	3
38	2	3
39	0	1
40	2	2
41	2	5
42	2	4
43	2	2
44	0	2
45	0	4
46	1	3
47	1	2
48	1	4
49	1	2
50	1	6
51	2	4
52	2	3
53	0	4
54	2	8
55	2	4
56	2	4
57	0	1
58	0	7
59	1	4
60	3	6
61	1	4
62	1	5
63	1	1
64	2	3
65	0	6
66	0	3
67	2	4
68	0	7
69	0	3
70	0	1
71	0	1
72	0	3
73	1	3
74	1	5
75	0	4
76	1	5
77	1	5
78	2	3
79	1	7
80	0	2
81	3	3
82	1	2
83	1	4
84	1	1
85	3	6
86	0	1
87	3	3
88	2	3
89	1	6
90	3	4
91	0	2
92	4	9
93	3	6
94	5	5
95	0	3
96	1	5
97	1	4
98	0	4
99	2	1
100	2	3
101	2	2
102	1	4
103	2	2
104	0	4
105	2	6
106	0	5
107	2	3
108	0	3
109	6	3
110	1	6
111	1	4
112	0	4
113	0	5
114	1	3
115	0	4
116	1	0
117	0	5
118	0	7
119	0	2
120	4	4
121	2	4
122	0	4
123	0	2
124	0	9
125	1	5
126	1	3
127	3	4
128	0	5
129	1	5
130	1	3
131	0	4
132	3	2
133	1	2
134	1	3
135	1	8
136	1	1
137	0	1
138	1	3
139	2	3
140	0	9
141	1	4
142	0	2
143	3	2
144	2	3
145	0	4
146	1	4
147	4	5
148	1	4
149	0	2
150	1	2
151	1	3
152	2	2
153	0	2
154	1	8
155	1	5
156	1	8
157	1	2
158	0	5
159	0	3
160	1	4
161	0	4
162	2	5
163	0	6
164	0	2
165	1	0
166	1	2
167	0	3
168	1	6
169	0	6
170	0	3
171	2	7
172	1	3
173	1	3
174	0	3
175	2	4
176	0	2
177	0	5
178	0	5
179	2	5
180	2	2
181	0	5
182	0	4
183	2	1
184	0	8
185	3	4
186	0	1
187	1	0
188	0	3
189	1	2
190	0	3
191	2	4
192	0	5
194	0	5
195	1	6
196	2	5
197	0	2
198	0	2
199	1	5
200	0	5
201	0	5
202	0	2
203	0	5
204	3	4
205	2	3
206	0	2
207	2	5
208	0	7
209	0	8
210	0	7
211	0	5
212	0	2
213	0	7
214	0	4
215	3	4
216	2	3
217	1	2
218	0	1
219	1	3
220	0	4
221	1	3
222	0	2
223	1	4
224	0	4
225	0	4
227	0	1
228	0	4
229	0	4
230	2	5
231	1	7
232	0	3
233	0	1
234	0	6
235	0	2
236	3	5
237	0	7
238	0	4
239	4	4
240	0	2
241	0	3
242	1	4
243	2	2
244	0	3
245	2	1
246	1	3
249	1	7
250	4	3
251	0	4
252	0	3
253	0	2
254	2	5
255	1	4
256	0	4
257	0	3
258	0	2
259	0	5
260	1	3
261	1	5
262	0	7
263	0	5
264	0	2
265	3	7
266	1	3
267	2	1
268	2	2
269	2	6
270	3	3
271	1	7
272	1	4
273	0	4
274	2	4
275	1	6
276	0	3
277	1	5
278	3	2
279	0	3
280	1	2
281	0	5
282	0	1
283	1	4
284	1	2
285	2	1
286	0	4
287	1	3
288	1	7
289	3	6
290	0	3
291	0	3
292	3	5
294	0	4
295	0	4
296	0	3
297	1	2
298	0	1
299	0	4
300	0	3
301	0	5
302	2	5
303	1	7
304	0	1
305	1	3
306	0	1
307	0	2
308	2	5
309	0	2
310	2	8
311	1	8
312	1	0
313	1	3
314	0	4
315	0	3
316	1	1
317	1	1
318	0	7
319	1	5
320	0	5
321	1	4
322	1	2
323	1	5
324	0	8
325	0	4
327	2	5
328	0	1
329	0	1
330	0	6
331	0	2
332	0	4
333	4	6
334	0	6
335	0	5
336	1	4
337	1	4
338	1	4
339	1	3
340	0	3
341	0	4
342	0	1
343	1	4
344	0	3
345	1	8
346	0	5
347	0	2
348	1	8
349	1	2
350	0	1
351	0	1
352	0	5
353	0	3
354	0	3
355	0	3
356	0	10
357	1	2
359	2	3
360	1	7
361	1	2
362	1	5
363	0	4
364	3	3
365	1	2
366	0	3
367	3	5
368	0	3
369	0	1
370	1	8
371	2	1
372	1	1
373	0	4
374	2	1
375	0	10
376	0	2
377	0	7
378	2	4
379	1	1
380	1	12
381	1	5
382	0	5
383	0	3
384	1	3
385	0	2
386	1	2
387	0	4
388	2	3
389	0	4
390	0	4
391	0	3
392	2	6
393	0	2
394	0	5
395	2	6
396	0	3
397	2	4
398	3	6
399	1	6
400	0	4
401	0	2
402	1	1
403	1	2
404	1	3
405	0	2
406	0	6
407	0	4
408	0	2
409	0	2
410	1	4
411	0	1
412	0	3
413	3	2
414	1	3
415	0	6
416	0	10
418	2	5
419	0	5
420	0	3
421	0	4
422	0	1
423	1	3
424	1	9
425	0	5
426	1	8
427	1	6
428	1	7
429	0	7
430	2	4
431	1	5
432	1	4
433	0	6
434	1	3
435	1	5
436	1	5
437	1	4
438	0	4
439	0	5
440	1	5
441	0	6
442	2	5
443	0	3
444	0	3
445	1	3
446	2	6
447	1	3
448	0	7
449	0	6
450	0	6
451	0	5
452	2	2
453	1	6
454	0	3
455	0	3
456	0	5
457	1	8
458	1	3
459	1	2
460	0	4
461	1	3
462	0	1
463	0	7
464	0	4
465	0	6
466	1	5
467	0	6
468	0	4
469	0	4
470	0	6
471	0	3
472	0	3
473	0	2
474	0	5
475	2	2
476	0	3
477	0	2
478	1	4
479	0	6
480	0	3
481	0	3
482	2	4
483	0	3
484	0	4
485	0	5
487	1	6
489	0	2
490	0	1
491	3	1
492	0	4
493	1	4
494	0	5
495	2	5
496	0	5
497	1	0
498	0	5
499	0	4
500	0	4
501	1	4
502	0	2
503	1	6
504	1	3
505	0	1
506	0	1
507	0	3
508	0	4
509	1	6
510	1	2
511	1	2
512	0	3
513	0	2
514	2	6
515	0	5
516	0	5
517	1	4
518	0	2
519	1	1
520	0	4
521	1	5
522	0	2
523	1	3
524	0	2
525	1	3
526	0	4
527	1	4
528	0	5
529	2	4
530	2	5
531	0	2
532	1	4
533	0	6
534	1	3
535	1	4
536	1	4
537	1	3
538	0	5
539	3	4
540	3	1
541	2	1
542	1	0
543	1	0
544	2	5
545	3	4
546	1	2
547	1	3
548	2	5
549	0	6
550	0	3
551	0	4
552	0	3
553	2	2
554	0	3
555	1	3
556	0	3
557	0	2
558	0	3
559	2	2
560	0	2
561	1	1
562	0	3
563	0	4
564	0	4
565	0	3
566	0	5
567	1	1
568	2	1
569	2	1
570	0	4
571	1	3
572	2	2
573	0	7
574	1	2
575	1	3
576	2	2
577	0	5
579	0	3
580	2	2
582	0	4
583	1	5
584	1	3
585	0	3
587	0	3
588	0	2
589	0	1
590	0	1
591	1	1
592	0	2
593	0	5
594	1	1
595	1	4
596	0	5
597	0	3
598	2	5
599	0	4
600	0	3
601	0	4
602	0	1
603	0	3
604	0	4
605	0	4
606	0	3
607	0	6
608	0	3
609	0	1
610	1	3
611	0	2
612	0	2
613	2	6
614	1	1
615	0	2
616	1	7
617	0	2
618	0	4
619	1	4
620	0	4
621	1	3
622	0	1
623	0	3
624	0	3
625	0	6
626	0	3
627	0	8
628	1	2
629	0	7
630	2	2
631	1	1
632	0	4
633	0	5
634	0	1
635	1	1
636	1	8
637	0	2
638	1	6
639	3	4
640	0	4
641	3	5
642	4	4
643	0	4
644	0	3
645	0	1
646	2	6
647	0	3
648	1	4
649	0	6
650	0	4
651	0	1
652	0	5
653	1	3
654	0	2
655	1	1
656	0	5
657	0	1
658	1	7
659	3	3
660	1	3
661	1	3
662	0	5
663	0	4
664	1	3
665	0	3
666	0	2
667	1	3
668	0	4
669	0	3
670	0	4
671	0	3
672	1	2
673	0	2
674	1	3
675	1	1
676	1	6
677	0	3
678	0	4
679	0	6
680	1	4
681	0	4
682	2	1
683	0	9
684	1	1
685	0	5
686	0	4
687	0	8
688	0	2
689	0	4
690	1	7
691	0	1
692	1	4
693	1	2
694	1	4
695	0	1
696	0	3
697	1	2
698	0	4
699	0	3
700	1	4
701	0	3
702	1	4
703	1	6
704	1	7
705	0	6
706	0	6
707	0	1
708	0	4
709	2	4
710	2	8
711	0	3
712	2	2
713	3	7
714	2	2
715	0	6
716	0	1
717	0	1
718	0	8
719	0	2
720	0	1
721	0	3
722	0	3
723	2	1
724	0	2
725	0	1
726	1	3
727	0	1
728	0	2
729	1	5
730	2	3
731	1	2
732	0	4
733	0	5
734	1	3
735	0	1
736	0	5
737	0	4
738	1	3
739	1	4
740	1	3
741	0	2
742	0	3
743	0	1
744	1	5
745	0	4
746	0	3
747	0	5
748	1	2
749	1	1
750	0	2
751	0	2
752	2	5
753	0	4
754	2	0
755	1	3
756	1	5
757	0	5
758	0	4
759	0	1
760	0	2
761	0	4
762	1	2
763	2	1
764	1	4
765	1	3
766	0	2
767	0	2
768	0	4
769	0	1
770	0	1
771	2	2
772	0	6
773	1	8
774	2	4
775	3	4
776	2	2
777	1	5
778	0	4
779	0	5
780	0	2
781	0	1
782	0	5
783	0	3
784	0	4
785	0	7
786	3	4
787	0	3
788	1	1
789	0	7
790	2	5
791	1	3
792	2	3
793	0	7
794	0	2
795	0	4
796	0	4
797	0	3
798	0	5
799	1	5
800	0	4
801	0	4
802	0	5
803	0	3
804	0	7
805	3	1
806	3	3
807	0	4
808	0	7
809	1	8
810	0	2
811	2	3
812	0	2
813	1	3
814	0	4
815	1	3
816	1	6
817	0	4
818	1	2
819	0	1
820	0	5
821	0	5
822	1	8
823	0	4
824	0	1
825	0	4
826	0	4
827	0	3
828	0	2
829	0	4
830	0	3
831	0	3
832	1	2
833	0	6
834	2	3
835	0	1
836	0	3
837	0	3
838	0	5
839	1	8
840	1	4
841	0	1
842	0	5
843	0	5
844	1	5
845	0	8
846	0	2
847	0	5
848	0	3
849	2	5
850	2	2
851	0	5
852	0	3
853	1	1
854	0	3
855	0	6
856	3	4
857	1	5
858	2	3
859	0	2
860	0	5
861	0	2
862	0	3
863	0	2
864	0	1
865	0	2
866	0	4
867	0	4
868	0	4
869	1	4
870	1	6
871	2	5
872	1	4
873	1	2
874	1	1
875	0	4
876	0	2
877	1	3
878	1	12
879	1	5
880	0	5
881	0	6
882	0	6
883	0	3
884	0	5
885	0	5
886	0	5
887	1	6
888	2	8
889	0	3
890	0	3
891	0	5
892	0	5
893	0	3
894	0	6
895	0	4
896	0	11
897	0	3
898	1	5
899	2	3
900	0	4
901	1	4
902	2	4
903	0	5
904	1	5
905	0	6
906	0	7
907	0	2
909	1	3
910	1	1
911	1	4
912	1	4
913	2	4
914	0	2
915	0	3
916	0	2
917	1	3
918	1	3
919	3	3
920	0	2
921	0	2
922	1	3
923	1	4
924	0	3
925	0	3
926	0	3
927	0	2
928	0	4
929	1	4
930	0	1
931	0	3
932	1	5
933	0	1
934	0	5
935	0	3
936	1	0
937	2	8
938	2	3
939	0	2
940	1	3
941	1	0
942	0	3
943	0	1
944	0	5
945	0	4
946	0	5
947	0	6
948	0	4
949	0	2
950	0	3
951	1	7
952	0	3
953	0	9
954	1	3
955	0	6
956	0	4
957	2	1
958	0	1
959	0	1
960	0	3
961	1	3
963	0	3
964	2	6
965	1	4
966	1	5
967	0	2
968	1	2
969	1	3
970	0	3
971	2	1
972	0	5
973	1	3
974	1	0
975	0	2
976	0	3
977	0	3
978	0	2
979	0	3
980	2	4
981	1	2
982	2	1
983	0	2
984	1	4
985	0	4
986	1	6
987	0	3
988	1	2
989	0	3
990	1	7
991	1	2
992	1	2
993	1	6
994	0	2
995	0	5
996	2	1
997	0	5
998	1	5
999	0	3
1000	3	5
1001	0	5
1002	0	2
1003	0	2
1004	1	1
1005	0	3
1007	0	5
1008	2	3
1009	2	4
1010	1	3
1011	0	3
1012	0	4
1013	0	3
1014	0	3
1015	0	2
1016	4	1
1017	1	1
1018	1	3
1019	1	6
1020	0	5
1021	0	4
1022	1	2
1023	0	1
1024	2	4
1025	4	4
1026	0	4
1027	0	2
1028	2	2
1029	1	5
1030	0	3
1031	1	0
1032	0	5
1033	0	3
1034	0	5
1035	1	1
1036	1	4
1037	1	6
1038	1	3
1039	0	5
1040	0	3
1041	0	3
1042	0	1
1043	0	5
1044	0	5
1045	0	3
1046	0	7
1047	0	6
1048	3	8
1049	2	4
1050	0	2
1051	1	2
1053	0	4
1054	1	11
1055	0	7
1056	0	4
1057	0	2
1058	0	4
1059	1	3
1060	0	2
1061	1	8
1062	2	4
1063	0	5
1064	1	7
1065	2	7
1066	3	4
1067	0	3
1068	0	1
1069	0	9
1070	0	5
1071	0	4
1072	0	3
1073	0	7
1075	0	7
1076	0	4
1077	0	3
1078	1	3
1079	2	4
1080	0	1
1081	2	5
1082	1	4
1083	1	1
1084	0	3
1085	1	5
1086	1	4
1087	2	3
1088	0	9
1089	0	4
1090	1	3
1091	0	2
1092	0	4
1093	0	2
1094	2	5
1095	1	8
1096	0	5
1097	0	5
1098	0	3
1099	0	2
1100	2	4
1101	1	6
1102	0	10
1103	0	7
1104	0	2
1105	0	3
1106	0	3
1107	0	6
1108	2	3
1109	2	3
1110	1	2
1111	1	4
1112	0	3
1113	0	1
1114	0	2
1115	1	4
1116	1	1
1117	1	5
1118	0	2
1119	0	10
1120	1	1
1121	1	1
1122	0	4
1123	0	3
1124	1	5
1125	0	6
1126	1	4
1127	1	2
1128	1	2
1129	1	1
1130	0	1
1131	1	4
1132	0	2
1133	1	2
1134	1	3
1135	1	4
1136	1	4
1137	0	1
1138	2	4
1139	0	1
1140	1	9
1141	2	1
1142	0	4
1143	0	3
1144	1	7
1145	0	5
1146	1	0
1147	0	2
1148	0	5
1149	0	3
1150	0	4
1151	2	2
1152	0	3
1153	1	4
1154	0	2
1155	0	5
1156	1	6
1157	0	3
1158	1	0
1159	0	1
1160	3	4
1161	0	6
1162	2	0
1163	0	3
1164	2	1
1165	1	5
1166	0	1
1167	0	5
1168	2	2
1169	2	4
1170	0	5
1171	2	0
1172	0	3
1173	0	6
1174	1	6
1175	1	1
1176	0	3
1177	0	3
1178	3	3
1179	1	4
1180	1	4
1181	1	3
1182	0	3
1183	0	3
1184	0	4
1185	0	5
1186	0	8
1187	1	5
1188	0	2
1189	0	3
1190	1	3
1191	0	3
1192	0	5
1193	1	1
1194	1	5
1195	0	1
1196	2	2
1197	2	3
1198	0	2
1199	1	6
1200	0	6
1201	0	1
1202	2	0
1203	0	2
1204	0	4
1205	0	5
1206	0	7
1207	0	4
1208	1	5
1209	0	2
1210	0	1
1211	3	4
1212	1	6
1213	0	1
1214	1	2
1215	0	4
1216	2	5
1217	1	3
1218	0	4
1219	0	3
1220	0	3
1221	4	1
1222	1	4
1223	3	4
1224	0	5
1225	2	2
1226	0	1
1227	0	5
1228	0	3
1229	0	7
1230	0	2
1231	2	2
1232	0	8
1233	1	3
1234	0	3
1235	1	7
1236	0	4
1237	1	0
1238	0	3
1239	1	5
1240	0	4
1241	1	6
1242	0	5
1243	1	5
1244	0	6
1245	2	4
1246	0	8
1247	3	3
1248	1	3
1249	1	4
1250	1	3
1251	0	4
1252	2	1
1253	1	4
1254	1	1
1255	0	1
1256	1	1
1257	0	4
1258	0	2
1259	1	2
1260	1	9
1261	0	5
1262	0	5
1263	0	4
1264	1	4
1265	1	2
1266	0	1
1267	0	5
1268	0	5
1269	3	2
1270	0	4
1271	0	6
1272	1	4
1273	0	2
1274	1	0
1275	0	4
1276	0	3
1277	0	3
1278	0	4
1279	0	1
1280	1	1
1281	0	2
1282	0	4
1283	0	3
1284	0	4
1285	0	4
1286	0	5
1287	1	3
1288	0	3
1289	5	4
1290	3	1
1291	1	4
1292	1	4
1293	1	2
1294	0	3
1295	3	4
1296	6	7
1297	2	4
1298	0	5
1299	0	1
1300	0	4
1301	1	3
1302	2	11
1303	0	2
1304	0	6
1305	3	9
1306	0	2
1307	0	7
1308	0	3
1309	0	2
1310	0	1
1311	0	6
1312	0	5
1313	0	6
1314	3	3
1315	1	10
1316	1	2
1317	0	2
1318	3	5
1319	2	0
1320	1	4
1321	0	3
1322	1	2
1323	2	3
1324	0	1
1325	1	4
1326	0	4
1327	2	6
1328	0	2
1329	0	2
1330	2	4
1331	0	2
1332	0	5
1333	2	0
1334	0	5
1335	1	3
1336	0	1
1337	0	6
1338	0	3
1339	1	2
1340	1	3
1341	0	5
1342	0	3
1343	0	3
1344	2	4
1345	2	1
1346	0	3
1347	0	4
1348	0	1
1349	1	5
1350	3	3
1351	0	9
1352	1	4
1353	0	1
1354	1	1
1355	1	1
1356	0	2
1357	1	1
1358	2	4
1359	0	2
1360	0	7
1361	0	2
1362	1	1
1363	0	6
1364	1	3
1365	1	3
1366	2	9
1367	0	5
1368	0	4
1369	0	3
1370	0	2
1371	2	1
1372	3	5
1373	0	4
1374	0	6
1375	1	4
1376	1	2
1377	2	8
1378	1	3
1379	0	5
1380	0	1
1381	0	3
1382	0	3
1383	1	3
1384	1	3
1385	0	5
1386	0	3
1387	0	6
1388	2	3
1389	2	1
1390	0	3
1391	1	0
1392	0	4
1393	1	5
1394	1	2
1395	2	3
1396	0	4
1397	0	2
1398	1	7
1399	1	3
1400	0	5
1401	2	6
1402	0	4
1403	0	2
1404	2	7
1405	0	2
1406	0	5
1407	1	4
1408	1	2
1409	3	3
1410	1	3
1411	0	4
1412	0	3
1414	0	4
1415	0	2
1416	0	2
1417	1	2
1418	2	5
1419	1	5
1420	0	4
1421	0	5
1422	0	3
1423	0	4
1424	0	4
1425	0	9
1426	0	3
1427	1	7
1428	0	5
1429	0	3
1430	0	5
1431	2	6
1432	1	3
1433	1	4
1434	0	2
1435	1	4
1436	0	10
1437	1	7
1438	0	4
1439	0	2
1440	1	6
1441	1	1
1442	2	4
1443	3	0
1444	0	4
1445	1	2
1446	1	7
1447	2	3
1448	2	6
1449	1	2
1450	0	5
1451	0	3
1452	0	4
1453	0	3
1454	0	8
1455	0	5
1456	0	3
1457	0	3
1458	0	4
1459	1	3
1460	1	1
1461	0	5
1462	1	1
1463	0	4
1464	0	3
1465	0	5
1466	1	1
1467	0	4
1468	0	7
1469	0	4
1470	2	6
1471	0	8
1472	0	3
1473	0	3
1474	0	5
1475	0	3
1476	1	3
1477	1	2
1478	0	8
1479	1	0
1480	0	3
1481	1	5
1482	0	6
1483	0	4
1484	1	5
1485	1	6
1486	0	11
1487	0	4
1488	0	6
1489	0	4
1490	0	4
1491	1	2
1492	0	5
1493	0	6
1494	0	6
1495	0	6
1496	0	4
1497	0	4
1498	1	5
1499	0	6
1500	0	8
1501	2	4
1502	2	3
1503	0	8
1504	0	5
1506	3	5
1507	0	4
1508	0	4
1509	2	6
1510	1	2
1511	1	6
1512	2	7
1513	0	3
1514	2	6
1515	1	5
1516	0	7
1517	1	7
1518	1	5
1519	1	3
1520	0	4
1521	1	6
1522	1	3
1523	1	1
1524	0	4
1525	1	5
1526	1	2
1527	0	1
1528	0	4
1529	0	6
1530	0	7
1532	0	7
1533	2	1
1534	0	1
1535	0	3
1538	0	1
1539	0	6
1540	0	5
1541	1	2
1542	0	2
1543	1	5
1544	1	2
1545	1	0
1546	1	1
1547	0	2
1548	0	2
1549	0	2
1550	0	2
1551	0	6
1552	1	3
1553	1	5
1554	0	4
1555	1	3
1556	1	3
1557	0	4
1558	1	2
1559	1	5
1560	0	5
1561	0	6
1562	0	4
1563	0	2
1564	0	3
1565	1	4
1566	0	3
1567	2	5
1568	0	4
1569	0	3
1570	1	7
1571	0	6
1572	0	3
1573	1	4
1574	0	2
1575	0	4
1576	0	5
1577	0	2
1578	1	2
1579	1	5
1580	1	4
1581	0	7
1582	0	5
1583	1	5
1584	2	3
1585	0	6
1586	0	6
1587	0	5
1588	0	4
1589	0	2
1590	0	7
1591	0	3
1592	0	3
1593	1	2
1594	0	4
1595	0	3
1596	1	2
1597	1	6
1598	0	8
1599	0	3
1600	0	2
1601	0	2
1602	0	6
1603	1	6
1604	0	7
1605	1	1
1606	0	2
1607	1	3
1608	0	8
1609	0	5
1610	0	2
1611	2	3
1612	0	2
1613	0	5
1614	0	4
1615	0	6
1616	0	4
1617	0	1
1618	1	1
1619	0	3
1620	0	1
1621	0	7
1623	0	7
1624	0	4
1625	2	2
1626	1	1
1627	1	0
1628	0	6
1629	1	3
1630	0	2
1631	0	3
1632	0	2
1633	0	2
1634	1	4
1635	0	1
1636	5	4
1637	3	5
1638	0	2
1639	0	5
1640	0	3
1641	0	1
1642	1	4
1643	0	1
1644	2	1
1645	1	3
1646	0	4
1647	1	3
1648	0	2
1649	2	3
1650	0	1
1651	0	3
1652	0	2
1653	0	1
1654	0	4
1655	4	8
1656	0	3
1657	0	4
1658	0	3
1659	1	3
1660	0	6
1661	0	3
1662	0	5
1663	0	3
1664	0	4
1665	0	2
1666	0	6
1667	0	6
1668	0	1
1669	1	1
1670	3	3
1671	1	2
1672	6	5
1673	1	2
1674	0	6
1675	1	9
1676	0	4
1677	0	2
1678	1	3
1679	1	5
1680	1	5
1681	1	4
1682	2	4
1683	1	4
1684	1	3
1685	0	5
1686	3	3
1687	0	2
1688	1	2
1689	0	2
1690	1	1
1691	1	4
1692	0	1
1693	1	4
1694	1	3
1695	0	3
1696	0	4
1697	1	2
1698	2	4
1699	1	4
1700	0	1
1701	0	2
1702	0	4
1703	0	4
1704	1	5
1705	3	3
1706	1	3
1707	0	4
1708	0	1
1709	0	4
1710	0	3
1711	0	2
1712	0	1
1713	0	6
1714	0	3
1715	0	4
1716	0	4
1717	0	2
1718	0	7
1719	1	4
1720	0	3
1721	0	5
1722	1	5
1723	1	12
1724	0	4
1725	0	6
1726	0	4
1727	0	4
1728	0	3
1729	0	6
1730	0	3
1731	2	5
1732	0	1
1733	1	7
1734	1	4
1735	1	2
1736	1	4
1737	1	5
1738	0	3
1739	0	3
1740	1	5
1741	0	2
1742	0	3
1743	1	5
1744	0	5
1745	0	4
1746	1	1
1747	0	5
1748	1	3
1749	0	2
1750	0	7
1751	0	4
1752	0	7
1753	2	9
1754	0	4
1755	2	7
1756	0	2
1757	2	1
1758	2	5
1759	0	11
1760	2	4
1761	0	4
1762	2	4
1763	0	6
1764	1	6
1765	1	5
1766	0	3
1767	2	4
1768	6	1
1769	2	1
1771	1	6
1772	0	3
1773	0	2
1774	0	5
1775	0	10
1776	1	8
1777	0	4
1778	0	6
1779	0	4
1780	0	3
1781	2	3
1782	0	9
1783	2	1
1784	0	5
1785	0	2
1786	0	3
1787	0	3
1788	0	7
1789	0	5
1790	2	5
1791	0	5
1792	0	4
1793	1	4
1794	2	2
1795	1	6
1796	1	5
1797	0	2
1798	3	4
1799	0	4
1800	1	8
1801	1	4
1802	0	5
1803	2	7
1804	2	7
1805	0	9
1806	3	5
1807	0	5
1808	0	5
1809	1	5
1810	2	1
1811	0	5
1812	0	4
1813	1	3
1814	2	1
1815	0	7
1816	2	0
1818	2	5
1819	0	3
1820	1	4
1821	2	3
1822	0	3
1823	1	3
1824	2	11
1825	0	4
1827	1	2
1828	0	5
1829	0	9
1830	0	5
1831	3	2
1832	1	1
1833	1	5
1834	0	4
1835	1	3
1836	0	5
1837	0	2
1838	0	4
1839	0	5
1840	0	3
1842	3	2
1843	0	4
1844	0	5
1845	0	4
1846	1	1
1847	1	5
1848	1	3
1849	0	2
1850	0	4
1851	0	6
1852	2	2
1853	0	2
1854	0	1
1855	0	3
1856	1	5
1857	0	4
1858	0	2
1859	1	6
1860	0	3
1861	1	6
1862	0	1
1863	1	2
1864	1	2
1865	2	5
1866	0	5
1867	1	2
1868	0	2
1869	0	9
1870	0	5
1871	0	7
1872	0	4
1873	2	0
1874	1	4
1875	0	2
1876	1	6
1877	1	0
1878	2	2
1879	0	1
1880	2	4
1881	1	2
1882	1	4
1883	0	3
1884	1	2
1885	2	3
1886	4	7
1887	2	4
1888	0	5
1889	1	4
1890	1	0
1891	1	6
1893	0	4
1894	0	3
1895	0	8
1896	1	3
1897	1	5
1898	0	4
1899	0	2
1900	1	1
1901	2	5
1902	0	1
1903	0	2
1904	0	5
1905	1	9
1906	0	4
1907	1	2
1908	0	5
1909	2	5
1910	1	4
1911	0	3
1912	1	3
1913	1	4
1914	0	3
1915	1	3
1916	0	4
1917	1	3
1918	0	2
1919	1	1
1920	0	2
1921	0	1
1922	0	3
1923	2	3
1924	1	2
1925	1	5
1926	0	2
1927	0	2
1928	0	5
1929	0	2
1930	2	3
1931	1	6
1932	0	2
1933	2	9
1934	2	1
1935	2	2
1936	0	4
1937	1	2
1938	1	4
1939	1	2
1940	2	2
1941	3	4
1942	1	2
1944	0	2
1945	0	4
1946	2	7
1947	1	3
1948	2	4
1949	2	2
1950	1	3
1951	2	5
1952	5	0
1953	1	1
1954	1	3
1955	1	3
1956	0	7
1957	0	1
1958	0	10
1959	3	2
1960	2	7
1961	0	3
1962	1	3
1963	1	5
1964	1	6
1965	1	2
1966	3	6
1967	1	4
1968	0	3
1969	0	4
1970	1	0
1971	0	4
1972	0	6
1973	1	5
1974	3	10
1975	2	5
1976	0	5
1977	1	4
1978	1	2
1979	0	12
1980	0	1
1981	0	4
1982	3	2
1983	0	3
1984	0	5
1985	0	5
1986	0	7
1987	0	3
1988	0	6
1989	0	10
1990	0	2
1991	1	4
1992	1	6
1993	1	6
1994	0	2
1995	0	6
1996	2	4
1997	1	3
1998	2	4
1999	0	3
2000	2	1
2001	0	4
2002	0	4
2003	1	3
2004	1	3
2005	1	5
2006	2	4
2007	0	5
2008	1	1
2009	1	2
2010	0	4
2011	2	2
2012	3	1
2013	0	4
2014	1	3
2015	1	3
2016	3	7
2017	1	2
2018	0	3
2019	1	4
2020	0	5
2021	2	3
2022	0	2
2023	1	4
2024	3	3
2025	2	1
2026	2	6
2027	0	1
2028	1	3
2029	0	4
2030	0	5
2031	0	3
2032	0	4
2033	2	6
2034	0	2
2035	0	4
2036	0	2
2037	1	1
2038	2	2
2039	1	4
2040	1	5
2041	0	1
2042	2	0
2043	0	2
2044	0	4
2045	0	3
2046	3	5
2047	3	6
2048	1	3
2049	0	2
2050	0	8
2051	0	1
2052	2	7
2053	0	2
2054	0	4
2055	1	3
2056	0	4
2057	1	3
2058	1	3
2059	1	4
2060	0	3
2061	0	8
2062	1	1
2063	0	3
2064	0	2
2065	1	3
2066	1	2
2067	1	1
2068	0	7
2069	0	4
2070	2	6
2071	4	2
2072	1	10
2073	0	7
2074	0	6
2075	2	6
2076	1	4
2077	1	4
2078	0	3
2079	2	3
2080	3	5
2081	2	5
2082	3	3
2083	4	2
2084	2	3
2085	2	2
2086	1	1
2087	0	5
2088	0	5
2089	0	1
2090	0	7
2091	1	2
2092	1	1
2093	2	0
2094	2	6
2095	0	5
2096	1	8
2097	0	1
2098	1	2
2099	1	4
2100	0	4
2101	2	1
2102	0	2
2103	0	2
2104	0	1
2105	0	1
2106	0	2
2107	1	1
2108	1	2
2109	0	2
2110	1	2
2111	0	2
2112	0	4
2113	0	4
2114	1	3
2115	3	5
2116	1	1
2117	4	2
2118	0	5
2119	0	1
2120	0	5
2121	0	3
2122	2	5
2123	0	4
2124	0	4
2125	4	2
2126	0	9
2127	2	5
2128	0	2
2129	1	3
2130	0	5
2131	1	3
2132	1	5
2133	0	1
2134	2	4
2135	2	8
2136	1	2
2137	0	7
2138	0	5
2139	0	2
2140	0	4
2141	0	2
2142	0	2
2143	1	5
2144	0	9
2145	1	2
2146	1	4
2147	0	6
2148	0	6
2149	0	4
2150	1	3
2151	0	6
2152	2	6
2153	0	3
2154	1	3
2155	1	2
2156	0	3
2157	0	4
2158	0	6
2160	1	5
2161	1	4
2163	1	4
2164	1	3
2165	0	4
2166	1	6
2167	1	5
2168	1	4
2169	3	6
2170	1	5
2171	0	5
2172	1	3
2173	1	4
2174	1	4
2175	2	4
2176	1	2
2177	0	1
2178	1	6
2179	2	6
2180	2	4
2181	1	7
2182	0	4
2183	2	6
2184	1	6
2185	1	3
2186	0	3
2187	0	4
2188	1	5
2189	0	4
2190	1	2
2191	1	3
2192	0	9
2193	1	4
2194	0	3
2195	0	4
2196	0	4
2197	0	8
2198	0	2
2199	1	3
2200	0	5
2201	0	5
2202	0	6
2203	1	4
2204	1	3
2205	0	5
2206	0	4
2207	3	7
2208	0	1
2210	0	3
2211	0	3
2212	1	3
2213	2	3
2214	1	3
2215	0	4
2216	1	3
2217	0	4
2218	1	4
2219	0	4
2220	0	1
2221	0	1
2222	1	10
2223	0	2
2224	1	4
2225	3	4
2226	1	8
2227	1	4
2228	0	7
2229	1	3
2230	1	3
2231	0	3
2232	0	2
2233	1	2
2234	2	5
2235	1	3
2236	0	1
2237	2	4
2238	0	5
2239	3	5
2240	0	2
2241	0	2
2242	1	8
2243	1	3
2244	0	2
2245	1	6
2246	1	3
2247	0	4
2248	1	3
2249	0	4
2250	0	5
2251	0	3
2252	0	8
2253	2	2
2254	3	1
2255	1	3
2256	0	3
2257	0	3
2258	3	2
2259	2	5
2260	0	3
2261	0	1
2262	0	3
2263	2	7
2264	0	4
2265	2	5
2266	0	4
2267	1	3
2268	0	3
2269	0	7
2270	0	4
2271	1	9
2272	0	2
2273	1	2
2274	0	4
2275	0	6
2276	0	2
2277	0	2
2278	0	2
2279	1	2
2280	0	3
2281	0	6
2282	0	7
2283	0	5
2284	0	6
2285	1	4
2286	0	2
2287	0	1
2288	2	2
2289	1	2
2290	0	4
2291	1	1
2293	1	2
2294	1	0
2295	1	4
2296	1	3
2297	1	1
2298	1	3
2299	0	4
2300	0	7
2301	0	8
2302	0	6
2303	0	6
2304	0	1
2305	1	4
2306	1	2
2307	0	3
2308	2	1
2309	1	6
2310	0	4
2311	1	0
2312	1	3
2313	0	3
2314	1	3
2315	0	1
2316	4	4
2317	1	2
2318	0	5
2319	0	2
2320	0	9
2321	0	1
2322	0	3
2323	0	6
2324	1	3
2325	0	9
2326	0	6
2327	0	5
2328	0	2
2329	0	3
2330	1	1
2331	0	3
2332	1	0
2333	1	5
2334	0	3
2335	0	7
2336	0	1
2337	0	4
2338	1	8
2339	1	4
2340	0	5
2341	1	6
2342	0	3
2343	0	3
2344	0	1
2345	0	4
2346	0	3
2347	0	3
2348	0	2
2349	1	5
2350	0	2
2351	0	4
2352	0	3
2353	0	6
2354	1	6
2355	0	7
2356	2	1
2357	1	6
2358	0	4
2359	0	1
2360	0	6
2362	0	1
2363	0	2
2364	0	4
2365	1	6
2366	0	5
2367	1	6
2368	0	2
2369	2	4
2370	0	2
2371	1	5
2372	3	3
2373	1	1
2374	0	4
2375	1	6
2376	0	2
2377	3	1
2378	0	2
2379	0	4
2380	1	8
2381	1	6
2382	0	4
2383	0	3
2384	1	7
2385	0	1
2387	0	2
2388	0	3
2389	0	2
2390	0	2
2391	2	2
2392	1	1
2393	0	6
2394	0	4
2395	0	3
2396	0	4
2397	0	2
2398	0	1
2399	1	1
2400	1	4
2402	2	3
2403	1	2
2404	0	5
2405	1	0
2406	0	2
2407	0	8
2408	0	2
2409	0	3
2410	0	4
2411	0	3
2412	1	5
2413	0	1
2414	0	4
2415	0	4
2416	1	6
2417	1	2
2418	1	3
2419	0	5
2420	1	6
2421	0	5
2422	0	2
2423	0	7
2424	0	1
2425	0	3
2426	0	7
2427	0	5
2428	0	3
2429	1	1
2430	1	1
2431	0	2
2432	0	5
2433	0	3
2434	1	1
2435	1	3
2436	0	1
2437	1	6
2438	1	2
2439	0	5
2440	0	1
2441	2	5
2442	0	2
2443	0	2
2444	0	1
2445	1	3
2446	1	1
2447	0	5
2448	0	4
2449	0	2
2450	4	3
2451	1	1
2452	1	3
2453	0	4
2454	0	1
2455	0	2
2456	0	1
2457	0	5
2458	1	9
2459	0	4
2460	1	1
2461	0	2
2462	1	5
2463	0	3
2464	2	3
2465	0	4
2466	0	3
2467	0	3
2468	0	4
2469	1	4
2470	1	4
2471	0	8
2472	2	4
2473	0	2
2474	0	4
2475	0	4
2476	1	5
2477	2	6
2480	1	4
2481	3	5
2482	1	3
2483	0	5
2484	0	6
2485	2	5
2486	0	3
2487	0	1
2488	0	3
2489	1	6
2490	0	4
2491	0	2
2492	1	0
2493	1	4
2494	0	3
2495	5	3
2496	1	0
2497	0	4
2498	0	3
2499	0	3
2500	1	2
2501	0	4
2502	1	3
2503	0	2
2504	0	3
2505	1	5
2506	0	4
2507	0	1
2508	1	7
2509	2	5
2510	0	4
2511	1	2
2512	0	3
2513	0	4
2514	0	1
2515	0	5
2516	2	6
2517	1	2
2518	1	3
2519	0	2
2520	1	1
2521	1	5
2522	0	2
2523	4	0
2524	1	5
2525	1	1
2526	1	2
2527	1	2
2528	1	0
2529	0	2
2530	1	3
2531	1	2
2532	1	2
2533	0	1
2534	1	2
2535	0	5
2536	1	2
2537	4	1
2538	2	5
2539	1	4
2540	1	3
2541	2	5
2542	0	4
2543	0	3
2544	0	5
2545	2	2
2546	0	2
2547	1	1
2548	2	8
2549	0	5
2550	1	3
2551	0	1
2552	3	4
2553	0	8
2554	2	6
2555	2	5
2556	1	4
2557	1	2
2558	0	3
2559	1	2
2560	0	10
2561	0	7
2562	0	4
2563	1	3
2564	0	2
2565	0	6
2566	0	3
2567	0	5
2568	0	1
2569	1	4
2570	1	2
2571	0	3
2572	0	3
2573	0	3
2574	0	4
2575	0	4
2576	1	2
2577	0	3
2578	0	1
2579	0	1
2580	1	5
2581	0	1
2582	1	1
2583	1	5
2584	2	2
2585	0	5
2586	0	4
2587	2	2
2588	2	2
2589	1	4
2590	0	5
2591	1	5
2593	0	5
2594	0	8
2595	0	1
2596	1	2
2597	1	2
2598	0	5
2599	0	3
2600	1	3
2601	2	2
2602	0	4
2603	1	7
2604	0	2
2605	1	1
2606	1	3
2607	0	7
2608	0	3
2609	0	4
2610	0	4
2611	0	2
2612	1	4
2613	2	6
2614	1	4
2615	0	2
2616	0	4
2617	0	7
2619	0	6
2620	0	3
2621	0	2
2622	0	3
2623	0	3
2624	3	3
2625	0	4
2626	1	3
2627	0	4
2628	0	4
2629	1	0
2630	0	4
2631	1	6
2632	2	0
2633	1	2
2634	3	1
2635	1	1
2636	0	4
2637	0	1
2638	1	6
2639	0	3
2640	1	3
2641	0	2
2642	0	4
2643	1	2
2644	1	8
2645	0	4
2646	1	4
2647	1	6
2648	0	2
2649	0	1
2650	0	3
2651	0	4
2652	0	5
2653	0	4
2655	2	3
2656	0	2
2657	1	7
2658	1	4
2659	0	3
2660	0	2
2661	1	4
2662	0	1
2663	0	9
2664	1	2
2665	0	3
2666	0	4
2667	0	6
2668	0	1
2669	0	1
2670	0	4
2671	0	7
2672	1	2
2673	0	5
2674	0	4
2675	0	6
2676	0	9
2677	0	6
2678	0	9
2679	1	5
2680	0	2
2681	3	3
2682	3	7
2683	0	5
2684	0	4
2685	1	7
2686	3	6
2687	0	3
2688	2	3
2689	1	9
2690	1	3
2691	0	7
2692	1	4
2693	0	5
2694	0	2
2695	2	8
2696	0	3
2697	1	5
2698	0	3
2699	4	2
2700	2	3
2701	1	7
2702	0	1
2703	0	6
2704	0	8
2705	1	7
2706	1	8
2707	2	6
2708	3	1
2709	3	6
2710	1	5
2711	0	2
2712	2	6
2713	1	6
2714	1	3
2715	3	7
2716	2	2
2717	1	3
2718	4	3
2719	1	3
2720	2	3
2721	1	4
2722	5	2
2723	7	2
2724	2	8
2725	1	3
2726	1	5
2727	0	5
2728	0	2
2729	2	1
2730	0	8
2731	0	4
2732	0	4
2733	2	5
2734	0	5
2735	1	9
2736	1	7
2737	0	3
2738	1	3
2739	1	3
2740	1	8
2741	1	6
2742	0	6
2743	3	3
2744	1	3
2745	0	2
2746	0	4
2747	1	7
2748	0	8
2749	2	3
2750	4	9
2751	0	3
2752	1	1
2753	1	1
2754	2	2
2755	2	4
2756	0	4
2757	1	6
2758	0	4
2759	1	7
2760	0	6
2761	2	2
2762	0	1
2763	0	1
2764	0	7
2765	0	1
2766	0	9
2767	0	6
2768	1	4
2769	1	3
2770	4	1
2771	1	8
2772	0	6
2773	0	4
2774	1	10
2775	0	2
2776	1	3
2777	1	4
2778	0	2
2779	3	5
2780	1	11
2781	0	4
2782	0	6
2783	1	6
2784	0	3
2785	1	3
2786	0	3
2787	3	3
2788	0	3
2789	1	5
2790	0	4
2791	0	4
2792	0	2
2793	4	3
2794	0	3
2795	1	6
2796	4	2
2797	0	1
2798	2	2
2799	0	5
2800	0	12
2801	1	7
2802	1	3
2803	1	5
2804	1	3
2805	0	2
2806	0	10
2807	0	5
2808	0	3
2809	1	2
2810	0	8
2811	0	5
2812	0	8
2813	1	9
2814	1	4
2815	0	2
2816	0	5
2817	0	6
2818	1	3
2819	0	3
2820	0	5
2821	0	2
2822	1	9
2823	1	5
2824	0	7
2825	0	1
2826	0	4
2827	0	4
2828	0	4
2829	0	2
2830	2	0
2831	1	1
2832	0	5
2833	1	3
2834	0	5
2836	2	5
2837	4	5
2838	1	2
2839	0	5
2840	0	9
2841	2	7
2842	0	3
2843	1	6
2844	1	4
2845	2	1
2846	1	5
2847	1	6
2848	2	2
2849	0	4
2850	0	6
2851	0	4
2852	0	5
2853	0	6
2854	2	6
2855	0	3
2857	0	6
2858	0	2
2859	1	4
2860	1	2
2861	1	4
2862	0	6
2863	0	10
2864	0	10
2865	1	3
2866	1	4
2867	1	2
2868	0	5
2869	0	6
2870	1	5
2871	1	2
2872	0	6
2873	1	7
2874	0	3
2875	2	5
2876	2	6
2877	1	6
2878	2	4
2879	1	7
2880	1	6
2881	1	6
2882	0	3
2883	1	2
2884	2	4
2885	3	5
2886	2	5
2887	0	9
2888	3	3
2889	2	2
2890	2	9
2891	2	3
2892	3	4
2893	0	7
2894	3	6
2895	0	5
2896	3	2
2897	5	4
2898	3	4
2899	5	3
2900	2	4
2901	4	6
2902	4	4
2903	2	2
2904	3	0
2905	1	3
2906	0	7
2907	1	4
2908	2	7
2909	2	4
2910	1	0
2911	2	2
2912	1	4
2913	3	6
2914	3	3
2915	4	6
2916	0	5
2917	2	5
2918	1	4
2919	3	4
2920	0	1
2921	1	6
2922	4	6
2923	3	3
2924	0	3
2925	1	4
2926	0	4
2927	1	4
2928	3	6
2929	1	2
2930	1	2
2931	1	3
2932	1	8
2933	0	6
2934	2	6
2935	0	2
2936	1	6
2937	0	2
2938	1	3
2939	1	4
2940	3	7
2941	0	5
2942	2	7
2943	1	2
2944	1	4
2945	0	6
2946	0	3
2947	0	7
2948	2	5
2949	1	3
2950	0	4
2951	0	9
2952	0	5
2953	3	3
2954	2	10
2955	1	5
2956	2	5
2957	0	6
2958	0	14
2959	0	2
2960	1	3
2961	3	7
2962	1	3
2963	0	4